id 0
F = [12, 76, 21, 11, 15, 11, 85, 17, 9, 16, 21, 64, 20, 16, 42, 15, 18, 16, 21, 46, 101, 53, 46, 42, 45, 25, 18, 20, 12, 86]
F2 = [19, 762, 208, 4277, 576, 69, 358, 835, 240, 74, 827, 198, 254, 12, 797, 87, 1044, 400, 1249, 156, 151, 209, 1218, 56, 216, 80, 201, 63, 21, 154]
T = [255200, 141400, 43400, 34400, 21400, 22000, 58000, 25200, 29400, 84500, 16700, 54100, 32600, 19600, 40700, 18800, 22900, 37700, 19900, 47300, 36000, 36000, 34200, 21000, 38000, 43100, 21000, 25700, 17600, 83500]
T2 = [24200, 718500, 159600, 3278600, 298100, 49300, 435000, 638800, 266000, 54200, 226700, 55900, 93400, 4100, 315700, 33800, 372100, 137300, 511300, 338500, 43800, 56400, 238500, 15300, 69400, 29300, 69000, 19400, 7400, 100700]

id 1
F = [50, 12, 22, 17, 34, 9, 45, 99, 23, 14, 34, 45, 108, 60, 12, 59, 21, 89, 25, 18, 22, 12, 90, 52, 30, 12, 45, 28, 25, 20]
F2 = [54, 77, 367, 430, 39, 748, 410, 1438, 234, 79, 422, 45, 13, 194, 1693, 840, 79, 18, 10, 78, 10, 395, 16, 210, 433, 433, 67, 12, 75, 398]
T = [116700, 24500, 44000, 5700, 13900, 5200, 32900, 34600, 9800, 8800, 14300, 26600, 39700, 26500, 4900, 21700, 11100, 34600, 14000, 11000, 9400, 8100, 31000, 16600, 11900, 7500, 24800, 12900, 10000, 10700]
T2 = [19200, 17400, 134400, 97700, 12600, 243100, 192900, 461600, 68300, 26200, 129500, 20300, 5100, 74700, 404000, 281600, 28600, 6400, 3500, 27300, 3100, 125100, 4000, 50600, 222300, 146500, 24400, 4000, 22600, 143300]

id 2
F = [47, 78, 17, 15, 94, 21, 46, 40, 30, 70, 19, 21, 84, 75, 94, 21, 35, 77, 101, 17, 31, 36, 43, 15, 82, 24, 21, 14, 22, 20]
F2 = [53, 683, 72, 264, 128, 767, 267, 229, 49, 518, 247, 11, 16, 323, 153, 215, 46, 1969, 347, 78, 69, 43, 207, 435, 18, 56, 78, 81, 9, 255]
T = [26700, 31300, 9000, 8600, 31800, 15800, 19400, 13900, 12500, 28800, 9900, 8000, 26500, 24200, 31500, 19700, 12300, 25300, 53300, 13800, 11400, 18100, 15600, 11600, 33200, 11200, 9900, 11300, 15800, 8500]
T2 = [24000, 228600, 24900, 96800, 37400, 327600, 78200, 65500, 14500, 204900, 77100, 3000, 4600, 91200, 43100, 138000, 13200, 557800, 179100, 39300, 19600, 18300, 59900, 190400, 5300, 16200, 22200, 29200, 4900, 72200]

id 3
F = [16, 63, 15, 21, 30, 45, 18, 19, 13, 18, 20, 15, 20, 17, 94, 14, 22, 25, 22, 19, 22, 10, 47, 14, 14, 11, 49, 85, 17, 19]
F2 = [168, 51, 261, 422, 21, 222, 437, 238, 69, 75, 9, 687, 12, 1327, 10, 417, 1017, 446, 233, 82, 60, 263, 806, 253, 102, 90, 216, 1592, 1391, 849]
T = [11400, 59300, 10700, 10700, 14100, 22500, 12200, 15500, 9100, 12200, 17300, 9100, 9900, 10800, 37600, 9500, 10500, 23100, 17500, 12600, 13000, 7600, 19600, 13100, 15700, 8600, 20700, 31900, 13100, 11800]
T2 = [67400, 23100, 96700, 150800, 7200, 77000, 201300, 95700, 23800, 33000, 4300, 239400, 4500, 516800, 4100, 168900, 395000, 156100, 100400, 28700, 20100, 99900, 282500, 98900, 35500, 38100, 73700, 552000, 489600, 414700]

id 4
F = [26, 53, 12, 20, 64, 10, 61, 94, 17, 52, 17, 18, 13, 63, 13, 66, 15, 16, 10, 104, 22, 56, 83, 21, 10, 45, 20, 63, 31, 59]
F2 = [64, 35, 618, 7, 1927, 260, 778, 899, 231, 141, 472, 444, 86, 47, 90, 209, 731, 251, 90, 304, 706, 232, 535, 789, 1470, 210, 381, 1298, 54, 358]
T = [13100, 21800, 7100, 9600, 25600, 7600, 27100, 40600, 10700, 21000, 8400, 10400, 7700, 25200, 7400, 25500, 8200, 8500, 5500, 39100, 13600, 23300, 36800, 11500, 15500, 17600, 9500, 24900, 21300, 33300]
T2 = [21900, 11900, 210700, 2700, 743400, 90900, 276800, 324500, 82500, 47900, 160600, 159500, 29200, 16200, 31000, 71200, 253400, 88000, 31400, 111800, 249100, 79700, 182600, 271900, 524900, 74100, 131800, 447900, 18500, 123500]

id 5
F = [17, 41, 49, 58, 29, 22, 15, 17, 59, 108, 12, 51, 24, 12, 13, 23, 43, 13, 42, 34, 120, 26, 73, 67, 12, 19, 16, 71, 61, 84]
F2 = [986, 688, 205, 2633, 425, 70, 758, 557, 38, 631, 10, 785, 241, 73, 230, 16, 418, 22, 752, 21, 311, 281, 359, 663, 77, 229, 73, 36, 876, 1359]
T = [10300, 22100, 20600, 24800, 17600, 22000, 10500, 9300, 28800, 46500, 8700, 23100, 13400, 12100, 12300, 10900, 23600, 10100, 19800, 15000, 45800, 11700, 26900, 27000, 6200, 9500, 13000, 27700, 28600, 39400]
T2 = [339700, 235600, 68800, 918400, 149200, 32900, 274500, 193200, 15400, 370600, 3800, 333300, 84500, 34100, 79400, 5500, 152900, 7500, 260600, 7300, 108400, 96200, 122000, 228000, 26600, 79600, 25600, 12300, 301700, 472400]

id 6
F = [17, 23, 27, 41, 20, 37, 127, 85, 62, 14, 16, 12, 38, 21, 16, 16, 17, 25, 12, 23, 21, 99, 17, 28, 27, 66, 16, 15, 12, 22]
F2 = [1005, 76, 64, 890, 1473, 13, 133, 161, 1904, 432, 1007, 84, 9, 249, 699, 10, 751, 591, 725, 398, 14, 685, 19, 1225, 472, 204, 14, 1674, 1421, 266]
T = [11100, 10700, 14600, 16800, 11500, 17400, 49200, 34400, 23900, 8800, 11300, 8400, 15500, 40800, 12000, 8400, 8300, 11800, 7500, 9900, 11500, 43600, 7800, 12400, 12400, 26500, 8300, 8200, 9100, 10900]
T2 = [362300, 26500, 29400, 307400, 537600, 4500, 46600, 54900, 692500, 149200, 347700, 28800, 3200, 85500, 240400, 3500, 263900, 203600, 253100, 136600, 4800, 236500, 6900, 450300, 162900, 73000, 4900, 589200, 497900, 91300]

id 7
F = [16, 33, 21, 23, 51, 23, 15, 20, 13, 18, 65, 63, 26, 18, 52, 20, 18, 69, 17, 41, 27, 83, 127, 47, 23, 16, 22, 47, 17, 40]
F2 = [67, 47, 63, 1334, 52, 752, 245, 240, 473, 85, 819, 398, 11, 17, 571, 229, 27, 197, 21, 51, 68, 754, 122, 231, 590, 219, 434, 185, 220, 2121]
T = [14800, 24900, 12900, 12000, 25400, 10500, 9100, 12100, 7200, 11100, 29200, 25600, 16400, 15200, 21100, 11000, 15100, 27200, 9300, 16400, 11600, 31600, 50400, 18900, 10800, 14900, 10700, 18100, 8900, 22200]
T2 = [24100, 17700, 40500, 468600, 20900, 260800, 85300, 81400, 162500, 29800, 286700, 135300, 4300, 6300, 198100, 78800, 9600, 70900, 7300, 18600, 24200, 263100, 46400, 79600, 202700, 74300, 151700, 63700, 75100, 729500]

id 8
F = [25, 14, 13, 84, 34, 50, 38, 55, 13, 18, 10, 27, 16, 81, 42, 17, 12, 57, 18, 88, 92, 109, 101, 14, 93, 22, 13, 46, 11, 18]
F2 = [76, 286, 186, 744, 10, 167, 12, 149, 15, 262, 223, 230, 860, 1604, 40, 931, 753, 38, 75, 164, 78, 687, 1133, 428, 313, 72, 85, 248, 76, 419]
T = [11000, 9100, 7700, 31900, 14600, 20300, 22600, 23300, 8000, 10300, 6600, 12100, 8800, 31100, 18000, 8700, 8000, 21600, 11400, 35900, 39900, 64000, 43000, 8700, 40400, 10900, 9800, 19400, 6500, 13100]
T2 = [27000, 97400, 64300, 265000, 3700, 58500, 6600, 51700, 5300, 88900, 77500, 78400, 301700, 555000, 14200, 339700, 262700, 13100, 26300, 58000, 26400, 241400, 397600, 152600, 131600, 24800, 38300, 89700, 26300, 160600]

id 9
F = [51, 96, 12, 13, 22, 13, 26, 33, 94, 17, 71, 44, 16, 72, 16, 16, 16, 23, 52, 15, 96, 15, 13, 28, 32, 10, 135, 14, 25, 65]
F2 = [261, 1535, 26, 77, 438, 233, 78, 221, 673, 238, 218, 213, 243, 233, 14, 9, 223, 232, 229, 756, 664, 77, 70, 261, 52, 83, 93, 179, 59, 190]
T = [21900, 36200, 7600, 6600, 11100, 10500, 16200, 15000, 36200, 12300, 27500, 18700, 8100, 26800, 8500, 8700, 13500, 10900, 21100, 8100, 41100, 11800, 13200, 15100, 22900, 9400, 51500, 12900, 14500, 28400]
T2 = [90700, 539700, 9300, 27000, 152500, 83700, 28300, 84400, 250100, 91900, 75400, 71900, 83100, 81700, 4900, 2900, 76100, 79800, 80800, 260700, 225900, 26400, 26800, 102300, 18600, 27500, 32000, 77300, 20000, 65500]

id 10
F = [39, 20, 17, 16, 17, 21, 20, 52, 21, 41, 28, 14, 124, 13, 68, 19, 16, 87, 12, 64, 40, 20, 16, 22, 23, 21, 16, 18, 21, 90]
F2 = [187, 233, 17, 753, 244, 53, 76, 229, 17, 215, 20, 431, 3533, 800, 773, 77, 13, 665, 226, 386, 842, 82, 812, 80, 17, 19, 247, 91, 1022, 339]
T = [18400, 11900, 10200, 9200, 11400, 14800, 15000, 21400, 10700, 18400, 14900, 10200, 45200, 7300, 26900, 9000, 10800, 38000, 7500, 24600, 22400, 13200, 8400, 17500, 16000, 12800, 9300, 10800, 14400, 34100]
T2 = [63900, 80800, 6100, 257900, 106700, 21600, 26400, 79100, 6300, 75900, 6900, 145400, 1231600, 278000, 285700, 26900, 4900, 270500, 231900, 137800, 322000, 31100, 287300, 27800, 6000, 6700, 84600, 31500, 366800, 116800]

id 11
F = [16, 90, 14, 21, 63, 18, 17, 12, 92, 19, 17, 22, 129, 36, 18, 20, 17, 64, 15, 23, 71, 13, 42, 65, 11, 145, 70, 63, 18, 27]
F2 = [1202, 134, 70, 227, 29, 8, 250, 249, 1413, 1393, 250, 245, 299, 32, 94, 246, 410, 164, 3718, 71, 208, 243, 242, 166, 263, 707, 206, 121, 10, 80]
T = [7900, 37100, 10100, 9900, 25500, 10000, 10100, 7400, 40600, 11100, 9500, 12400, 49600, 19500, 12900, 11100, 10000, 29500, 11800, 10900, 32800, 9100, 17500, 31500, 9300, 59000, 29800, 25800, 8500, 11900]
T2 = [411700, 45800, 36400, 79000, 10400, 2900, 86800, 90500, 502800, 479200, 86000, 99700, 108100, 15200, 31600, 83600, 145600, 57800, 1339200, 24700, 72000, 82400, 83600, 57100, 97200, 295400, 75300, 41700, 3300, 28300]

id 12
F = [13, 16, 22, 48, 15, 50, 21, 13, 48, 16, 28, 53, 39, 15, 20, 16, 50, 12, 24, 36, 30, 19, 24, 21, 13, 11, 86, 16, 39, 48]
F2 = [1375, 249, 236, 1872, 786, 1327, 253, 230, 934, 725, 731, 196, 60, 758, 247, 416, 199, 848, 229, 44, 41, 241, 1261, 439, 1713, 77, 173, 238, 47, 762]
T = [7100, 10500, 11200, 22700, 8900, 22900, 10000, 7200, 19100, 8600, 12400, 23900, 22200, 8900, 12100, 8100, 24000, 7300, 12700, 17600, 13300, 11000, 14500, 10000, 9300, 9200, 32400, 12300, 16400, 20600]
T2 = [475200, 86000, 111500, 638400, 269600, 462200, 87600, 84300, 333000, 249600, 250100, 67600, 21300, 265400, 89300, 146000, 69600, 304900, 79600, 15800, 14300, 90900, 566600, 154000, 587700, 27300, 68400, 82700, 16800, 267000]

id 13
F = [12, 13, 92, 49, 32, 13, 21, 17, 21, 20, 51, 19, 37, 110, 20, 13, 24, 20, 95, 21, 16, 100, 20, 12, 52, 16, 14, 13, 73, 16]
F2 = [566, 409, 370, 225, 28, 741, 72, 13, 246, 230, 128, 158, 63, 5, 74, 724, 228, 229, 333, 66, 15, 306, 11, 83, 221, 75, 393, 217, 348, 247]
T = [9300, 7100, 34100, 19900, 15700, 7200, 11800, 12000, 12400, 10100, 23700, 12000, 16200, 51500, 14200, 7400, 16000, 11700, 38700, 10900, 10700, 38300, 12800, 9000, 20900, 10900, 8200, 7600, 27900, 9400]
T2 = [198300, 149400, 129400, 77700, 11600, 250800, 32100, 4800, 83400, 80400, 50500, 54000, 22900, 2000, 40300, 247500, 117600, 78400, 138000, 22500, 5000, 105300, 5200, 28200, 77100, 29400, 136400, 74500, 120700, 86100]

id 14
F = [37, 26, 40, 23, 20, 44, 18, 17, 14, 40, 29, 22, 20, 39, 22, 20, 16, 32, 15, 54, 12, 96, 99, 23, 16, 96, 15, 49, 14, 31]
F2 = [229, 1702, 196, 55, 214, 1372, 244, 195, 2704, 57, 7, 784, 621, 144, 757, 407, 655, 54, 424, 53, 91, 16, 182, 230, 83, 682, 1437, 49, 252, 9]
T = [16600, 17300, 17300, 11900, 10700, 25300, 9800, 7600, 8000, 15800, 13400, 11800, 12000, 16400, 10500, 10600, 8400, 13800, 8100, 22400, 8700, 44400, 39300, 11100, 9000, 39100, 11000, 21800, 11300, 16200]
T2 = [78700, 600400, 78300, 19300, 74100, 493100, 119900, 67100, 943200, 20200, 2900, 267200, 217000, 49700, 266700, 145000, 223200, 19600, 147100, 18100, 31200, 6600, 63500, 83200, 30100, 233700, 504500, 23200, 96800, 3100]

id 15
F = [19, 20, 74, 22, 15, 15, 41, 11, 49, 14, 84, 50, 25, 19, 13, 30, 23, 58, 37, 20, 19, 12, 41, 75, 95, 17, 42, 51, 25, 17]
F2 = [1394, 406, 1566, 995, 260, 80, 217, 105, 369, 266, 1581, 948, 416, 252, 419, 224, 20, 200, 34, 1386, 399, 176, 225, 26, 175, 76, 259, 212, 731, 244]
T = [16800, 10300, 32700, 12800, 7900, 10400, 24400, 7800, 34200, 9000, 38500, 26600, 13800, 11300, 7400, 14900, 12100, 23300, 15300, 10300, 9500, 7600, 19200, 29400, 43100, 10300, 19400, 25800, 12100, 10100]
T2 = [544900, 222000, 867400, 358500, 89900, 27600, 91500, 43400, 146900, 95600, 845500, 336000, 144300, 108500, 172200, 80000, 7000, 69500, 11400, 484300, 142300, 64000, 77300, 9400, 60100, 26600, 93400, 74200, 252400, 84300]

id 16
F = [80, 15, 20, 93, 45, 10, 67, 46, 102, 11, 90, 12, 18, 83, 45, 19, 20, 49, 61, 64, 63, 17, 23, 45, 34, 13, 87, 14, 41, 10]
F2 = [688, 475, 10, 703, 46, 443, 391, 206, 1316, 849, 185, 70, 563, 166, 51, 1428, 218, 802, 37, 330, 385, 78, 715, 229, 8, 224, 8, 75, 61, 81]
T = [33100, 8700, 10600, 35400, 20400, 6700, 26700, 18500, 37500, 8200, 35400, 7200, 10300, 35400, 18500, 9400, 9600, 19800, 24400, 25500, 29600, 24600, 11800, 22200, 14200, 7000, 32500, 10700, 17200, 6900]
T2 = [236400, 164000, 3400, 241500, 16300, 161400, 134500, 70700, 458100, 316300, 64500, 24800, 194800, 58500, 22700, 493900, 74800, 285600, 12800, 113900, 131400, 27200, 251400, 82100, 3000, 76900, 3100, 26600, 22100, 31400]

id 17
F = [70, 42, 20, 17, 14, 24, 39, 14, 43, 79, 15, 16, 71, 17, 18, 14, 110, 55, 20, 28, 14, 18, 64, 13, 17, 45, 15, 42, 53, 27]
F2 = [130, 810, 1381, 990, 245, 261, 1210, 776, 9, 19, 245, 76, 1330, 76, 275, 3057, 168, 198, 12, 13, 2003, 67, 35, 239, 67, 737, 9, 721, 697, 205]
T = [22500, 17000, 10000, 10800, 10300, 14100, 13900, 9400, 23000, 27800, 9400, 9600, 32900, 10800, 7600, 6600, 36300, 18500, 8900, 11900, 9500, 9900, 19800, 12600, 11400, 22900, 15100, 23300, 17300, 14100]
T2 = [37700, 261900, 703200, 473100, 104400, 111100, 369400, 333600, 4000, 5300, 89400, 22000, 570600, 28900, 77300, 871800, 48600, 56300, 3400, 3500, 608200, 20700, 9600, 102400, 28400, 332700, 5200, 446600, 203600, 77000]

id 18
F = [11, 80, 20, 18, 22, 49, 15, 34, 49, 18, 17, 54, 50, 17, 87, 14, 94, 25, 58, 31, 18, 14, 18, 170, 41, 64, 19, 52, 93, 45]
F2 = [439, 354, 1155, 85, 284, 374, 368, 36, 1959, 417, 260, 2245, 588, 72, 1665, 243, 12, 11, 364, 7, 88, 455, 18, 75, 236, 193, 79, 50, 555, 969]
T = [20200, 70400, 19000, 18300, 13700, 29800, 8500, 23100, 37000, 9200, 10300, 25700, 21200, 8400, 34700, 8600, 36900, 13300, 24000, 19200, 15700, 10400, 9500, 61000, 17700, 28600, 10800, 30500, 35700, 23600]
T2 = [202200, 193100, 399500, 31900, 115900, 157200, 127600, 17900, 738600, 146800, 89200, 863300, 202500, 25400, 679700, 84700, 4100, 4200, 131500, 2400, 42400, 160700, 6300, 25500, 82900, 66500, 26800, 24200, 196100, 427400]

id 19
F = [71, 30, 14, 63, 91, 22, 11, 16, 19, 14, 63, 40, 46, 69, 16, 21, 16, 12, 20, 17, 22, 61, 15, 55, 29, 24, 57, 21, 16, 24]
F2 = [397, 61, 17, 386, 170, 169, 81, 1057, 10, 923, 30, 3433, 226, 579, 12, 15, 81, 68, 81, 270, 245, 1472, 492, 405, 79, 9, 59, 764, 177, 981]
T = [41400, 17100, 8000, 25100, 63100, 11300, 7300, 14600, 9300, 10100, 29700, 18500, 18700, 26100, 9400, 9600, 8800, 7600, 10600, 11300, 15000, 23400, 9000, 26000, 14000, 15800, 27100, 10400, 10300, 14600]
T2 = [175900, 23800, 8100, 135700, 69900, 72200, 29000, 567700, 3500, 397100, 13000, 1183800, 78600, 199100, 4400, 5400, 28100, 26600, 28200, 119500, 87000, 527500, 171300, 154600, 26900, 4000, 26000, 280100, 72600, 438200]

