id 0
F = [12, 16, 44, 33, 55, 17, 15, 20, 101, 44, 36, 13, 20, 17, 16, 13, 24, 72, 20, 24, 36, 11, 15, 57, 15, 23, 23, 17, 24, 18]
F2 = [87, 445, 465, 1470, 247, 16, 95, 16, 160, 229, 60, 275, 279, 230, 18, 272, 13, 369, 448, 482, 65, 877, 263, 212, 263, 86, 436, 266, 99, 104]
T = [100400, 186800, 53800, 115900, 44100, 24200, 31200, 1297500, 109800, 84900, 26300, 20200, 33300, 28300, 33800, 32800, 33200, 62100, 29800, 36000, 23900, 20400, 23100, 34900, 21700, 63800, 24500, 21700, 21400, 20500]
T2 = [176800, 994800, 885800, 758100, 88400, 7800, 193600, 8300, 66100, 81600, 19700, 76800, 80800, 84800, 18300, 108300, 4400, 147100, 134900, 206100, 16600, 239100, 67400, 56300, 91800, 35000, 140900, 92900, 26100, 39400]

id 1
F = [10, 14, 20, 22, 32, 27, 9, 25, 12, 36, 12, 22, 16, 10, 15, 65, 45, 24, 30, 19, 24, 91, 20, 100, 47, 64, 25, 14, 15, 22]
F2 = [450, 80, 240, 92, 67, 456, 93, 1051, 100, 63, 24, 455, 440, 292, 88, 36, 1447, 242, 12, 260, 90, 18, 100, 191, 54, 195, 26, 77, 117, 14]
T = [20900, 103900, 19000, 16400, 17400, 19900, 5200, 14800, 7300, 15000, 11500, 17700, 6100, 8600, 17400, 18600, 12000, 8200, 8700, 6200, 12700, 35500, 11800, 56900, 18400, 37700, 18400, 14800, 9000, 15700]
T2 = [259900, 35900, 89000, 40700, 26000, 184400, 19400, 388600, 31300, 14600, 8700, 256200, 76100, 127700, 61400, 6900, 302900, 47300, 2100, 43600, 32900, 6300, 32700, 102000, 17700, 100300, 12300, 23800, 41800, 7600]

id 2
F = [31, 39, 50, 32, 19, 19, 37, 14, 28, 21, 94, 11, 58, 82, 45, 13, 43, 18, 42, 59, 14, 18, 18, 13, 69, 44, 18, 24, 36, 34]
F2 = [12, 6, 62, 12, 21, 1076, 44, 244, 104, 16, 16, 483, 1420, 29, 851, 890, 234, 88, 241, 1447, 446, 17, 246, 91, 1016, 208, 91, 94, 30, 55]
T = [12200, 20000, 35000, 23600, 12400, 13700, 23400, 10800, 27500, 14700, 52600, 10300, 35500, 69100, 32100, 9900, 40900, 11000, 21900, 38400, 11000, 15300, 18300, 8800, 31900, 19400, 10100, 12300, 18400, 27000]
T2 = [4000, 2600, 33900, 7000, 10300, 700400, 20200, 119200, 56100, 9100, 7500, 335500, 10071100, 16700, 309000, 413300, 99900, 34400, 95100, 667400, 161800, 8300, 194200, 33800, 625200, 75400, 33800, 36200, 11300, 20600]

id 3
F = [20, 17, 16, 143, 66, 58, 12, 15, 107, 27, 49, 19, 18, 83, 55, 18, 23, 15, 48, 52, 46, 92, 57, 66, 40, 13, 16, 99, 89, 71]
F2 = [411, 83, 1421, 135, 48, 977, 23, 103, 10, 15, 213, 78, 280, 27, 234, 77, 725, 796, 712, 220, 61, 164, 859, 236, 245, 3620, 271, 372, 6, 34]
T = [13100, 13300, 9400, 77000, 34400, 49900, 13900, 16000, 56000, 18600, 33500, 12700, 21600, 74800, 43200, 19200, 16500, 15700, 34200, 24100, 25900, 48000, 31900, 36300, 24100, 11000, 13900, 35300, 30600, 39400]
T2 = [180200, 41100, 541100, 68900, 20300, 440700, 18900, 53600, 10900, 7900, 103800, 35200, 112900, 12400, 125200, 33300, 302600, 415500, 461600, 80000, 32500, 76500, 406400, 111200, 115500, 1627600, 150500, 132400, 1900, 15100]

id 4
F = [15, 18, 22, 17, 24, 25, 38, 76, 19, 24, 17, 20, 20, 18, 25, 15, 17, 83, 16, 55, 11, 111, 19, 19, 25, 86, 23, 15, 19, 14]
F2 = [14, 18, 107, 286, 259, 81, 11, 203, 252, 83, 107, 81, 769, 17, 94, 85, 263, 366, 410, 868, 479, 8, 300, 27, 16, 190, 465, 1630, 92, 269]
T = [10700, 14600, 12400, 11900, 22000, 22000, 18400, 48200, 13500, 16500, 18300, 12300, 18900, 15800, 13100, 10400, 12400, 45100, 10900, 25100, 8200, 45200, 11400, 14700, 19400, 58400, 14800, 11800, 14500, 21200]
T2 = [6800, 7800, 42800, 122500, 166700, 30000, 4100, 87200, 123300, 38100, 47200, 30000, 489000, 12400, 35100, 33200, 124700, 206700, 207800, 314300, 180600, 2800, 115900, 17500, 34400, 125900, 169300, 806200, 34000, 174300]

id 5
F = [22, 107, 18, 16, 42, 90, 16, 23, 48, 16, 14, 88, 21, 41, 22, 47, 19, 19, 48, 16, 47, 23, 87, 35, 14, 19, 52, 18, 23, 25]
F2 = [79, 363, 237, 832, 255, 19, 818, 73, 69, 19, 440, 804, 100, 62, 301, 65, 95, 234, 257, 92, 66, 441, 1650, 25, 243, 21, 422, 89, 85, 90]
T = [56200, 42600, 10200, 8900, 20700, 35100, 9900, 12800, 24500, 8500, 13600, 47300, 10800, 18100, 13200, 25800, 11100, 9900, 20700, 10400, 20800, 14500, 36100, 18300, 8800, 12300, 35200, 11100, 11400, 12800]
T2 = [28900, 127900, 84000, 298600, 92400, 7000, 293100, 25700, 25600, 7700, 157400, 287500, 36800, 22100, 107900, 23200, 46700, 84300, 92400, 34300, 23700, 164000, 631300, 9300, 87600, 8400, 185900, 32500, 31200, 32800]

id 6
F = [48, 105, 96, 65, 15, 45, 20, 39, 15, 20, 23, 87, 31, 11, 15, 75, 42, 47, 11, 17, 19, 18, 32, 46, 41, 15, 23, 11, 57, 17]
F2 = [60, 784, 414, 61, 1407, 242, 15, 121, 102, 223, 90, 170, 35, 242, 93, 831, 844, 765, 447, 826, 101, 275, 108, 1418, 221, 16, 76, 279, 446, 1428]
T = [23400, 42000, 39800, 27000, 12900, 25000, 13500, 17600, 8900, 15500, 12100, 39200, 18200, 7000, 8200, 31600, 21500, 22400, 6000, 9300, 8800, 9300, 15200, 19900, 17300, 7900, 10900, 5700, 25000, 16500]
T2 = [21800, 286300, 147000, 21800, 507500, 89000, 5900, 43100, 37300, 79100, 33800, 61800, 13600, 87100, 33500, 296700, 312500, 275900, 163600, 299300, 37200, 98900, 38200, 509300, 80300, 6800, 27500, 101700, 160500, 513900]

id 7
F = [48, 23, 21, 62, 15, 16, 13, 19, 18, 87, 49, 23, 14, 15, 16, 13, 41, 17, 16, 11, 61, 13, 16, 17, 15, 29, 17, 27, 21, 49]
F2 = [44, 15, 289, 47, 752, 1046, 462, 244, 253, 33, 471, 759, 439, 116, 99, 81, 1061, 244, 900, 454, 399, 99, 98, 261, 77, 54, 891, 13, 453, 254]
T = [21300, 11400, 11100, 31800, 13100, 10800, 12400, 13300, 11600, 43900, 21700, 14600, 9500, 11700, 9000, 10100, 22900, 12600, 12500, 8300, 26100, 9800, 13800, 9700, 9500, 13600, 8300, 14200, 10500, 22300]
T2 = [16200, 5900, 105400, 24600, 269100, 386000, 184100, 87800, 91000, 15400, 167300, 326900, 161200, 43000, 40000, 30300, 418700, 109400, 390800, 164400, 141000, 42900, 45100, 94300, 27400, 20000, 318800, 5500, 160600, 90400]

id 8
F = [37, 20, 11, 14, 90, 55, 20, 45, 44, 47, 14, 18, 85, 98, 14, 53, 9, 63, 18, 25, 24, 18, 15, 12, 14, 41, 20, 31, 30, 40]
F2 = [251, 280, 16, 87, 161, 859, 806, 434, 87, 225, 715, 475, 41, 5, 14, 55, 102, 483, 285, 17, 13, 87, 16, 739, 102, 216, 449, 23, 16, 418]
T = [17500, 9700, 6200, 25600, 38200, 24300, 33300, 20400, 20200, 20100, 7300, 9500, 34600, 38500, 8400, 23100, 6300, 25700, 9600, 12300, 11700, 10200, 14600, 7000, 10200, 19200, 11500, 19600, 16700, 26500]
T2 = [106900, 100700, 6900, 49400, 60600, 315400, 330200, 293900, 32200, 79300, 268800, 169000, 14800, 1600, 5500, 19600, 37100, 171500, 100500, 6800, 5100, 31700, 13900, 269100, 38600, 76500, 162100, 9300, 6400, 203100]

id 9
F = [91, 22, 29, 94, 19, 63, 19, 19, 12, 47, 24, 20, 23, 21, 15, 12, 15, 58, 16, 14, 16, 22, 42, 17, 16, 18, 17, 59, 51, 17]
F2 = [183, 11, 68, 24, 103, 425, 254, 90, 18, 244, 255, 15, 444, 1605, 96, 23, 102, 400, 90, 467, 426, 260, 62, 12, 1394, 254, 869, 1457, 720, 90]
T = [1734600, 12500, 15000, 38800, 16700, 27000, 10500, 13400, 9400, 22900, 11400, 9800, 11100, 10500, 8100, 9700, 8500, 23600, 8400, 8100, 9200, 10600, 19100, 9900, 9400, 10200, 11900, 32600, 29000, 10500]
T2 = [81000, 4700, 25000, 8400, 44300, 152100, 90600, 33200, 7900, 86700, 91800, 5800, 158000, 619000, 35700, 10900, 37900, 140900, 32400, 168000, 156600, 95900, 23200, 4500, 509000, 91300, 310400, 629700, 310300, 32900]

id 10
F = [20, 15, 18, 47, 17, 21, 15, 53, 25, 13, 14, 17, 20, 9, 26, 20, 51, 85, 17, 24, 52, 50, 13, 25, 24, 37, 22, 11, 55, 21]
F2 = [1579, 727, 273, 235, 439, 881, 458, 761, 16, 15, 409, 24, 267, 85, 19, 404, 74, 200, 270, 441, 266, 61, 236, 766, 90, 98, 764, 88, 423, 83]
T = [12300, 8000, 8900, 23700, 13600, 12200, 8300, 24400, 18600, 11500, 23900, 10300, 10300, 7400, 15100, 10300, 28200, 35600, 8800, 13000, 23200, 24600, 15500, 12300, 13000, 23800, 16900, 7600, 24200, 12000]
T2 = [568200, 259100, 100400, 83700, 168300, 321500, 165600, 271400, 7400, 6900, 192800, 9200, 98800, 31600, 8200, 174900, 59500, 70500, 95900, 161500, 95200, 22000, 89700, 301300, 33000, 41400, 331100, 32900, 151000, 29600]

id 11
F = [11, 17, 24, 83, 37, 66, 19, 11, 18, 13, 15, 56, 19, 43, 28, 13, 9, 121, 13, 15, 54, 46, 15, 15, 14, 55, 21, 29, 19, 16]
F2 = [109, 94, 89, 29, 725, 764, 80, 1441, 101, 102, 25, 685, 88, 57, 23, 93, 757, 61, 25, 291, 404, 63, 274, 437, 95, 66, 285, 34, 241, 264]
T = [11500, 8200, 11800, 36300, 18800, 28100, 10100, 6400, 10000, 7900, 8500, 24300, 9800, 18800, 12400, 8200, 7300, 48200, 8600, 14400, 28200, 27100, 10800, 8600, 9200, 27800, 10400, 14700, 13200, 8800]
T2 = [60800, 34400, 32600, 11300, 257900, 333400, 29600, 619300, 36700, 36800, 10200, 243100, 32400, 20500, 8200, 35600, 272300, 21900, 10200, 106000, 158200, 26800, 98500, 158600, 36100, 23400, 102600, 12400, 113700, 100300]

id 12
F = [53, 14, 18, 14, 17, 18, 103, 19, 17, 26, 51, 17, 19, 18, 21, 21, 29, 107, 42, 16, 14, 14, 20, 30, 16, 17, 20, 38, 18, 17]
F2 = [67, 100, 1381, 16, 92, 84, 8, 115, 266, 14, 458, 778, 15, 17, 283, 104, 33, 161, 62, 107, 265, 92, 260, 15, 73, 99, 16, 104, 259, 251]
T = [23900, 8000, 12200, 8200, 9200, 9700, 53800, 9700, 11000, 12300, 22100, 9600, 12200, 9200, 10200, 11100, 13800, 43900, 22800, 10900, 9400, 8500, 9600, 14300, 14000, 8400, 11000, 19700, 15400, 8700]
T2 = [23200, 36300, 535900, 6500, 33300, 32000, 4000, 42000, 95200, 5400, 167400, 278800, 6700, 7000, 111200, 38100, 12400, 57500, 32100, 40300, 94900, 40800, 94700, 6500, 26800, 37300, 6600, 38200, 94300, 90100]

id 13
F = [12, 21, 59, 11, 18, 13, 10, 18, 51, 18, 24, 17, 11, 46, 24, 17, 15, 45, 17, 45, 15, 79, 24, 42, 71, 18, 187, 53, 17, 16]
F2 = [270, 605, 207, 756, 289, 920, 26, 427, 427, 449, 13, 262, 1625, 219, 13, 19, 852, 248, 436, 374, 23, 192, 866, 51, 425, 85, 83, 46, 2640, 754]
T = [140200, 11200, 26900, 6700, 10900, 10200, 6000, 14600, 22700, 9500, 12300, 10500, 7100, 26300, 18900, 10000, 17100, 21100, 9900, 24300, 8500, 31800, 11800, 26200, 35400, 11900, 78500, 23400, 10100, 8900]
T2 = [124000, 236900, 77100, 271700, 132100, 328900, 12800, 165300, 157000, 161900, 5100, 111800, 588700, 104400, 5400, 7800, 315300, 96100, 186000, 148800, 13000, 68800, 310400, 18700, 181400, 37100, 30100, 16600, 1001000, 275500]

id 14
F = [34, 49, 21, 60, 21, 37, 44, 28, 31, 25, 15, 40, 58, 70, 51, 53, 88, 16, 17, 14, 12, 13, 47, 10, 25, 14, 60, 16, 14, 12]
F2 = [68, 1418, 93, 200, 280, 59, 405, 878, 15, 873, 109, 58, 242, 185, 226, 789, 400, 473, 1414, 273, 451, 86, 234, 857, 799, 283, 243, 70, 278, 22]
T = [19300, 20900, 12200, 25900, 9600, 19000, 21500, 14100, 14500, 15000, 8700, 18000, 26700, 28900, 22100, 23600, 38700, 11400, 10300, 10300, 9100, 9300, 21100, 8500, 13200, 8600, 25400, 10400, 11200, 7900]
T2 = [45300, 537900, 34600, 72700, 109400, 21200, 199800, 314200, 5300, 314600, 39500, 21400, 87100, 65100, 82100, 280100, 142600, 195100, 535800, 130500, 161000, 31200, 84000, 370300, 291900, 101400, 87300, 26000, 101300, 9000]

id 15
F = [51, 40, 19, 21, 18, 14, 14, 16, 52, 19, 41, 34, 15, 83, 75, 13, 100, 59, 19, 19, 19, 97, 56, 22, 13, 45, 23, 27, 18, 14]
F2 = [1428, 41, 243, 82, 838, 18, 465, 436, 241, 77, 240, 17, 239, 1436, 210, 15, 957, 49, 436, 865, 791, 177, 47, 878, 1013, 416, 12, 37, 979, 267]
T = [24200, 28300, 12700, 14800, 13600, 7300, 8700, 8700, 27900, 15400, 26800, 15300, 12300, 40100, 31300, 12200, 60900, 25800, 10700, 9500, 8400, 39500, 25800, 11600, 9300, 22000, 12700, 12900, 9700, 8300]
T2 = [507800, 16700, 116700, 43300, 339200, 8100, 168100, 155300, 107100, 29100, 100600, 6600, 86300, 548300, 74600, 7500, 674800, 17300, 206700, 311600, 289200, 65600, 17000, 318700, 412700, 156900, 5000, 13700, 366700, 96400]

id 16
F = [18, 100, 19, 14, 51, 21, 13, 22, 13, 18, 99, 19, 15, 23, 10, 18, 27, 19, 12, 16, 22, 22, 51, 53, 15, 20, 15, 93, 36, 19]
F2 = [18, 859, 289, 19, 226, 1714, 263, 444, 88, 97, 11, 96, 84, 264, 23, 83, 52, 80, 455, 106, 86, 429, 65, 233, 84, 20, 93, 13, 117, 771]
T = [9600, 40000, 10700, 13200, 22600, 10000, 8200, 11500, 7300, 9600, 39200, 9800, 9500, 11100, 8200, 9800, 15300, 10100, 8200, 9000, 11500, 21000, 25200, 24100, 11300, 11200, 8400, 36600, 16700, 9300]
T2 = [7600, 308500, 108600, 8500, 84900, 650600, 94100, 162100, 39700, 38800, 4100, 35600, 30900, 95400, 9400, 30600, 29400, 29200, 167300, 39300, 31800, 157900, 23400, 83800, 31400, 8100, 40700, 4500, 42000, 279000]

id 17
F = [18, 16, 16, 44, 14, 19, 22, 41, 43, 24, 91, 25, 10, 20, 36, 18, 9, 14, 17, 37, 15, 16, 64, 19, 23, 79, 22, 36, 19, 44]
F2 = [430, 426, 101, 818, 98, 293, 79, 53, 414, 20, 1648, 271, 409, 751, 56, 14, 880, 271, 274, 10, 96, 244, 241, 16, 83, 32, 16, 18, 88, 58]
T = [11100, 12500, 14000, 24900, 11400, 20000, 11900, 22500, 18700, 17000, 67100, 14900, 5900, 9800, 15700, 8900, 6400, 6600, 8600, 15100, 8000, 9700, 25000, 11100, 10100, 30700, 16400, 25300, 12200, 32600]
T2 = [205900, 219900, 47100, 498400, 45000, 154500, 28800, 30100, 122400, 12000, 788800, 121900, 122100, 253800, 18800, 5800, 301100, 79800, 80100, 3000, 41200, 81600, 102500, 8800, 25500, 10000, 9800, 10300, 40400, 29600]

id 18
F = [17, 18, 23, 80, 15, 18, 11, 20, 15, 16, 13, 29, 42, 40, 16, 67, 15, 18, 52, 50, 46, 19, 93, 88, 42, 65, 14, 21, 17, 11]
F2 = [98, 96, 86, 198, 1429, 72, 233, 85, 404, 448, 227, 12, 754, 433, 99, 48, 15, 744, 443, 405, 768, 81, 8, 891, 242, 891, 100, 248, 282, 455]
T = [11800, 10300, 12900, 36400, 10300, 9600, 13900, 11700, 11100, 10600, 13500, 14200, 19600, 26200, 12900, 35800, 9000, 9900, 27200, 21500, 22100, 9500, 74600, 35300, 18700, 27400, 8000, 11000, 11600, 10300]
T2 = [37100, 34300, 32600, 79400, 514600, 26900, 112200, 31500, 183600, 187100, 115600, 5100, 268400, 209400, 36600, 20400, 5600, 268800, 157800, 147100, 270400, 29100, 9100, 320000, 87000, 322800, 36500, 90000, 100000, 163300]

id 19
F = [78, 14, 65, 18, 69, 19, 35, 17, 18, 25, 15, 95, 11, 13, 20, 11, 37, 23, 18, 43, 16, 22, 14, 62, 26, 108, 102, 10, 36, 13]
F2 = [748, 84, 198, 268, 50, 80, 729, 1021, 834, 97, 21, 705, 100, 22, 260, 103, 80, 13, 477, 443, 22, 91, 96, 853, 16, 208, 201, 445, 28, 252]
T = [39300, 10200, 26700, 9600, 30400, 16700, 17400, 9400, 11200, 17000, 10400, 49500, 8800, 8100, 10900, 7200, 46700, 15600, 13400, 20600, 10500, 12400, 8000, 31500, 27100, 46500, 41700, 9800, 18200, 10100]
T2 = [273200, 57100, 76100, 99400, 18200, 29800, 259100, 494400, 588400, 40400, 8400, 290200, 150800, 9100, 93500, 38700, 42500, 6100, 223400, 161500, 8100, 33200, 44300, 382500, 14100, 73900, 84200, 172000, 10500, 90200]

