id 0
F = [42, 64, 158, 41, 13, 51, 30, 21, 10, 75, 76, 20, 16, 20, 96, 21, 29, 64, 20, 23, 25, 31, 14, 22, 19, 16, 34, 16, 21, 14]
F2 = [1698, 309, 140, 45, 65, 176, 24, 852, 13, 153, 215, 2316, 212, 404, 1745, 10, 30, 942, 11, 1536, 84, 173, 260, 697, 1104, 580, 9, 9, 243, 81]
T = [283200, 121700, 199500, 26500, 11800, 31200, 23900, 53300, 9200, 91800, 66200, 11800, 8400, 13200, 48800, 14200, 15600, 18600, 12200, 15400, 11700, 25500, 805100, 20900, 23300, 13300, 26600, 12400, 22400, 18600]
T2 = [5022300, 298700, 450300, 24600, 43200, 10399400, 41900, 372400, 5900, 62700, 156700, 878300, 67500, 171000, 941100, 5100, 10500, 236100, 4400, 548300, 22500, 839300, 2421100, 365900, 2481500, 159100, 2400, 2300, 61600, 21700]

id 1
F = [42, 26, 15, 15, 21, 14, 108, 50, 18, 19, 19, 21, 67, 45, 12, 31, 17, 40, 53, 19, 15, 42, 22, 17, 35, 15, 18, 68, 59, 26]
F2 = [50, 597, 80, 69, 451, 105, 153, 174, 1401, 331, 444, 921, 379, 812, 82, 15, 331, 225, 48, 230, 971, 250, 12, 8, 681, 887, 224, 610, 204, 908]
T = [48900, 19800, 13800, 10700, 19500, 10300, 34900, 22700, 9000, 13100, 19500, 16600, 25800, 16900, 6800, 13900, 13500, 18800, 24100, 8800, 13400, 15400, 9600, 8400, 29500, 14800, 8400, 42800, 32200, 16800]
T2 = [17900, 234700, 41200, 37800, 176700, 51700, 45400, 53000, 438200, 97500, 149100, 285800, 110800, 279400, 24700, 4700, 98300, 66000, 17200, 67800, 363500, 74000, 3500, 2500, 381100, 462400, 65000, 357100, 95700, 426900]

id 2
F = [15, 17, 91, 93, 79, 29, 144, 24, 19, 38, 69, 12, 48, 52, 90, 151, 15, 20, 84, 40, 45, 49, 10, 15, 22, 23, 19, 19, 9, 10]
F2 = [123, 1292, 11, 4810, 362, 210, 136, 96, 455, 239, 25, 114, 256, 173, 151, 88, 265, 244, 963, 50, 46, 598, 79, 17, 196, 65, 61, 77, 538, 863]
T = [85600, 10100, 35700, 35500, 33000, 14100, 59300, 12500, 10600, 17100, 30700, 7000, 22600, 23900, 36500, 65800, 8100, 17200, 46400, 23200, 23600, 22300, 6700, 8500, 11600, 15600, 9600, 10700, 6900, 6000]
T2 = [62400, 475500, 3800, 1732700, 127800, 80200, 51900, 33300, 221800, 84500, 9000, 40600, 91800, 60300, 53700, 30900, 96900, 107700, 396400, 20300, 19400, 214900, 27400, 6500, 70900, 23500, 21300, 28600, 193600, 316600]

id 3
F = [56, 50, 15, 85, 59, 12, 12, 10, 11, 11, 21, 86, 19, 61, 43, 36, 17, 47, 101, 17, 11, 13, 13, 35, 23, 32, 51, 35, 67, 16]
F2 = [43, 49, 76, 869, 208, 417, 22, 23, 329, 1049, 276, 2054, 28, 44, 268, 227, 187, 341, 14, 198, 84, 261, 70, 292, 277, 469, 184, 655, 189, 207]
T = [22800, 35400, 9800, 64000, 20000, 10300, 9700, 13100, 7800, 8500, 12300, 43400, 12700, 29700, 30600, 23200, 10600, 24700, 47500, 11000, 16300, 14500, 7500, 12600, 9600, 13100, 35400, 13300, 22100, 7900]
T2 = [13000, 23600, 33700, 596100, 60900, 186900, 12200, 16600, 114600, 490300, 128800, 1073000, 13000, 19200, 152000, 114600, 80700, 148000, 6300, 86000, 58000, 140300, 22300, 85700, 81800, 136900, 85900, 210000, 55200, 60500]

id 4
F = [18, 16, 87, 12, 17, 16, 15, 21, 17, 76, 12, 29, 17, 41, 96, 55, 16, 88, 46, 13, 50, 78, 39, 13, 62, 10, 14, 24, 94, 95]
F2 = [16, 206, 24, 25, 171, 331, 79, 8, 861, 192, 1543, 85, 91, 162, 586, 52, 252, 128, 597, 258, 236, 13, 267, 319, 813, 29, 100, 425, 20, 166]
T = [12000, 13200, 34000, 13500, 15200, 10100, 10800, 14600, 10900, 32900, 11300, 15500, 9400, 21700, 71100, 35600, 15300, 48300, 26900, 24500, 35300, 37700, 23600, 11600, 31800, 13800, 24700, 14200, 46600, 42900]
T2 = [6200, 121700, 8500, 9300, 102600, 117800, 35600, 3600, 366200, 67200, 703500, 33900, 32700, 58400, 217300, 24500, 117900, 55400, 288700, 99400, 182200, 6000, 139100, 142200, 892500, 11100, 44700, 166200, 11000, 60200]

id 5
F = [19, 35, 105, 15, 40, 19, 13, 16, 68, 19, 108, 37, 20, 43, 63, 15, 16, 26, 17, 27, 69, 61, 23, 32, 24, 89, 54, 49, 11, 40]
F2 = [738, 643, 19, 295, 585, 1482, 262, 884, 404, 351, 82, 40, 405, 472, 4597, 112, 795, 635, 2, 21, 835, 53, 371, 250, 323, 183, 830, 420, 93, 434]
T = [10200, 16000, 41100, 8100, 19700, 11200, 9300, 9500, 28500, 11000, 44900, 18700, 11300, 19300, 26100, 26700, 9700, 17200, 13100, 13400, 28300, 29600, 14300, 15200, 19400, 37000, 34500, 27500, 9800, 24500]
T2 = [276200, 229900, 7000, 106500, 214000, 532600, 92100, 324400, 145000, 132000, 30300, 14400, 156200, 170500, 1633900, 189700, 302000, 245800, 900, 7500, 298200, 19000, 166900, 92500, 125600, 92600, 358900, 159100, 33200, 198500]

id 6
F = [19, 74, 15, 15, 13, 44, 74, 13, 118, 13, 18, 18, 74, 17, 13, 34, 42, 35, 25, 84, 51, 19, 13, 39, 103, 75, 42, 72, 26, 51]
F2 = [272, 462, 291, 410, 76, 141, 674, 1100, 297, 386, 13, 1491, 357, 1434, 715, 10, 711, 1209, 10, 172, 1449, 243, 940, 46, 149, 1262, 273, 561, 610, 701]
T = [10800, 31400, 9400, 10200, 10600, 18600, 30100, 9800, 51000, 14400, 17500, 15500, 33700, 9600, 8200, 24300, 31800, 30700, 13200, 39600, 22500, 11400, 14200, 22300, 43200, 30800, 22200, 29900, 13400, 22500]
T2 = [100500, 162500, 109400, 149600, 30200, 50300, 251400, 437000, 105900, 135100, 7300, 532900, 127600, 553200, 252800, 4500, 336400, 499900, 3800, 74200, 569800, 87300, 343600, 16900, 52100, 452300, 96000, 200900, 217300, 249700]

id 7
F = [74, 50, 16, 17, 12, 15, 14, 15, 53, 32, 80, 57, 18, 55, 43, 99, 116, 16, 19, 12, 19, 126, 39, 15, 70, 20, 15, 12, 26, 31]
F2 = [178, 56, 925, 635, 4690, 302, 790, 155, 207, 25, 1091, 1525, 477, 372, 262, 192, 441, 307, 360, 311, 80, 1471, 52, 226, 421, 213, 334, 463, 39, 28]
T = [30800, 22300, 9000, 9300, 7400, 10600, 10900, 10900, 22500, 15600, 38200, 28800, 15300, 24300, 26700, 41100, 90100, 10300, 15500, 9400, 17300, 55700, 17500, 53600, 31800, 10900, 9900, 9800, 14200, 15500]
T2 = [62700, 21100, 331700, 228500, 1798700, 109200, 286200, 54900, 78100, 9300, 649100, 654200, 169100, 132800, 100700, 68200, 329800, 109100, 146800, 113400, 28300, 633000, 19400, 94000, 182000, 90600, 119500, 203500, 14400, 9900]

id 8
F = [27, 35, 32, 55, 93, 57, 16, 16, 13, 54, 45, 69, 13, 51, 11, 17, 19, 20, 51, 24, 10, 34, 22, 47, 12, 55, 12, 59, 45, 30]
F2 = [743, 391, 45, 747, 31, 1211, 13, 998, 420, 317, 351, 201, 291, 182, 18, 176, 26, 13, 964, 73, 207, 33, 80, 388, 15, 187, 1811, 443, 366, 66]
T = [17000, 44600, 16600, 26100, 48100, 28200, 12800, 11200, 8700, 26500, 20700, 28100, 11200, 26800, 12100, 12300, 11400, 10400, 20800, 16800, 7900, 16000, 11700, 20500, 8100, 24000, 7300, 24300, 24600, 15400]
T2 = [287200, 206100, 16900, 275300, 12500, 428400, 5000, 353500, 151800, 111000, 126400, 79100, 112500, 82700, 6500, 62100, 9700, 4900, 341900, 28900, 73200, 11800, 28200, 142400, 6300, 67500, 696000, 160100, 130000, 23800]

id 9
F = [14, 47, 10, 32, 44, 17, 14, 85, 14, 25, 17, 29, 107, 45, 15, 55, 16, 38, 19, 19, 28, 18, 39, 48, 87, 70, 85, 14, 14, 57]
F2 = [208, 171, 14, 13, 656, 572, 507, 204, 20, 1081, 334, 562, 152, 51, 950, 188, 195, 10, 257, 1987, 8, 245, 187, 1474, 344, 1170, 117, 248, 266, 614]
T = [12800, 26300, 13200, 23400, 23500, 9800, 9700, 49100, 13800, 27600, 10900, 19300, 51800, 29400, 13100, 31000, 9300, 18800, 12400, 12300, 19700, 12500, 20400, 21200, 37100, 31400, 33300, 10200, 12100, 25300]
T2 = [74000, 73900, 6200, 6100, 245400, 202900, 184900, 91900, 10400, 1210200, 160600, 229700, 81800, 30200, 438700, 251000, 70300, 3800, 93700, 833600, 4200, 97500, 68100, 532500, 172000, 424400, 42400, 170600, 101200, 223200]

id 10
F = [10, 16, 11, 62, 45, 18, 17, 12, 15, 20, 84, 15, 12, 11, 51, 15, 11, 86, 29, 12, 14, 26, 79, 22, 95, 52, 111, 80, 14, 101]
F2 = [270, 1716, 456, 225, 1443, 281, 70, 612, 465, 309, 711, 69, 27, 212, 710, 166, 746, 658, 327, 831, 483, 89, 157, 73, 112, 700, 309, 403, 1336, 141]
T = [71000, 8700, 8300, 37600, 20200, 11000, 10000, 8200, 8800, 11900, 34200, 8500, 7500, 6500, 22200, 13500, 13900, 38400, 13100, 8300, 9300, 12500, 38600, 12300, 53600, 28300, 43100, 33600, 9100, 66300]
T2 = [96700, 624200, 170000, 83400, 522200, 99000, 24400, 212700, 170800, 112800, 307600, 24200, 9900, 74900, 301200, 58500, 294900, 229900, 114600, 292000, 195600, 32400, 63900, 26600, 52000, 287300, 110200, 143600, 475700, 109200]

id 11
F = [38, 28, 201, 74, 71, 13, 50, 10, 16, 69, 18, 49, 113, 30, 81, 32, 19, 16, 35, 28, 20, 45, 16, 52, 19, 64, 24, 16, 16, 16]
F2 = [1401, 67, 179, 33, 606, 91, 63, 244, 224, 99, 239, 698, 165, 24, 161, 42, 229, 66, 219, 653, 17, 159, 270, 44, 62, 227, 117, 182, 115, 759]
T = [26600, 14400, 86700, 31100, 45800, 7600, 21200, 5500, 10400, 28700, 9200, 20600, 45200, 13700, 30300, 16700, 19400, 10000, 16900, 13200, 9100, 25400, 8500, 34500, 12000, 27400, 24300, 11500, 10000, 12400]
T2 = [586200, 28600, 64200, 11300, 219300, 32100, 22000, 86200, 79600, 34900, 84300, 256900, 57400, 8700, 55800, 15000, 96300, 22800, 76500, 233800, 6600, 69500, 94900, 18000, 22600, 82700, 46400, 64600, 40200, 266500]

id 12
F = [29, 77, 30, 95, 43, 13, 76, 74, 16, 69, 29, 20, 22, 14, 18, 53, 15, 16, 39, 54, 19, 17, 53, 18, 51, 22, 51, 19, 92, 65]
F2 = [183, 45, 7, 150, 550, 110, 167, 196, 75, 157, 214, 88, 58, 664, 1091, 51, 30, 203, 365, 1195, 254, 231, 412, 845, 744, 600, 188, 238, 151, 785]
T = [16200, 31300, 16600, 38000, 20700, 13700, 31500, 30300, 10100, 35200, 13900, 11500, 11800, 7300, 9400, 22100, 8600, 12800, 16700, 22200, 9500, 8800, 22400, 9300, 22000, 10800, 23200, 9900, 35500, 44800]
T2 = [77300, 16000, 2800, 53100, 192700, 48400, 58900, 69300, 27200, 55300, 75900, 32100, 20000, 233000, 385800, 17500, 11100, 72400, 126000, 427000, 91300, 88800, 145500, 294800, 262000, 211000, 65600, 84000, 52600, 283600]

id 13
F = [94, 14, 38, 60, 42, 104, 16, 94, 18, 75, 15, 17, 62, 14, 35, 84, 21, 22, 85, 18, 10, 49, 25, 19, 20, 87, 22, 14, 82, 12]
F2 = [26, 98, 58, 329, 200, 97, 68, 31, 648, 143, 201, 583, 181, 238, 22, 352, 215, 86, 36, 272, 196, 62, 360, 263, 80, 15, 226, 465, 355, 431]
T = [37900, 7700, 16000, 30300, 20400, 46400, 10100, 37200, 13800, 29600, 9000, 13500, 26100, 8400, 14900, 37100, 11300, 15600, 41900, 9900, 11000, 71200, 13500, 12800, 13800, 34400, 11900, 9600, 41000, 7000]
T2 = [9400, 33500, 20300, 137400, 81700, 38200, 29000, 11000, 228700, 51400, 82700, 293500, 74400, 83000, 8200, 125200, 75800, 30700, 12900, 95300, 68900, 24600, 244800, 92800, 32200, 6000, 78000, 166100, 155200, 152700]

id 14
F = [50, 13, 18, 53, 71, 17, 25, 37, 81, 48, 16, 11, 23, 42, 20, 50, 37, 18, 15, 16, 57, 58, 16, 16, 16, 78, 20, 11, 103, 38]
F2 = [352, 4138, 79, 45, 47, 442, 351, 6871, 171, 375, 1516, 3306, 189, 48, 411, 58, 49, 455, 461, 8, 45, 40, 1671, 767, 192, 180, 63, 213, 621, 1693]
T = [23300, 7400, 17500, 26400, 32600, 14900, 13800, 21800, 33000, 21700, 8900, 7200, 19500, 21000, 12800, 28500, 15900, 13500, 8600, 9400, 23200, 23600, 12800, 9800, 8900, 39500, 10200, 7300, 38300, 16900]
T2 = [125100, 1624900, 32000, 17400, 17000, 159600, 123400, 4762500, 59500, 131500, 552700, 1196400, 77100, 16700, 145300, 23700, 17900, 162000, 184200, 3400, 15900, 14700, 617400, 272600, 66900, 63200, 22100, 73600, 215700, 663000]

id 15
F = [97, 40, 13, 11, 41, 65, 11, 17, 19, 20, 24, 18, 87, 23, 11, 106, 17, 144, 79, 46, 17, 29, 153, 130, 30, 36, 50, 11, 40, 87]
F2 = [729, 845, 26, 68, 174, 33, 22, 886, 108, 1848, 1776, 189, 148, 7047, 731, 14, 940, 271, 668, 54, 237, 9, 474, 294, 61, 52, 58, 911, 24, 15]
T = [38500, 18200, 9200, 7900, 21600, 27700, 6600, 10600, 10400, 12600, 12700, 13100, 36100, 14500, 9100, 44400, 9600, 52300, 30500, 18800, 9100, 14600, 57500, 49100, 13700, 22400, 20200, 6600, 23800, 38400]
T2 = [269800, 304000, 9200, 24200, 70000, 11800, 8100, 310500, 39400, 663700, 630800, 111300, 52800, 2501300, 258800, 5300, 336500, 93300, 257900, 18900, 83500, 3300, 165800, 102300, 21500, 21400, 19800, 320300, 9000, 5600]

id 16
F = [93, 67, 86, 65, 92, 105, 14, 15, 50, 92, 83, 10, 17, 109, 68, 41, 15, 85, 13, 21, 20, 17, 72, 12, 66, 17, 56, 60, 18, 14]
F2 = [375, 37, 13, 1483, 143, 216, 2114, 126, 214, 156, 935, 284, 182, 27, 160, 20, 84, 168, 860, 66, 1343, 249, 631, 1511, 192, 879, 143, 178, 242, 300]
T = [38000, 27800, 49600, 26700, 45800, 40100, 11300, 83100, 22400, 53100, 40000, 7300, 10000, 96300, 30800, 17900, 10300, 38100, 9400, 14200, 15500, 12700, 38400, 9500, 30600, 9500, 28900, 34900, 15300, 12100]
T2 = [136400, 13200, 8100, 579800, 61100, 78100, 809100, 173900, 74700, 68900, 376700, 139500, 68600, 12800, 57700, 7500, 29700, 67400, 299900, 23000, 498800, 112500, 306200, 660900, 67000, 316900, 49200, 63300, 93200, 106200]

id 17
F = [21, 15, 17, 12, 18, 19, 93, 20, 108, 19, 129, 44, 16, 24, 90, 96, 47, 17, 60, 11, 26, 16, 34, 23, 16, 40, 83, 16, 14, 21]
F2 = [204, 232, 396, 653, 430, 236, 14, 12, 201, 108, 142, 52, 227, 264, 390, 685, 206, 665, 45, 454, 899, 518, 9, 20, 311, 19, 998, 255, 250, 75]
T = [16500, 12300, 12900, 8800, 16400, 12700, 37900, 16300, 60100, 13700, 83400, 24500, 10000, 16700, 42000, 32700, 20100, 11900, 31000, 9600, 16500, 11500, 19700, 14800, 10300, 22600, 39700, 15700, 20300, 14000]
T2 = [89100, 121900, 207200, 281400, 188400, 107300, 7900, 5200, 104500, 40800, 70400, 23400, 98500, 123500, 170200, 204600, 59800, 406600, 19800, 197300, 466900, 224000, 4300, 9000, 141700, 8700, 434000, 112600, 140300, 32700]

id 18
F = [92, 17, 41, 21, 17, 21, 82, 15, 23, 15, 12, 11, 15, 27, 12, 23, 16, 98, 38, 68, 26, 16, 45, 40, 16, 78, 15, 19, 18, 14]
F2 = [164, 68, 53, 208, 283, 113, 10, 12, 34, 1299, 88, 241, 545, 71, 495, 1058, 73, 134, 43, 49, 1186, 14, 184, 48, 368, 208, 56, 690, 91, 275]
T = [41400, 14400, 18500, 11800, 10700, 12900, 37600, 9200, 12700, 12000, 9200, 8100, 9800, 13100, 12100, 21500, 12000, 46000, 21800, 35200, 24500, 9400, 20700, 18100, 10200, 37000, 10600, 13900, 13200, 9400]
T2 = [66300, 24200, 19500, 73200, 101100, 39800, 3600, 5100, 18700, 454000, 32400, 122400, 201400, 24600, 231900, 497700, 29300, 56400, 18300, 20000, 424000, 4800, 72300, 16700, 127600, 90400, 20200, 247200, 34600, 97500]

id 19
F = [14, 14, 58, 25, 33, 57, 91, 23, 52, 21, 20, 38, 16, 47, 11, 113, 88, 23, 22, 77, 43, 57, 13, 12, 54, 42, 59, 16, 16, 51]
F2 = [304, 308, 1723, 1469, 9, 172, 11, 59, 352, 79, 13, 1359, 1780, 688, 640, 7, 481, 796, 2376, 1260, 1547, 3654, 20, 874, 53, 10, 182, 3864, 12, 51]
T = [8800, 11500, 27600, 12900, 24100, 24600, 34500, 12100, 30100, 13600, 10400, 16900, 11600, 22500, 7500, 42600, 40800, 11200, 18900, 37900, 19900, 22800, 9900, 13200, 22600, 18800, 25900, 10700, 8900, 21100]
T2 = [106800, 131900, 622600, 537200, 5400, 59500, 4400, 21200, 160600, 30200, 4600, 481600, 621200, 243300, 223700, 2400, 198200, 283800, 1006100, 448100, 551900, 1307600, 7000, 545700, 18700, 3900, 63100, 1457900, 4500, 18300]

