id 0
F = [24, 70, 46, 13, 56, 12, 21, 10, 16, 23, 22, 49, 44, 16, 77, 11, 35, 20, 97, 46, 32, 71, 24, 106, 54, 104, 22, 13, 25, 28]
F2 = [82, 40, 71, 743, 41, 440, 112, 87, 109, 831, 9, 77, 443, 97, 81, 267, 65, 729, 36, 248, 13, 40, 125, 31, 443, 10, 274, 116, 12, 526]
T = [219500, 26900, 16800, 14400, 25900, 1197200, 15300, 128500, 83900, 21600, 15800, 22600, 134800, 10400, 31400, 6800, 15000, 19600, 36000, 22800, 11800, 23400, 12500, 28000, 20100, 39400, 12900, 12000, 18800, 11300]
T2 = [189200, 10900, 19600, 273400, 13700, 213800, 43800, 159300, 47300, 291100, 3900, 28600, 284100, 36900, 25100, 87700, 17000, 201800, 9600, 62500, 3100, 9600, 36800, 6500, 124000, 3400, 74200, 30900, 3700, 137000]

id 1
F = [58, 19, 63, 112, 12, 21, 19, 43, 17, 15, 20, 22, 24, 15, 10, 12, 67, 57, 21, 21, 19, 22, 34, 90, 37, 19, 91, 24, 14, 70]
F2 = [220, 25, 210, 23, 491, 94, 773, 59, 746, 23, 76, 13, 109, 23, 10, 490, 220, 459, 93, 141, 775, 16, 36, 399, 11, 20, 195, 15, 774, 610]
T = [85900, 17000, 39100, 60300, 1070000, 12400, 10400, 23400, 11400, 18900, 13300, 20400, 12400, 8900, 13200, 8100, 42200, 25100, 11100, 13300, 25000, 11700, 16300, 39700, 22200, 11200, 36200, 12600, 10300, 30300]
T2 = [76500, 11600, 102300, 10000, 608100, 32700, 232600, 20600, 284600, 10100, 34700, 10000, 46600, 9200, 8000, 187000, 108800, 131600, 33300, 48100, 505200, 6800, 14500, 132200, 4200, 7700, 58500, 5500, 330300, 170600]

id 2
F = [28, 12, 15, 49, 101, 48, 17, 19, 83, 20, 100, 20, 19, 44, 54, 14, 32, 13, 14, 20, 36, 21, 15, 26, 30, 18, 54, 25, 42, 101]
F2 = [772, 12, 269, 733, 200, 50, 93, 450, 360, 101, 165, 12, 19, 432, 230, 99, 48, 576, 694, 91, 26, 531, 698, 546, 70, 134, 250, 23, 426, 690]
T = [16300, 8200, 8600, 26200, 45700, 28400, 11300, 17100, 41100, 11400, 47800, 13000, 11200, 24900, 27700, 8100, 17700, 10300, 8100, 12900, 19800, 11000, 8100, 14900, 17400, 12500, 29300, 14400, 21700, 52800]
T2 = [268900, 5800, 110800, 262200, 71200, 22000, 41700, 201200, 126900, 44200, 65500, 5500, 11800, 154600, 92000, 44900, 22300, 213000, 252700, 42200, 12200, 190000, 257100, 207000, 32400, 59600, 94600, 10700, 156000, 397200]

id 3
F = [12, 11, 13, 12, 34, 49, 21, 12, 112, 13, 98, 39, 20, 52, 66, 66, 17, 32, 34, 10, 102, 26, 54, 15, 59, 20, 89, 112, 40, 107]
F2 = [100, 19, 20, 513, 12, 209, 10, 26, 642, 262, 191, 48, 103, 197, 233, 220, 548, 82, 32, 109, 658, 527, 516, 25, 115, 99, 450, 28, 216, 14]
T = [7600, 5800, 7100, 6200, 21600, 19700, 14500, 6300, 44000, 6400, 58400, 26800, 13200, 21100, 38500, 45700, 7700, 16800, 14700, 9100, 60100, 11300, 24200, 10800, 38100, 12000, 42500, 52400, 21800, 72000]
T2 = [38200, 7700, 7700, 159900, 6800, 66700, 5900, 9700, 179900, 85700, 84300, 26600, 56800, 125000, 105600, 116000, 164700, 32000, 12200, 65800, 278100, 157000, 152200, 14600, 65800, 44000, 156200, 10700, 86300, 6000]

id 4
F = [47, 124, 43, 36, 14, 39, 14, 56, 77, 18, 16, 16, 24, 20, 83, 45, 135, 84, 112, 31, 23, 19, 20, 19, 117, 18, 100, 22, 23, 82]
F2 = [237, 667, 78, 698, 142, 56, 265, 49, 503, 272, 12, 430, 253, 100, 9, 57, 329, 157, 20, 69, 13, 78, 280, 93, 22, 97, 22, 601, 529, 605]
T = [30300, 66200, 31500, 23500, 8300, 22300, 7800, 30100, 37900, 10100, 11000, 12500, 14500, 11000, 56500, 36400, 83900, 51700, 65600, 22000, 15200, 19200, 13000, 8500, 67500, 15800, 62500, 15500, 16100, 40500]
T2 = [283500, 253300, 45700, 354200, 61700, 26300, 103000, 22300, 176400, 105800, 5700, 180100, 125700, 44000, 6100, 36100, 163500, 73000, 10400, 39600, 7900, 47300, 136700, 34400, 12000, 54100, 12700, 292600, 311700, 182100]

id 5
F = [13, 108, 13, 15, 15, 13, 22, 75, 16, 33, 20, 89, 100, 22, 12, 115, 105, 16, 11, 23, 20, 95, 51, 46, 20, 17, 74, 94, 24, 25]
F2 = [263, 671, 94, 665, 24, 23, 11, 11, 678, 13, 779, 183, 149, 96, 278, 8, 49, 21, 89, 79, 24, 39, 65, 255, 21, 23, 30, 22, 505, 404]
T = [7600, 53300, 9400, 8500, 7900, 7200, 12900, 37500, 13500, 17300, 13100, 44400, 49200, 21800, 7600, 53600, 48400, 9300, 6800, 12800, 11500, 45700, 25700, 23700, 12000, 11600, 42200, 43900, 13400, 13200]
T2 = [104300, 243200, 43400, 235500, 11400, 11400, 4900, 4500, 243600, 6200, 304300, 71500, 53500, 44800, 108100, 3100, 19300, 9500, 40900, 36400, 10900, 16600, 29400, 97200, 9700, 10900, 14100, 9600, 184200, 149000]

id 6
F = [20, 22, 18, 50, 16, 9, 22, 78, 84, 13, 11, 15, 29, 18, 12, 17, 18, 60, 30, 13, 39, 14, 76, 33, 108, 18, 23, 13, 87, 123]
F2 = [361, 685, 463, 251, 759, 746, 294, 200, 324, 488, 472, 95, 12, 263, 124, 22, 11, 62, 101, 391, 13, 24, 421, 74, 680, 74, 539, 25, 225, 151]
T = [10600, 11600, 10600, 24900, 9200, 5700, 15100, 43300, 44600, 7700, 7900, 9500, 15200, 10900, 8700, 9100, 11800, 29400, 16600, 8300, 19000, 9000, 41200, 27700, 51000, 12000, 12400, 7800, 41500, 58600]
T2 = [135300, 245400, 169400, 95200, 279300, 266600, 132600, 90700, 142000, 181600, 205800, 45000, 5900, 104500, 55900, 10000, 5300, 28300, 48100, 146700, 6500, 11600, 148100, 38200, 240200, 34500, 197200, 11700, 81700, 54300]

id 7
F = [64, 15, 16, 16, 45, 48, 29, 22, 20, 97, 35, 18, 12, 53, 16, 17, 36, 15, 20, 21, 25, 20, 35, 24, 15, 16, 16, 14, 23, 16]
F2 = [709, 743, 107, 90, 703, 216, 93, 678, 90, 647, 31, 73, 256, 46, 13, 22, 49, 394, 640, 90, 60, 12, 29, 126, 121, 123, 89, 708, 153, 97]
T = [30500, 9300, 9000, 9100, 22500, 23700, 15700, 19400, 14700, 45100, 28300, 10500, 7800, 25700, 8800, 9800, 18400, 8500, 10900, 12000, 13700, 13900, 18000, 12800, 8400, 8800, 8800, 11200, 12700, 11900]
T2 = [246600, 270700, 51600, 41300, 247400, 90100, 39900, 353000, 46200, 240000, 15800, 33600, 104000, 20100, 6300, 10600, 22700, 146100, 234300, 40700, 26600, 18000, 13600, 54500, 52100, 55500, 42100, 262900, 65700, 47600]

id 8
F = [20, 21, 42, 16, 26, 12, 17, 85, 35, 85, 22, 54, 72, 78, 26, 78, 17, 78, 106, 70, 21, 57, 42, 26, 56, 20, 97, 14, 47, 66]
F2 = [283, 274, 688, 89, 757, 741, 23, 56, 15, 7, 94, 719, 339, 25, 20, 32, 38, 178, 6, 49, 14, 739, 62, 445, 85, 102, 19, 94, 50, 228]
T = [10700, 11400, 20800, 12900, 17200, 9100, 10300, 46000, 20100, 41400, 12200, 30000, 37000, 41800, 13800, 37700, 12200, 38300, 51200, 34100, 11300, 28000, 22100, 14000, 27400, 11000, 47900, 8700, 27200, 34200]
T2 = [116100, 108500, 240900, 40900, 267100, 264700, 11000, 25200, 6900, 3100, 43300, 254300, 122900, 11500, 9400, 14300, 25700, 70800, 2900, 21100, 6400, 258100, 27600, 164000, 37700, 45800, 8600, 43100, 22300, 85600]

id 9
F = [36, 14, 53, 13, 37, 14, 18, 16, 23, 78, 72, 98, 16, 16, 15, 51, 21, 16, 74, 28, 57, 40, 10, 13, 19, 12, 20, 43, 18, 29]
F2 = [13, 540, 197, 21, 56, 19, 567, 566, 16, 398, 381, 11, 259, 720, 278, 255, 752, 251, 190, 18, 508, 77, 22, 27, 11, 727, 13, 64, 268, 61]
T = [20400, 10400, 26000, 7400, 18900, 8400, 10800, 11000, 11600, 42500, 36200, 46100, 11500, 8900, 12600, 25100, 13500, 9100, 36300, 16600, 28100, 23900, 6800, 8800, 11300, 12300, 13900, 21600, 9000, 16600]
T2 = [6700, 200300, 78400, 10200, 26300, 9400, 206500, 283200, 7400, 175000, 134100, 4500, 102900, 256600, 109200, 97800, 268900, 104000, 70800, 9200, 186300, 41100, 10700, 12900, 5200, 405600, 7400, 27300, 107900, 28300]

id 10
F = [31, 23, 11, 40, 32, 20, 29, 19, 42, 32, 13, 23, 86, 19, 44, 25, 13, 41, 10, 19, 12, 20, 41, 22, 18, 20, 21, 27, 81, 17]
F2 = [22, 117, 123, 60, 17, 11, 28, 90, 54, 54, 90, 771, 303, 103, 228, 567, 76, 30, 758, 85, 280, 78, 95, 22, 243, 694, 87, 105, 183, 105]
T = [16300, 12700, 7900, 21200, 16200, 16500, 17300, 10800, 22200, 18100, 8300, 18200, 45100, 13500, 22700, 14500, 8500, 23300, 6500, 13500, 6900, 12800, 24400, 11800, 10800, 14000, 25200, 15300, 40300, 9800]
T2 = [10500, 51700, 54900, 26600, 7400, 5700, 13000, 40000, 23300, 25900, 44000, 369900, 109500, 59200, 87100, 206100, 35600, 13700, 290800, 44700, 115000, 37200, 49300, 10200, 96000, 262900, 43300, 46500, 73100, 49100]

id 11
F = [17, 18, 87, 16, 25, 24, 93, 20, 11, 18, 13, 15, 29, 53, 12, 16, 19, 23, 16, 60, 18, 25, 15, 58, 24, 21, 24, 19, 35, 13]
F2 = [15, 87, 35, 117, 513, 103, 351, 125, 34, 569, 91, 104, 43, 24, 779, 85, 761, 78, 291, 485, 499, 277, 91, 56, 264, 85, 74, 17, 56, 578]
T = [11900, 10500, 64200, 9200, 16800, 12500, 44100, 11700, 7000, 9700, 7800, 8500, 14700, 26800, 15600, 9700, 10900, 41600, 10500, 29500, 13900, 15100, 9300, 29800, 62000, 11700, 12900, 11400, 17900, 7300]
T2 = [7500, 40800, 20800, 51300, 205000, 45700, 129200, 60000, 16400, 205600, 42100, 46800, 19100, 10800, 292000, 37900, 270300, 65300, 113000, 170800, 180400, 126000, 41000, 25000, 116300, 58200, 33300, 8300, 26500, 229100]

id 12
F = [24, 18, 20, 13, 15, 16, 186, 15, 11, 85, 21, 12, 39, 21, 35, 18, 103, 19, 16, 34, 20, 15, 99, 25, 16, 14, 17, 115, 21, 33]
F2 = [745, 259, 667, 272, 278, 101, 111, 73, 384, 21, 92, 731, 66, 764, 68, 772, 9, 458, 11, 62, 94, 7, 464, 13, 748, 86, 264, 619, 226, 54]
T = [13900, 16300, 11200, 7800, 9500, 10100, 89500, 10800, 6100, 40800, 13500, 8700, 24400, 13200, 20100, 15100, 57400, 11700, 10900, 18600, 11000, 9100, 47400, 13700, 11900, 8200, 11400, 57300, 14400, 21500]
T2 = [261900, 115100, 236700, 114900, 109600, 44200, 42800, 48600, 146300, 8700, 41500, 306500, 35900, 330500, 31100, 360900, 3800, 186500, 5700, 27500, 58600, 3500, 159100, 6200, 276500, 40000, 153300, 244300, 92400, 36300]

id 13
F = [15, 11, 43, 76, 19, 16, 23, 14, 69, 17, 53, 18, 11, 23, 16, 20, 23, 42, 10, 13, 34, 17, 31, 50, 14, 39, 23, 46, 50, 16]
F2 = [95, 423, 631, 297, 546, 129, 129, 265, 51, 95, 71, 750, 99, 15, 752, 763, 16, 55, 759, 246, 10, 12, 50, 332, 237, 37, 86, 421, 339, 720]
T = [8200, 6900, 35600, 37800, 10800, 9700, 14100, 8700, 44600, 10200, 35400, 11500, 6900, 15100, 9500, 457000, 13600, 21800, 10300, 8900, 17600, 16600, 15700, 26200, 8000, 20100, 11700, 23900, 24700, 9600]
T2 = [42900, 160200, 250100, 108500, 201800, 102200, 68700, 137600, 24000, 44400, 37700, 306800, 52000, 7900, 277200, 834600, 7700, 25100, 489400, 109000, 5000, 8700, 23200, 124100, 129400, 16800, 38200, 150100, 133800, 255300]

id 14
F = [13, 10, 18, 18, 20, 40, 51, 86, 18, 30, 28, 18, 36, 49, 14, 44, 21, 48, 48, 22, 47, 61, 22, 90, 37, 73, 14, 9, 14, 81]
F2 = [98, 19, 11, 286, 310, 57, 672, 18, 672, 12, 16, 86, 66, 62, 260, 232, 253, 252, 514, 255, 747, 400, 266, 36, 50, 619, 96, 89, 93, 718]
T = [9500, 8500, 10700, 9800, 14400, 20000, 30700, 42900, 19300, 18700, 14900, 10100, 20300, 24800, 10100, 27900, 11400, 24800, 30500, 12300, 25600, 30300, 12200, 42700, 18800, 36400, 8600, 5500, 8200, 38700]
T2 = [44900, 9300, 7200, 110900, 115500, 26500, 338900, 7800, 247700, 5800, 7400, 40400, 30200, 31800, 121800, 162700, 101500, 95800, 182300, 101100, 270000, 144300, 103100, 15200, 23600, 214700, 43600, 41400, 42900, 246800]

id 15
F = [45, 17, 18, 17, 31, 18, 12, 88, 22, 49, 18, 17, 36, 16, 19, 48, 18, 83, 19, 47, 15, 23, 15, 77, 62, 25, 23, 28, 21, 97]
F2 = [724, 273, 285, 1, 52, 103, 263, 306, 755, 551, 26, 98, 64, 782, 282, 458, 772, 9, 78, 62, 742, 505, 29, 18, 653, 718, 237, 59, 552, 351]
T = [21600, 8700, 11000, 11900, 18000, 10300, 8800, 43700, 12600, 28200, 9600, 9500, 18600, 9200, 11800, 25100, 10000, 41400, 10400, 24400, 9200, 19200, 10000, 40400, 31600, 13600, 12500, 15200, 27800, 46900]
T2 = [252700, 120000, 111900, 500, 24000, 48300, 105100, 109300, 297400, 198200, 12600, 46200, 29500, 274700, 117500, 184900, 275300, 3800, 34700, 28300, 262700, 289400, 13700, 8000, 227500, 329400, 95300, 27500, 262300, 126700]

id 16
F = [17, 25, 40, 19, 29, 87, 76, 86, 133, 68, 39, 37, 26, 18, 17, 14, 18, 14, 26, 44, 18, 19, 35, 44, 65, 17, 22, 16, 17, 13]
F2 = [682, 529, 84, 83, 50, 45, 186, 11, 298, 189, 13, 672, 10, 85, 16, 100, 102, 89, 88, 396, 83, 15, 21, 247, 47, 261, 72, 13, 100, 15]
T = [8200, 30400, 50200, 15300, 18300, 51300, 48000, 55800, 82700, 42800, 24200, 33300, 16900, 11900, 13500, 10100, 10800, 7900, 16500, 22600, 19500, 10000, 19300, 22000, 32400, 9900, 16100, 10200, 10600, 7600]
T2 = [220500, 270900, 57500, 48100, 27900, 23500, 85600, 7600, 125800, 96000, 7100, 389400, 5900, 47900, 10500, 39100, 56300, 40900, 40200, 145500, 49500, 6700, 10600, 92600, 20500, 108100, 44600, 6800, 44500, 6800]

id 17
F = [19, 46, 70, 19, 24, 12, 32, 15, 26, 20, 17, 24, 20, 21, 18, 34, 17, 23, 17, 23, 29, 17, 15, 40, 26, 17, 79, 20, 20, 45]
F2 = [232, 235, 361, 757, 91, 267, 11, 19, 56, 683, 13, 272, 73, 249, 741, 59, 98, 431, 478, 756, 16, 94, 26, 722, 378, 250, 702, 300, 426, 61]
T = [12400, 25200, 34400, 10700, 12900, 7100, 30800, 9300, 14500, 10900, 9400, 13400, 12000, 13000, 10000, 18100, 9900, 22900, 11100, 12300, 16000, 12100, 14500, 29600, 13900, 9600, 42700, 21700, 15900, 29300]
T2 = [113400, 90600, 131500, 267400, 41200, 106800, 6300, 9000, 26100, 260600, 6100, 106300, 34200, 100000, 261900, 26700, 44100, 186900, 184800, 266500, 7400, 48700, 12900, 251700, 142100, 99700, 282000, 188500, 254000, 31200]

id 18
F = [45, 24, 117, 66, 57, 12, 89, 104, 85, 82, 53, 26, 44, 111, 50, 12, 25, 16, 24, 55, 13, 47, 21, 17, 24, 15, 37, 48, 24, 19]
F2 = [335, 73, 671, 224, 71, 439, 40, 578, 52, 13, 99, 18, 222, 11, 42, 19, 782, 107, 293, 241, 115, 17, 425, 13, 30, 16, 435, 406, 256, 372]
T = [22100, 13200, 55500, 34800, 27600, 7400, 43000, 57600, 41000, 39500, 29600, 14400, 22000, 53000, 28900, 8500, 13500, 9100, 12900, 27800, 7100, 23300, 11900, 11800, 13300, 13600, 42600, 24300, 15400, 13000]
T2 = [125100, 32600, 240600, 107300, 29600, 164700, 17000, 233400, 22100, 6000, 41300, 8400, 86900, 4100, 19900, 10100, 280600, 49200, 115300, 89600, 49700, 7800, 2545400, 6600, 14200, 12300, 191900, 147200, 118700, 140400]

id 19
F = [15, 20, 17, 66, 22, 30, 115, 37, 121, 38, 12, 18, 106, 17, 24, 17, 19, 42, 45, 30, 39, 18, 19, 16, 20, 17, 81, 23, 14, 48]
F2 = [268, 13, 757, 207, 98, 90, 653, 28, 38, 53, 389, 109, 33, 135, 753, 20, 294, 634, 79, 50, 76, 97, 524, 701, 260, 224, 682, 11, 677, 210]
T = [15800, 12600, 10800, 34300, 12200, 15600, 54900, 22000, 64600, 21300, 13000, 10900, 52400, 12000, 150500, 10400, 11400, 21500, 32600, 15800, 21300, 10000, 10400, 9300, 12500, 10000, 39200, 12800, 11000, 23400]
T2 = [142400, 6300, 285500, 84700, 45200, 40400, 230600, 16400, 16900, 24100, 178200, 53400, 14300, 60400, 340200, 9700, 118000, 250900, 42200, 22200, 35000, 44300, 191800, 300400, 139500, 89400, 246600, 5400, 248600, 80900]

