id 0
F = [29, 22, 16, 16, 34, 26, 45, 24, 13, 9, 20, 22, 13, 68, 54, 23, 16, 31, 17, 26, 24, 15, 96, 28, 20, 16, 25, 18, 46, 14]
F2 = [101, 371, 29, 31, 14, 17, 238, 671, 100, 382, 244, 13, 743, 478, 67, 260, 25, 12, 422, 140, 20, 443, 46, 74, 86, 796, 259, 15, 753, 81]
T = [243900, 21600, 14200, 67900, 40000, 36600, 39500, 30400, 28300, 22100, 75500, 19500, 13600, 45700, 36500, 20400, 54700, 28600, 11500, 37500, 20100, 16500, 59700, 20800, 15300, 12000, 19100, 14500, 31000, 9800]
T2 = [87200, 188000, 107300, 42700, 11700, 14800, 115100, 388800, 79700, 277900, 116100, 7500, 345000, 231400, 35500, 123100, 9400, 4500, 157600, 76600, 11200, 196100, 28400, 40000, 44700, 341500, 133000, 6100, 332200, 30300]

id 1
F = [68, 62, 13, 21, 21, 21, 13, 25, 51, 17, 13, 34, 20, 12, 15, 67, 18, 17, 20, 71, 22, 17, 92, 19, 12, 17, 14, 31, 42, 19]
F2 = [649, 399, 30, 85, 92, 659, 355, 106, 68, 498, 450, 212, 741, 219, 373, 55, 11, 447, 91, 297, 512, 752, 181, 102, 133, 711, 21, 15, 15, 232]
T = [138400, 31600, 8800, 28400, 18000, 23700, 11400, 16600, 24400, 13100, 11300, 16000, 16200, 11300, 10000, 38500, 11100, 9400, 13400, 28500, 10900, 11600, 37800, 11200, 7500, 10100, 8700, 17300, 20100, 13700]
T2 = [205700, 123200, 13400, 47100, 41800, 239900, 181500, 47500, 22800, 206300, 186600, 66900, 207300, 71000, 109800, 22000, 4000, 130100, 30600, 86200, 158000, 216700, 53100, 36800, 50200, 202200, 9200, 5800, 5400, 76400]

id 2
F = [18, 23, 15, 14, 47, 90, 115, 48, 11, 46, 38, 13, 23, 46, 21, 25, 18, 54, 18, 17, 44, 24, 86, 19, 40, 18, 55, 18, 24, 18]
F2 = [416, 17, 20, 452, 227, 21, 13, 70, 104, 216, 199, 37, 30, 343, 8, 292, 775, 46, 134, 544, 76, 285, 369, 455, 331, 41, 465, 10, 489, 15]
T = [10800, 12500, 9900, 8100, 25400, 59600, 57800, 24300, 7300, 24200, 26500, 9500, 12100, 25600, 12900, 13800, 12100, 28500, 10600, 12000, 29400, 13500, 41700, 11300, 24700, 11900, 31000, 12300, 18300, 15700]
T2 = [151300, 9100, 19000, 163800, 84400, 10600, 5200, 30700, 45000, 89800, 86200, 23100, 13300, 127900, 3600, 105200, 265500, 19000, 59900, 256400, 33600, 112100, 125200, 161100, 169500, 18400, 195600, 4700, 203900, 7600]

id 3
F = [24, 14, 15, 49, 55, 21, 27, 66, 17, 30, 59, 94, 36, 32, 108, 25, 13, 17, 95, 60, 53, 17, 97, 25, 21, 14, 22, 14, 63, 23]
F2 = [285, 85, 23, 240, 298, 59, 738, 190, 494, 59, 82, 633, 7, 10, 40, 272, 266, 369, 663, 331, 259, 590, 368, 675, 16, 245, 266, 492, 510, 18]
T = [19400, 12600, 15100, 26900, 30000, 15900, 16900, 35300, 12200, 20300, 33700, 55500, 21700, 36500, 52900, 23200, 9400, 12100, 46100, 32400, 28000, 12800, 47800, 36500, 22600, 11400, 23500, 11400, 35100, 17100]
T2 = [108600, 38100, 13700, 92600, 108200, 25400, 255200, 72500, 175900, 26800, 41200, 220000, 3100, 6500, 15300, 100900, 104200, 135800, 225900, 120800, 161000, 208600, 151400, 406800, 86100, 95500, 179800, 211600, 177100, 9200]

id 4
F = [26, 18, 42, 24, 18, 10, 11, 66, 61, 11, 18, 15, 23, 43, 18, 15, 67, 48, 52, 18, 17, 16, 13, 23, 151, 82, 108, 21, 18, 66]
F2 = [256, 126, 65, 87, 18, 285, 393, 23, 41, 441, 14, 16, 14, 675, 84, 269, 208, 271, 83, 90, 749, 240, 25, 522, 308, 173, 23, 10, 94, 322]
T = [18300, 16700, 19900, 16600, 24000, 8900, 7400, 42600, 33100, 9400, 18000, 13500, 17400, 29300, 14600, 11400, 29300, 20900, 21300, 10600, 9400, 12900, 11400, 23600, 58600, 1002100, 71200, 15800, 13800, 44000]
T2 = [121400, 76500, 22200, 36700, 13600, 96800, 119400, 12400, 14800, 136600, 7800, 9300, 8000, 312100, 45800, 94400, 64100, 82600, 31000, 33800, 246100, 78200, 14900, 230800, 124700, 76900, 11400, 6000, 50800, 139000]

id 5
F = [101, 17, 12, 24, 26, 42, 19, 72, 19, 38, 14, 19, 17, 67, 22, 17, 51, 119, 22, 47, 19, 13, 94, 82, 20, 23, 46, 55, 54, 23]
F2 = [68, 370, 84, 674, 47, 24, 16, 699, 71, 39, 680, 76, 718, 42, 87, 287, 719, 679, 94, 64, 10, 743, 451, 12, 100, 17, 77, 371, 80, 90]
T = [50900, 11800, 10200, 16200, 16700, 23900, 12900, 46500, 12400, 26100, 11100, 15800, 11600, 42100, 15600, 16800, 29200, 57900, 13500, 27700, 12000, 10800, 48800, 41500, 13000, 14000, 25100, 29800, 41500, 18700]
T2 = [25500, 152200, 38100, 247800, 20300, 10800, 7600, 237700, 32200, 17300, 238800, 34200, 261900, 18500, 38600, 109600, 250700, 227600, 40400, 29000, 4400, 257400, 169300, 5300, 43600, 8100, 32700, 131700, 40400, 58200]

id 6
F = [14, 94, 53, 18, 25, 51, 12, 52, 26, 94, 17, 20, 41, 14, 60, 49, 84, 67, 13, 27, 11, 19, 20, 72, 12, 81, 86, 30, 17, 14]
F2 = [95, 705, 40, 87, 560, 98, 87, 71, 532, 35, 276, 107, 240, 83, 724, 496, 15, 299, 255, 109, 272, 259, 712, 262, 275, 7, 497, 18, 423, 73]
T = [10600, 49200, 28300, 17300, 20500, 29400, 12100, 27600, 15600, 47100, 11100, 19900, 23800, 13200, 35500, 28000, 41800, 66100, 10600, 15300, 9500, 14500, 14800, 40400, 9600, 57100, 59200, 18200, 24000, 11500]
T2 = [42700, 240500, 17000, 38900, 200400, 45700, 39100, 30800, 189700, 13800, 118600, 49900, 90200, 36800, 245900, 174600, 6400, 119500, 106500, 45100, 107400, 100100, 253800, 96600, 112200, 3000, 167000, 8200, 185800, 33600]

id 7
F = [46, 25, 53, 66, 50, 25, 113, 100, 25, 18, 20, 84, 50, 51, 15, 10, 24, 15, 18, 17, 29, 15, 43, 100, 17, 20, 19, 21, 20, 31]
F2 = [236, 104, 62, 46, 75, 91, 13, 656, 276, 100, 18, 204, 671, 325, 400, 372, 21, 23, 86, 81, 82, 762, 67, 32, 418, 23, 443, 784, 133, 7]
T = [26300, 21200, 96700, 34700, 28800, 16800, 55100, 55400, 15000, 11000, 13300, 40500, 27400, 27600, 11900, 12800, 23200, 19000, 25400, 19400, 16900, 14400, 23900, 56200, 12300, 13100, 13500, 13500, 14000, 18500]
T2 = [88000, 57000, 46300, 20800, 38400, 38200, 4900, 268000, 106500, 45500, 7900, 74100, 228400, 165800, 192600, 150200, 10600, 19600, 54800, 40400, 37000, 319400, 28500, 42200, 152400, 10900, 169200, 298300, 57800, 3100]

id 8
F = [22, 26, 38, 26, 17, 21, 47, 36, 19, 61, 17, 40, 56, 19, 14, 14, 19, 17, 15, 12, 18, 15, 18, 16, 19, 20, 16, 110, 13, 99]
F2 = [12, 468, 242, 109, 461, 15, 74, 16, 26, 49, 18, 80, 214, 17, 14, 251, 109, 29, 308, 406, 254, 506, 346, 16, 32, 83, 103, 11, 86, 200]
T = [13700, 15600, 21200, 18200, 11000, 13300, 25000, 20600, 14800, 33800, 14800, 24500, 29300, 16000, 13000, 11200, 12900, 13700, 10600, 8800, 12700, 11700, 11600, 12400, 20200, 22200, 15600, 61600, 15900, 49800]
T2 = [5800, 169400, 95900, 46700, 165400, 6900, 31800, 7400, 12200, 20600, 9300, 34600, 79200, 8000, 6900, 97000, 47400, 13100, 120300, 151700, 108700, 187500, 128000, 11700, 14500, 36100, 45600, 4400, 74700, 71600]

id 9
F = [30, 53, 18, 13, 8, 14, 44, 66, 14, 17, 27, 41, 33, 35, 21, 53, 14, 21, 16, 18, 68, 79, 11, 55, 20, 50, 22, 30, 23, 26]
F2 = [36, 705, 686, 101, 85, 17, 262, 405, 18, 2, 508, 232, 17, 109, 773, 77, 16, 699, 332, 107, 700, 9, 103, 47, 677, 637, 61, 15, 98, 535]
T = [17400, 23900, 13400, 8900, 7100, 23800, 34100, 34700, 12100, 11500, 19000, 27700, 22400, 24300, 16700, 36200, 11700, 16700, 14500, 19400, 34600, 51400, 11300, 28700, 17500, 45100, 14400, 20200, 13800, 25900]
T2 = [16700, 213200, 207100, 36700, 32500, 10300, 118900, 143500, 10700, 800, 220000, 108600, 9600, 56800, 332500, 38300, 9100, 299700, 168500, 59700, 313900, 5000, 57300, 21200, 238100, 294200, 34500, 7000, 42500, 274000]

id 10
F = [51, 13, 104, 58, 125, 98, 67, 19, 19, 14, 23, 11, 17, 20, 52, 43, 86, 23, 12, 23, 11, 15, 122, 18, 14, 30, 101, 20, 13, 42]
F2 = [441, 6, 184, 87, 19, 600, 329, 292, 95, 414, 88, 751, 87, 509, 107, 250, 493, 428, 249, 107, 274, 93, 637, 675, 15, 15, 12, 90, 794, 89]
T = [27500, 9800, 50200, 30800, 64600, 49500, 55900, 12500, 12500, 10200, 19700, 9300, 12000, 16000, 29600, 24900, 43600, 18700, 13400, 25200, 10700, 12000, 75700, 20100, 12500, 18400, 48900, 13800, 10400, 25600]
T2 = [155900, 3000, 64200, 35800, 7300, 200600, 200300, 110200, 50100, 150800, 39100, 298000, 38900, 196900, 44200, 93300, 177600, 155700, 146000, 68600, 106400, 41400, 352200, 269100, 7100, 7200, 4500, 39400, 282200, 45300]

id 11
F = [20, 33, 19, 51, 23, 17, 14, 62, 16, 22, 16, 17, 45, 22, 14, 21, 25, 39, 75, 22, 22, 62, 15, 22, 82, 52, 57, 41, 70, 88]
F2 = [22, 44, 238, 90, 346, 254, 9, 88, 560, 578, 110, 470, 238, 680, 406, 14, 91, 73, 705, 132, 430, 622, 17, 15, 724, 72, 529, 515, 713, 23]
T = [14900, 20000, 15500, 33100, 95400, 12100, 12000, 32000, 17800, 16800, 13600, 11700, 24200, 18000, 10100, 14200, 15300, 23100, 40500, 16000, 14700, 34500, 15200, 16500, 41100, 39100, 35400, 23100, 38100, 44700]
T2 = [10400, 20300, 92100, 40200, 127400, 97100, 4600, 36400, 237100, 230500, 51600, 170400, 90900, 246400, 147200, 6700, 40600, 30700, 256200, 55100, 162400, 213500, 8500, 7000, 246800, 37500, 182100, 203200, 281900, 9000]

id 12
F = [100, 18, 110, 93, 24, 21, 16, 36, 52, 30, 153, 24, 84, 61, 84, 74, 16, 19, 83, 14, 16, 15, 36, 22, 20, 16, 15, 20, 54, 16]
F2 = [19, 520, 24, 184, 10, 104, 24, 19, 649, 10, 136, 11, 13, 709, 717, 197, 796, 21, 321, 457, 20, 14, 659, 576, 26, 777, 136, 12, 637, 533]
T = [62300, 15200, 75800, 59400, 19400, 15500, 12900, 32300, 33300, 20200, 76100, 15800, 47800, 35300, 41400, 39400, 10400, 14000, 41900, 11400, 11300, 11400, 23300, 15200, 19400, 11400, 12000, 13500, 30200, 11600]
T2 = [9700, 237400, 13400, 92400, 5700, 56200, 13800, 11100, 279300, 5700, 283200, 5200, 5200, 252600, 246100, 73200, 280600, 9700, 110400, 164300, 9200, 6400, 228600, 206800, 13700, 287800, 59300, 5400, 222000, 211000]

id 13
F = [20, 16, 15, 115, 15, 83, 16, 16, 16, 14, 44, 21, 47, 87, 16, 28, 48, 12, 45, 16, 12, 14, 90, 27, 29, 22, 19, 37, 10, 18]
F2 = [14, 397, 17, 186, 105, 344, 804, 684, 105, 92, 93, 262, 202, 16, 714, 12, 524, 29, 453, 88, 18, 89, 16, 366, 81, 717, 551, 12, 267, 109]
T = [18400, 47700, 12600, 56000, 14300, 49300, 11200, 11600, 14700, 11400, 24500, 20000, 43600, 46400, 11400, 25300, 26100, 14300, 31800, 26200, 12500, 10000, 51600, 15700, 17200, 18000, 13200, 20500, 8400, 11600]
T2 = [6600, 144800, 7900, 65600, 46300, 119500, 279000, 240800, 54200, 45000, 38700, 103300, 77000, 7000, 251400, 7000, 182700, 13000, 159200, 43200, 8300, 39700, 7400, 133900, 36300, 250500, 199800, 5500, 104300, 49000]

id 14
F = [74, 24, 15, 79, 13, 43, 39, 52, 72, 11, 25, 51, 32, 21, 22, 24, 62, 60, 26, 67, 15, 21, 15, 56, 109, 80, 19, 17, 21, 20]
F2 = [407, 466, 253, 201, 230, 229, 45, 263, 215, 454, 2, 333, 105, 129, 81, 66, 87, 213, 127, 204, 15, 444, 14, 392, 233, 515, 300, 596, 108, 84]
T = [38400, 18900, 11300, 43200, 9500, 29000, 28700, 30800, 40200, 9800, 16500, 27500, 18900, 13000, 14100, 14400, 32200, 32000, 15200, 37800, 11500, 16400, 10400, 29900, 67800, 40200, 25700, 54700, 14200, 13100]
T2 = [143600, 169900, 98300, 75200, 89500, 93700, 21400, 98500, 90200, 167200, 1000, 119200, 46000, 56400, 36600, 29200, 36200, 77100, 53000, 76100, 6900, 160800, 6700, 139400, 91700, 176000, 223700, 241700, 47300, 36600]

id 15
F = [46, 52, 21, 48, 18, 88, 19, 92, 19, 14, 17, 21, 32, 18, 49, 19, 28, 106, 12, 13, 69, 16, 19, 11, 17, 79, 20, 14, 22, 16]
F2 = [311, 69, 94, 205, 17, 7, 12, 8, 78, 737, 14, 269, 12, 520, 732, 666, 29, 175, 668, 95, 56, 235, 767, 102, 104, 357, 567, 753, 106, 275]
T = [27200, 32200, 17600, 40500, 12700, 47800, 11900, 45600, 12000, 14900, 17000, 15400, 42100, 16900, 42500, 15200, 24800, 55900, 9500, 10400, 36300, 12500, 14000, 18200, 11400, 40200, 19400, 11100, 16400, 12800]
T2 = [114900, 27900, 547600, 76700, 7700, 3500, 5500, 3400, 35100, 275800, 7900, 111100, 8400, 186600, 277800, 232300, 27200, 61500, 234200, 44800, 22600, 106500, 271900, 61100, 44700, 124000, 257000, 283700, 46600, 105600]

id 16
F = [23, 23, 48, 25, 130, 19, 43, 15, 31, 18, 35, 33, 37, 18, 83, 32, 13, 16, 9, 16, 42, 19, 18, 31, 21, 11, 75, 43, 41, 19]
F2 = [63, 464, 641, 414, 32, 18, 227, 723, 75, 12, 527, 46, 466, 12, 453, 52, 31, 262, 678, 688, 62, 541, 88, 69, 100, 29, 376, 405, 15, 292]
T = [16700, 16900, 52000, 18800, 85000, 14600, 30200, 12300, 21800, 15700, 26300, 26600, 48600, 14800, 50700, 18100, 13400, 13200, 12300, 13500, 28100, 16700, 15200, 24700, 19100, 12000, 32300, 30300, 26800, 21700]
T2 = [36800, 259100, 272600, 187000, 11400, 7700, 106400, 313500, 41000, 5100, 173000, 29500, 414600, 7000, 193200, 22400, 17600, 123800, 323200, 328700, 34400, 271100, 56000, 38100, 53500, 12900, 117100, 261500, 8400, 142200]

id 17
F = [26, 44, 13, 17, 91, 123, 103, 27, 16, 15, 17, 50, 107, 56, 20, 19, 14, 16, 41, 19, 17, 74, 18, 13, 14, 22, 16, 15, 90, 8]
F2 = [9, 255, 96, 317, 390, 64, 9, 756, 106, 102, 22, 46, 16, 77, 11, 103, 20, 85, 444, 356, 252, 12, 140, 757, 25, 262, 507, 23, 274, 85]
T = [18500, 33500, 11300, 13700, 45200, 58800, 60300, 19100, 14000, 13300, 15300, 33900, 54500, 35600, 14000, 14400, 11600, 11900, 23600, 15200, 16600, 45700, 14800, 11400, 10100, 14000, 13900, 19400, 44900, 10300]
T2 = [4400, 126500, 40800, 117400, 134000, 23500, 4000, 279600, 47000, 45100, 10300, 28000, 7000, 33400, 5300, 45500, 9500, 39400, 157300, 143100, 115700, 6000, 58500, 335000, 11500, 114900, 225000, 10900, 113900, 39900]

id 18
F = [36, 25, 22, 11, 97, 74, 11, 18, 20, 24, 36, 20, 16, 20, 16, 16, 22, 63, 19, 23, 27, 17, 14, 34, 15, 67, 82, 46, 19, 23]
F2 = [17, 150, 291, 21, 196, 212, 778, 105, 90, 135, 61, 103, 550, 18, 79, 460, 101, 403, 98, 3, 14, 27, 385, 31, 275, 76, 14, 318, 28, 450]
T = [22100, 14600, 16200, 33100, 50400, 42900, 9300, 11700, 12800, 14600, 21000, 13300, 12400, 18700, 11200, 10400, 19000, 38900, 13800, 14300, 24000, 18300, 10500, 20600, 10500, 42300, 42100, 32600, 19300, 21100]
T2 = [8700, 61400, 121900, 11700, 74600, 75100, 289400, 46000, 39000, 57200, 27200, 46100, 207600, 8300, 35900, 167400, 44500, 147700, 45400, 1400, 6700, 13100, 139400, 14400, 106000, 32000, 6200, 119800, 12800, 162000]

id 19
F = [24, 21, 76, 13, 36, 21, 14, 79, 12, 22, 46, 15, 12, 81, 19, 38, 25, 15, 10, 37, 54, 74, 20, 32, 42, 31, 48, 65, 49, 33]
F2 = [37, 415, 235, 16, 679, 551, 429, 672, 520, 108, 637, 30, 69, 639, 472, 70, 263, 14, 104, 17, 50, 42, 82, 75, 240, 17, 406, 43, 70, 92]
T = [16100, 14000, 40400, 11600, 27400, 18100, 13300, 44400, 10300, 14900, 27000, 10500, 9600, 42200, 17500, 25700, 16700, 16800, 8200, 28400, 33700, 45200, 18400, 31700, 29600, 22000, 24300, 43300, 33200, 23800]
T2 = [17700, 170600, 95300, 8500, 358300, 260400, 168300, 225600, 189900, 53900, 219900, 14300, 31500, 218900, 208800, 30900, 102000, 6700, 45300, 7500, 26600, 27100, 47500, 61500, 127900, 9600, 167200, 22700, 38200, 48200]

