id 0
F = [80, 17, 30, 16, 16, 23, 45, 13, 71, 48, 44, 16, 22, 42, 76, 13, 40, 43, 20, 32, 21, 73, 83, 50, 21, 12, 24, 46, 19, 93]
F2 = [696, 21, 279, 269, 263, 854, 440, 236, 219, 766, 58, 13, 447, 291, 724, 259, 3952, 67, 269, 10, 87, 249, 287, 247, 246, 106, 30, 58, 748, 176]
T = [241600, 96600, 33900, 9800, 11000, 88200, 15000, 3900, 24300, 24000, 27500, 12000, 16700, 21900, 38900, 3600, 25000, 20500, 30800, 10600, 12400, 71200, 36100, 26800, 18400, 7800, 13500, 14400, 7000, 70300]
T2 = [1185000, 29900, 115700, 232300, 156400, 344900, 133200, 57100, 45300, 289800, 26600, 4500, 174500, 140300, 301100, 59400, 1673200, 12500, 166800, 3400, 39400, 98100, 90900, 85200, 115100, 54400, 14600, 37400, 295100, 57700]

id 1
F = [21, 13, 12, 29, 21, 24, 103, 34, 21, 12, 20, 39, 21, 13, 131, 35, 20, 50, 17, 44, 75, 21, 14, 101, 20, 35, 45, 59, 19, 22]
F2 = [79, 833, 2323, 23, 205, 98, 156, 11, 1448, 499, 522, 1356, 839, 92, 657, 66, 1007, 56, 466, 469, 400, 1494, 299, 699, 1500, 15, 66, 36, 802, 1043]
T = [66300, 8800, 6000, 17900, 8800, 16300, 85900, 81000, 10900, 22400, 15200, 16800, 11000, 5400, 65800, 13500, 7800, 26500, 7300, 14200, 28600, 7700, 7900, 21500, 4400, 14000, 15100, 22600, 9800, 11000]
T2 = [24900, 408400, 759800, 12300, 75000, 61800, 87100, 5200, 462400, 198500, 232900, 552700, 380100, 26800, 415900, 23300, 319400, 21500, 173800, 138000, 141500, 446400, 107500, 319500, 250600, 5000, 20800, 12600, 267100, 397400]

id 2
F = [15, 52, 13, 92, 87, 114, 68, 23, 103, 13, 52, 17, 64, 21, 24, 95, 95, 32, 18, 70, 31, 79, 75, 14, 99, 14, 40, 11, 15, 44]
F2 = [744, 274, 100, 768, 830, 155, 54, 268, 178, 281, 490, 20, 240, 120, 11, 1622, 18, 89, 756, 226, 88, 212, 729, 224, 30, 248, 9, 458, 93, 243]
T = [8500, 19900, 4500, 28500, 30700, 32400, 31200, 89000, 34700, 4800, 15300, 6700, 17800, 7400, 12600, 48600, 51700, 10700, 6600, 24400, 10000, 22600, 27700, 13000, 30000, 4700, 12800, 3600, 5400, 15200]
T2 = [376600, 103600, 35500, 210300, 255200, 43200, 20100, 80500, 59700, 77200, 135100, 5200, 66600, 32300, 4300, 774900, 5200, 27300, 224800, 132800, 24700, 59300, 238400, 108200, 8000, 68500, 2700, 126500, 25900, 82400]

id 3
F = [27, 19, 69, 18, 80, 17, 64, 52, 43, 15, 44, 85, 24, 18, 19, 13, 16, 27, 19, 13, 23, 18, 129, 11, 83, 11, 30, 12, 88, 36]
F2 = [251, 859, 372, 673, 1381, 268, 251, 32, 219, 272, 1421, 1600, 298, 87, 92, 1479, 21, 52, 239, 497, 261, 1907, 144, 790, 7, 277, 15, 1277, 395, 47]
T = [10100, 10400, 24100, 8100, 27400, 6800, 29400, 24100, 19900, 5700, 53700, 45100, 10700, 9700, 9300, 5100, 6300, 14200, 7200, 5200, 10300, 7300, 95200, 5000, 56500, 5200, 14600, 5900, 46400, 15000]
T2 = [85600, 341900, 133200, 325800, 512000, 95100, 99700, 20000, 93400, 90500, 636800, 669100, 115700, 36600, 35500, 547700, 6800, 28900, 80800, 164800, 94300, 639500, 90400, 283700, 2600, 91900, 6800, 468200, 143900, 17300]

id 4
F = [20, 20, 38, 18, 19, 13, 16, 61, 12, 42, 62, 17, 22, 22, 20, 24, 64, 100, 55, 33, 45, 15, 14, 16, 78, 38, 65, 119, 49, 11]
F2 = [426, 13, 253, 101, 279, 13, 417, 223, 264, 46, 1484, 269, 270, 430, 102, 1385, 439, 729, 707, 13, 358, 105, 307, 1457, 333, 13, 31, 199, 73, 97]
T = [8800, 9600, 14000, 6700, 7300, 5400, 6500, 21500, 5600, 15300, 21700, 8100, 8400, 8100, 7500, 9200, 23800, 34700, 19800, 14300, 16000, 7300, 6900, 7100, 30200, 13200, 22900, 40500, 19200, 4700]
T2 = [154100, 4300, 85100, 34400, 94400, 4400, 150700, 74300, 109400, 25600, 499100, 101000, 89400, 143600, 34400, 474000, 145900, 246900, 328200, 5000, 119500, 35300, 125900, 582800, 111800, 4600, 10500, 76600, 26600, 32600]

id 5
F = [103, 14, 13, 18, 39, 38, 20, 96, 58, 10, 47, 101, 47, 75, 101, 66, 24, 17, 15, 20, 21, 16, 89, 55, 108, 36, 82, 11, 43, 46]
F2 = [378, 497, 833, 32, 59, 62, 74, 3878, 1641, 282, 18, 380, 857, 42, 194, 14, 184, 306, 427, 95, 253, 283, 16, 814, 16, 731, 27, 460, 239, 244]
T = [28800, 5600, 5000, 5700, 11700, 12000, 9000, 40300, 24800, 5600, 19900, 28000, 13600, 20900, 30200, 19800, 7400, 5000, 5000, 6700, 6200, 5500, 33100, 15800, 30500, 13600, 27800, 4300, 15500, 15700]
T2 = [103000, 141800, 233000, 8900, 16700, 17700, 30600, 1614900, 680200, 117100, 7400, 107300, 239900, 11800, 54000, 4100, 61000, 83800, 122200, 26200, 69300, 77900, 6100, 238300, 4300, 278000, 9200, 152800, 83500, 81800]

id 6
F = [26, 22, 42, 20, 20, 40, 13, 27, 15, 13, 17, 51, 37, 22, 14, 14, 22, 51, 89, 26, 19, 15, 42, 16, 37, 15, 57, 18, 15, 12]
F2 = [90, 97, 3163, 275, 238, 705, 325, 2603, 84, 89, 420, 214, 859, 1423, 298, 498, 869, 242, 207, 87, 266, 978, 405, 67, 18, 22, 230, 903, 266, 285]
T = [10000, 8600, 15300, 8800, 7700, 14800, 6100, 13500, 6300, 7500, 7100, 28200, 14700, 9900, 6200, 6100, 9400, 21400, 32500, 10000, 8100, 8300, 15700, 6300, 15300, 12800, 24600, 7600, 5700, 5100]
T2 = [30200, 32500, 1087100, 102000, 78800, 234400, 128800, 1425200, 29800, 31300, 164500, 88100, 311500, 507000, 115200, 194200, 341900, 98900, 83700, 31100, 89700, 338200, 134500, 25500, 5800, 20800, 90000, 300800, 88300, 106100]

id 7
F = [36, 49, 17, 24, 23, 93, 12, 97, 22, 50, 13, 18, 16, 42, 17, 15, 84, 58, 23, 65, 12, 11, 12, 16, 67, 17, 9, 16, 12, 23]
F2 = [20, 215, 481, 86, 267, 345, 259, 26, 462, 279, 278, 111, 246, 254, 454, 95, 9, 434, 1, 772, 1508, 461, 19, 12, 224, 974, 101, 282, 26, 291]
T = [14600, 17200, 6900, 8900, 9300, 32000, 4900, 33300, 7800, 18000, 5100, 6900, 6000, 14900, 6200, 5700, 28800, 19700, 8400, 22300, 5200, 4800, 5100, 6100, 24500, 6400, 4700, 6300, 5500, 11200]
T2 = [6600, 72300, 160100, 29400, 94900, 127600, 86000, 8600, 155600, 98000, 92600, 37800, 81700, 83700, 153900, 32500, 3300, 143500, 400, 261400, 519800, 154600, 6100, 4000, 75400, 325900, 33500, 95400, 8700, 98700]

id 8
F = [10, 40, 13, 30, 35, 15, 126, 16, 20, 16, 15, 101, 19, 66, 19, 80, 8, 17, 16, 37, 22, 10, 15, 39, 76, 18, 12, 67, 33, 20]
F2 = [475, 651, 1607, 69, 59, 12, 785, 290, 472, 800, 284, 16, 15, 1502, 416, 1437, 895, 264, 1441, 257, 63, 101, 1675, 265, 180, 12, 97, 404, 23, 411]
T = [5900, 14600, 15300, 11100, 11800, 6600, 43900, 6800, 7500, 6400, 5600, 35100, 16000, 23400, 8900, 28300, 3400, 7300, 7900, 15300, 8400, 5100, 6500, 13600, 26800, 8700, 5000, 24100, 12700, 7800]
T2 = [171600, 242700, 557600, 23700, 20200, 4000, 263400, 97300, 161800, 279900, 94300, 5300, 7000, 509400, 157600, 487400, 300400, 89800, 486000, 88700, 20800, 34000, 564300, 96100, 60900, 4200, 32800, 136400, 7600, 159100]

id 9
F = [42, 80, 28, 96, 23, 22, 20, 14, 46, 34, 16, 93, 65, 74, 47, 16, 16, 68, 14, 12, 18, 15, 22, 27, 63, 25, 16, 55, 11, 23]
F2 = [65, 11, 54, 10, 23, 1567, 262, 858, 279, 418, 15, 224, 236, 588, 215, 446, 800, 221, 88, 807, 195, 222, 897, 87, 257, 12, 103, 3278, 280, 105]
T = [16100, 27800, 10700, 32800, 8400, 8000, 8500, 5300, 16400, 12400, 7000, 31800, 24100, 25600, 19500, 6800, 7200, 24300, 6100, 5400, 7600, 6700, 9200, 9900, 22700, 11000, 5800, 19200, 4300, 9900]
T2 = [21600, 3800, 17700, 3100, 7600, 526500, 87900, 293600, 93400, 139600, 5300, 74600, 81700, 196100, 72900, 166800, 267900, 72900, 36300, 270700, 63900, 74400, 333500, 29500, 96400, 4600, 34600, 1109100, 94200, 36300]

id 10
F = [19, 14, 70, 19, 49, 11, 12, 46, 95, 30, 32, 42, 20, 24, 23, 32, 84, 19, 13, 16, 28, 20, 21, 20, 66, 85, 10, 27, 20, 20]
F2 = [273, 120, 1360, 77, 220, 19, 431, 224, 348, 449, 10, 199, 12, 294, 492, 238, 3472, 251, 102, 1732, 14, 263, 1750, 85, 39, 562, 454, 84, 88, 91]
T = [8400, 8000, 24400, 7200, 18100, 4800, 4700, 16500, 37000, 11900, 13300, 16500, 7700, 9900, 10200, 12000, 30700, 7300, 4700, 7500, 9900, 7800, 9500, 8400, 23700, 29800, 4500, 21900, 8200, 8100]
T2 = [107000, 40000, 453200, 25400, 74500, 5900, 143500, 74900, 117900, 149200, 3600, 67000, 3900, 109000, 171700, 79700, 1188300, 82300, 33500, 582700, 4400, 88400, 589200, 32300, 13300, 188000, 151800, 28700, 31800, 30500]

id 11
F = [17, 72, 21, 15, 15, 26, 65, 48, 23, 18, 19, 12, 17, 17, 36, 58, 15, 47, 48, 37, 29, 44, 16, 25, 15, 16, 17, 13, 12, 15]
F2 = [79, 216, 1512, 434, 1476, 1420, 230, 164, 2244, 1545, 497, 14, 908, 3622, 72, 159, 462, 399, 63, 14, 43, 453, 112, 100, 91, 442, 674, 92, 27, 16]
T = [15900, 29500, 8100, 9300, 6000, 10500, 23400, 18600, 9900, 7200, 7200, 5900, 6500, 9200, 13100, 27000, 6700, 16400, 21300, 14100, 14500, 15100, 6200, 9800, 6100, 6600, 7200, 4800, 5300, 6000]
T2 = [32200, 85300, 549300, 161200, 537200, 481700, 77100, 56000, 792000, 521200, 165700, 6000, 306400, 1488300, 23900, 63700, 156500, 134800, 21300, 5000, 20300, 153800, 37500, 33600, 30200, 148600, 263700, 29500, 9100, 5300]

id 12
F = [39, 42, 47, 58, 100, 14, 26, 44, 21, 18, 36, 16, 72, 65, 105, 20, 49, 13, 13, 52, 19, 14, 14, 68, 37, 69, 78, 32, 24, 12]
F2 = [280, 166, 407, 244, 35, 19, 16, 156, 761, 297, 239, 248, 382, 762, 678, 662, 225, 21, 21, 437, 248, 100, 32, 22, 19, 224, 206, 12, 513, 807]
T = [17100, 15300, 18600, 20400, 33900, 5900, 10500, 16100, 8400, 7500, 14500, 6900, 28200, 24500, 39600, 7800, 17600, 8200, 4700, 19800, 7100, 5600, 6400, 26700, 14900, 24100, 27900, 12500, 9100, 6800]
T2 = [93500, 54700, 165000, 82600, 12000, 7200, 5600, 51600, 257300, 115200, 81500, 90700, 128100, 256900, 238600, 221800, 74300, 10200, 7200, 147400, 82300, 33600, 10800, 8400, 7300, 75100, 69400, 3900, 173800, 307200]

id 13
F = [23, 13, 31, 30, 52, 18, 21, 19, 55, 18, 18, 17, 19, 20, 23, 16, 15, 42, 15, 66, 15, 44, 115, 27, 16, 19, 16, 19, 13, 49]
F2 = [311, 261, 48, 8, 793, 15, 1430, 118, 92, 186, 98, 18, 904, 91, 88, 16, 1003, 52, 672, 228, 973, 228, 181, 279, 183, 277, 18, 76, 457, 50]
T = [9900, 14500, 11100, 12200, 19500, 8800, 7800, 8200, 21000, 9300, 6700, 6400, 7700, 8000, 8400, 6100, 6400, 15500, 7300, 23600, 5700, 15300, 39400, 11300, 6200, 9400, 5900, 8200, 5800, 17400]
T2 = [104000, 91200, 16100, 3200, 262800, 5100, 480800, 39900, 30600, 126600, 33200, 6200, 303400, 29700, 30500, 5300, 347700, 17800, 225000, 78700, 332100, 75400, 61100, 93700, 60200, 108700, 5900, 29500, 154400, 19300]

id 14
F = [101, 15, 43, 15, 42, 13, 18, 16, 12, 133, 92, 19, 53, 68, 24, 17, 12, 50, 41, 28, 15, 78, 44, 14, 13, 16, 16, 25, 16, 18]
F2 = [186, 448, 59, 1561, 1489, 449, 115, 255, 18, 149, 12, 276, 47, 816, 214, 289, 238, 60, 1728, 253, 116, 195, 65, 97, 98, 87, 791, 302, 191, 1084]
T = [34900, 6400, 17300, 5500, 14500, 5500, 7200, 6700, 5100, 45700, 32000, 8400, 18300, 23500, 8900, 7100, 5500, 22200, 17000, 10500, 7400, 28700, 15800, 5500, 7400, 6600, 5900, 10100, 8600, 6900]
T2 = [61900, 154300, 23100, 525100, 502200, 149700, 37800, 89300, 5800, 49600, 4100, 92600, 15300, 277500, 70700, 108600, 81400, 30900, 579800, 84300, 38700, 66200, 22000, 31300, 34100, 28500, 262400, 100300, 64400, 401400]

id 15
F = [59, 58, 15, 14, 19, 84, 69, 13, 23, 15, 53, 72, 44, 62, 16, 85, 14, 61, 33, 11, 13, 14, 19, 47, 23, 28, 23, 91, 55, 19]
F2 = [50, 729, 104, 108, 823, 189, 33, 188, 98, 21, 876, 32, 835, 825, 307, 8, 2218, 427, 12, 33, 304, 475, 283, 56, 216, 894, 1448, 178, 480, 17]
T = [21200, 20900, 6700, 6400, 7900, 33400, 26100, 6600, 9700, 6500, 19200, 28300, 16600, 22500, 6200, 29800, 6900, 24700, 12100, 4800, 8500, 6300, 9700, 16200, 8800, 9900, 8900, 35100, 18400, 8400]
T2 = [17000, 247900, 34500, 37400, 275400, 122500, 11500, 88200, 34000, 6800, 292900, 11800, 287000, 278500, 108300, 2700, 791000, 143700, 4100, 10800, 140700, 162900, 95300, 18700, 72500, 299600, 491000, 74700, 162800, 7100]

id 16
F = [21, 11, 17, 22, 19, 95, 77, 16, 31, 104, 21, 36, 16, 53, 18, 11, 14, 57, 76, 114, 20, 50, 19, 15, 27, 14, 18, 54, 65, 13]
F2 = [72, 292, 275, 447, 13, 211, 238, 278, 59, 25, 469, 62, 82, 248, 14, 16, 278, 504, 217, 693, 871, 257, 811, 86, 1769, 4971, 301, 868, 232, 99]
T = [7700, 5200, 7300, 9600, 8200, 32600, 27300, 7000, 11600, 35900, 8000, 13400, 6200, 20400, 8800, 5700, 5900, 20500, 26500, 38500, 7900, 17300, 8800, 6600, 14000, 7500, 8400, 21100, 24600, 12700]
T2 = [24100, 108300, 99500, 163500, 4300, 71600, 78800, 92500, 28300, 8700, 157100, 21800, 29800, 93700, 5100, 6100, 91800, 168600, 113300, 229900, 363900, 85800, 318100, 30300, 655800, 1682300, 120700, 315300, 86700, 37000]

id 17
F = [71, 9, 39, 41, 18, 12, 15, 18, 22, 39, 66, 37, 15, 13, 27, 91, 13, 11, 38, 18, 25, 21, 24, 25, 46, 94, 18, 18, 53, 21]
F2 = [410, 106, 79, 433, 480, 24, 810, 723, 265, 769, 3047, 441, 260, 266, 255, 1448, 272, 796, 12, 94, 94, 273, 1047, 744, 416, 191, 275, 244, 236, 464]
T = [20400, 3200, 11900, 12800, 5900, 4600, 6500, 9600, 15900, 11700, 31300, 17500, 9600, 6000, 8200, 26600, 7000, 5800, 11700, 5900, 7500, 10600, 12700, 9100, 13400, 28000, 6500, 6200, 19600, 9400]
T2 = [112200, 29500, 21900, 151900, 132200, 6800, 277300, 325400, 122400, 271600, 1372300, 208000, 124400, 112800, 70900, 414800, 114000, 326000, 3300, 27000, 37500, 112000, 503600, 237900, 116100, 53700, 76100, 77400, 79100, 193500]

id 18
F = [35, 15, 11, 18, 12, 59, 15, 26, 22, 20, 26, 15, 45, 47, 57, 15, 34, 19, 33, 17, 85, 21, 82, 14, 14, 27, 16, 26, 18, 57]
F2 = [235, 1696, 1410, 106, 199, 59, 794, 20, 293, 278, 812, 745, 456, 51, 284, 96, 13, 271, 83, 16, 211, 8, 374, 1006, 1474, 1413, 87, 226, 16, 566]
T = [12500, 6800, 6500, 8100, 5100, 21900, 7600, 10900, 10300, 9300, 38200, 6900, 21600, 23600, 23300, 6100, 13400, 8600, 18500, 8300, 29500, 8600, 32200, 7700, 6200, 9700, 7200, 9400, 7600, 21700]
T2 = [79100, 647200, 524000, 44100, 66900, 19900, 297700, 7500, 105000, 92400, 452200, 269600, 181600, 23200, 121000, 32600, 4700, 100500, 28200, 6000, 74400, 2400, 144800, 460900, 502100, 508800, 29500, 76000, 5500, 240600]

id 19
F = [21, 54, 66, 15, 13, 14, 94, 80, 24, 16, 14, 95, 18, 70, 16, 82, 33, 55, 27, 18, 20, 17, 13, 19, 11, 80, 17, 19, 13, 19]
F2 = [29, 867, 39, 445, 248, 831, 459, 17, 438, 190, 865, 1213, 13, 449, 11, 49, 817, 606, 1492, 15, 932, 270, 23, 288, 853, 542, 823, 470, 28, 293]
T = [8200, 20800, 23000, 6200, 4700, 6900, 33900, 61100, 9500, 8100, 5700, 32500, 6800, 24300, 6200, 28800, 12400, 18800, 9600, 10300, 10300, 7000, 5500, 7200, 4400, 27700, 7900, 8000, 5200, 38400]
T2 = [9500, 290800, 13300, 151000, 82600, 282700, 153100, 7300, 148200, 84800, 289400, 403800, 4200, 150400, 3900, 16600, 297400, 199400, 506300, 14500, 328600, 95000, 7300, 99000, 294800, 197300, 285400, 156900, 9400, 112900]

