rpt id 10
F = [95, 508, 110, 92, 104, 21, 808, 885, 107, 104, 324, 106, 1234, 501, 78, 128, 1195, 413, 88, 110, 87, 103, 90, 91, 88, 117, 484, 94, 77, 78]
F2 = [0, 0, 0, 0, 0, 0, 0, 0, 0, 0, 0, 0, 0, 0, 0, 0, 0, 0, 0, 0, 0, 0, 0, 0, 0, 0, 0, 0, 0, 0]
T = [33400, 170700, 46500, 31800, 36500, 8300, 271400, 310200, 39600, 38900, 107100, 57800, 451500, 167500, 27700, 43500, 408200, 140500, 32500, 37600, 29900, 35000, 56200, 31400, 31100, 56600, 196600, 32600, 27400, 27100]
T2 = [0, 0, 0, 0, 0, 0, 0, 0, 0, 0, 0, 0, 0, 0, 0, 0, 0, 0, 0, 0, 0, 0, 0, 0, 0, 0, 0, 0, 0, 0]

drt id 13
F = [34, 111, 1136, 85, 103, 115, 114, 98, 128, 111, 99, 98, 290, 105, 142, 121, 1186, 120, 498, 105, 85, 313, 78, 108, 27, 115, 535, 108, 138, 26]
F2 = [0, 0, 0, 0, 0, 0, 0, 0, 0, 0, 0, 0, 0, 0, 0, 0, 0, 0, 0, 0, 0, 0, 0, 0, 0, 0, 0, 0, 0, 0]
T = [15400, 47000, 465100, 39200, 38100, 55900, 40700, 37300, 46000, 50600, 34800, 35600, 100000, 40600, 51600, 45800, 402300, 61400, 168900, 37200, 31000, 108000, 33100, 47000, 12600, 58200, 183300, 37900, 49100, 17100]
T2 = [0, 0, 0, 0, 0, 0, 0, 0, 0, 0, 0, 0, 0, 0, 0, 0, 0, 0, 0, 0, 0, 0, 0, 0, 0, 0, 0, 0, 0, 0]

mapt id 30
F = [91, 117, 473, 119, 122, 127, 314, 533, 106, 110, 89, 103, 96, 109, 114, 105, 108, 122, 99, 100, 101, 26, 280, 110, 25, 100, 108, 104, 116, 508]
F2 = [0, 0, 0, 0, 0, 0, 0, 0, 0, 0, 0, 0, 0, 0, 0, 0, 0, 0, 0, 0, 0, 0, 0, 0, 0, 0, 0, 0, 0, 0]
T = [35100, 52600, 393100, 45600, 58700, 47200, 224000, 201500, 40300, 41100, 36500, 54300, 36400, 41800, 50200, 40900, 59400, 56300, 39800, 57200, 49900, 16900, 173700, 43500, 15600, 40400, 59800, 53700, 46200, 182200]
T2 = [0, 0, 0, 0, 0, 0, 0, 0, 0, 0, 0, 0, 0, 0, 0, 0, 0, 0, 0, 0, 0, 0, 0, 0, 0, 0, 0, 0, 0, 0]

rapt id 77
F = [86, 86, 103, 117, 113, 111, 125, 131, 301, 293, 25, 117, 106, 120, 136, 79, 93, 275, 111, 118, 144, 84, 170, 118, 95, 81, 92, 112, 85, 32]
F2 = [0, 0, 0, 0, 0, 0, 0, 0, 0, 0, 0, 0, 0, 0, 0, 0, 0, 0, 0, 0, 0, 0, 0, 0, 0, 0, 0, 0, 0, 0]
T = [47100, 37200, 45100, 42800, 45000, 49700, 47600, 51700, 111000, 115700, 17100, 44300, 40200, 74700, 51500, 42900, 41800, 151400, 56000, 55000, 90700, 43400, 64400, 60200, 40200, 39100, 35300, 50700, 35400, 15700]
T2 = [0, 0, 0, 0, 0, 0, 0, 0, 0, 0, 0, 0, 0, 0, 0, 0, 0, 0, 0, 0, 0, 0, 0, 0, 0, 0, 0, 0, 0, 0]

rlaptq id 5
F = [310, 84, 122, 111, 31, 26, 91, 27, 112, 125, 75, 114, 119, 102, 27, 107, 146, 24, 27, 82, 101, 112, 108, 104, 105, 116, 108, 110, 90, 76]
F2 = [0, 0, 0, 0, 0, 0, 0, 0, 0, 0, 0, 0, 0, 0, 0, 0, 0, 0, 0, 0, 0, 0, 0, 0, 0, 0, 0, 0, 0, 0]
T = [174600, 30500, 39800, 36400, 9600, 20300, 34800, 9700, 34000, 44600, 33400, 55500, 53600, 34000, 9900, 52500, 63900, 12500, 16400, 27700, 44800, 39200, 47400, 45200, 43300, 46900, 61100, 39000, 32700, 24900]
T2 = [0, 0, 0, 0, 0, 0, 0, 0, 0, 0, 0, 0, 0, 0, 0, 0, 0, 0, 0, 0, 0, 0, 0, 0, 0, 0, 0, 0, 0, 0]

rlapts id 60
F = [82, 107, 115, 102, 106, 25, 107, 110, 110, 122, 94, 96, 110, 90, 79, 25, 23, 100, 112, 100, 83, 95, 109, 482, 97, 108, 109, 125, 89, 81]
F2 = [0, 0, 0, 0, 0, 0, 0, 0, 0, 0, 0, 0, 0, 0, 0, 0, 0, 0, 0, 0, 0, 0, 0, 0, 0, 0, 0, 0, 0, 0]
T = [55000, 44700, 49300, 72500, 47900, 18500, 54800, 48100, 56200, 70600, 69500, 41400, 46500, 38500, 36100, 17800, 15000, 43100, 48100, 53300, 37300, 41100, 63500, 183300, 44400, 46400, 45200, 50600, 47800, 36600]
T2 = [0, 0, 0, 0, 0, 0, 0, 0, 0, 0, 0, 0, 0, 0, 0, 0, 0, 0, 0, 0, 0, 0, 0, 0, 0, 0, 0, 0, 0, 0]
