id 0
F = [35, 502, 167, 412, 113, 96, 88, 106, 78, 88, 111, 99, 82, 519, 126, 115, 103, 123, 102, 304, 111, 109, 155, 117, 97, 291, 21, 118, 118, 303]
F2 = [0, 0, 0, 0, 0, 0, 0, 0, 0, 0, 0, 0, 0, 0, 0, 0, 0, 0, 0, 0, 0, 0, 0, 0, 0, 0, 0, 0, 0, 0]
T = [162000, 803100, 198900, 253600, 56200, 61300, 43500, 49600, 44800, 44500, 49500, 65700, 47300, 265400, 94900, 52300, 81300, 54100, 54400, 200900, 121400, 58300, 67600, 78400, 42500, 161100, 13900, 59300, 62900, 123900]
T2 = [0, 0, 0, 0, 0, 0, 0, 0, 0, 0, 0, 0, 0, 0, 0, 0, 0, 0, 0, 0, 0, 0, 0, 0, 0, 0, 0, 0, 0, 0]

id 1
F = [110, 884, 121, 26, 105, 23, 2281, 114, 146, 35, 414, 304, 110, 27, 115, 120, 89, 29, 120, 121, 110, 487, 101, 113, 527, 103, 82, 289, 107, 926]
F2 = [0, 0, 0, 0, 0, 0, 0, 0, 0, 0, 0, 0, 0, 0, 0, 0, 0, 0, 0, 0, 0, 0, 0, 0, 0, 0, 0, 0, 0, 0]
T = [101300, 463100, 77000, 70800, 41800, 11200, 1166600, 42100, 53300, 14900, 146700, 108400, 44400, 127500, 44600, 75400, 34600, 18500, 51400, 46500, 41800, 174700, 44100, 47100, 196500, 45200, 31600, 125100, 55900, 351500]
T2 = [0, 0, 0, 0, 0, 0, 0, 0, 0, 0, 0, 0, 0, 0, 0, 0, 0, 0, 0, 0, 0, 0, 0, 0, 0, 0, 0, 0, 0, 0]

id 2
F = [112, 112, 81, 124, 107, 103, 83, 28, 299, 98, 111, 28, 26, 115, 113, 119, 114, 141, 1323, 107, 98, 315, 84, 531, 484, 29, 81, 290, 108, 292]
F2 = [0, 0, 0, 0, 0, 0, 0, 0, 0, 0, 0, 0, 0, 0, 0, 0, 0, 0, 0, 0, 0, 0, 0, 0, 0, 0, 0, 0, 0, 0]
T = [44200, 44800, 32200, 48100, 43100, 43700, 31700, 13000, 108000, 37200, 42200, 13200, 12500, 45400, 41500, 49100, 45400, 51100, 483700, 47600, 45700, 111300, 37200, 188900, 180900, 13000, 41100, 105500, 41400, 105000]
T2 = [0, 0, 0, 0, 0, 0, 0, 0, 0, 0, 0, 0, 0, 0, 0, 0, 0, 0, 0, 0, 0, 0, 0, 0, 0, 0, 0, 0, 0, 0]

id 3
F = [34, 27, 105, 541, 81, 563, 29, 98, 113, 113, 110, 30, 114, 107, 30, 494, 141, 22, 106, 94, 87, 100, 22, 101, 29, 112, 861, 431, 93, 103]
F2 = [0, 0, 0, 0, 0, 0, 0, 0, 0, 0, 0, 0, 0, 0, 0, 0, 0, 0, 0, 0, 0, 0, 0, 0, 0, 0, 0, 0, 0, 0]
T = [15400, 16400, 40900, 210900, 38700, 198600, 16000, 36300, 55500, 41700, 43500, 13800, 47800, 38700, 19900, 200400, 53800, 12100, 44900, 35700, 34600, 41800, 14900, 37300, 22600, 43000, 383400, 155500, 35600, 39700]
T2 = [0, 0, 0, 0, 0, 0, 0, 0, 0, 0, 0, 0, 0, 0, 0, 0, 0, 0, 0, 0, 0, 0, 0, 0, 0, 0, 0, 0, 0, 0]

id 4
F = [593, 441, 663, 25, 34, 108, 106, 128, 119, 305, 498, 105, 112, 90, 107, 99, 117, 276, 107, 111, 308, 500, 122, 80, 123, 283, 102, 108, 87, 152]
F2 = [0, 0, 0, 0, 0, 0, 0, 0, 0, 0, 0, 0, 0, 0, 0, 0, 0, 0, 0, 0, 0, 0, 0, 0, 0, 0, 0, 0, 0, 0]
T = [213600, 159400, 241000, 17300, 15100, 45300, 39900, 51900, 53800, 131000, 250000, 43100, 46500, 39200, 44600, 41700, 43500, 105500, 49900, 50800, 109100, 193900, 48100, 29800, 45200, 99700, 39600, 46100, 42400, 58400]
T2 = [0, 0, 0, 0, 0, 0, 0, 0, 0, 0, 0, 0, 0, 0, 0, 0, 0, 0, 0, 0, 0, 0, 0, 0, 0, 0, 0, 0, 0, 0]

id 5
F = [108, 107, 501, 104, 524, 116, 81, 28, 86, 103, 86, 101, 118, 146, 112, 103, 88, 145, 728, 24, 94, 118, 135, 112, 109, 28, 101, 112, 109, 115]
F2 = [0, 0, 0, 0, 0, 0, 0, 0, 0, 0, 0, 0, 0, 0, 0, 0, 0, 0, 0, 0, 0, 0, 0, 0, 0, 0, 0, 0, 0, 0]
T = [43800, 40100, 210500, 53100, 187700, 47400, 30500, 14400, 32800, 39600, 34700, 40500, 43600, 54100, 41700, 38200, 38900, 52200, 255600, 10800, 38700, 43600, 111000, 51300, 42900, 16400, 40500, 47800, 42500, 47200]
T2 = [0, 0, 0, 0, 0, 0, 0, 0, 0, 0, 0, 0, 0, 0, 0, 0, 0, 0, 0, 0, 0, 0, 0, 0, 0, 0, 0, 0, 0, 0]

id 6
F = [105, 106, 102, 119, 506, 120, 94, 114, 29, 128, 82, 31, 283, 25, 100, 88, 124, 25, 117, 107, 104, 105, 100, 73, 115, 99, 101, 98, 417, 113]
F2 = [0, 0, 0, 0, 0, 0, 0, 0, 0, 0, 0, 0, 0, 0, 0, 0, 0, 0, 0, 0, 0, 0, 0, 0, 0, 0, 0, 0, 0, 0]
T = [45000, 40400, 49800, 46200, 240300, 43700, 35400, 43700, 19000, 48500, 32600, 13200, 119300, 17500, 37500, 32800, 74200, 13300, 41600, 48500, 54300, 52300, 39900, 42900, 57700, 39900, 40700, 36800, 198300, 95300]
T2 = [0, 0, 0, 0, 0, 0, 0, 0, 0, 0, 0, 0, 0, 0, 0, 0, 0, 0, 0, 0, 0, 0, 0, 0, 0, 0, 0, 0, 0, 0]

id 7
F = [110, 118, 116, 96, 1660, 113, 104, 161, 136, 27, 158, 111, 113, 116, 157, 33, 91, 108, 489, 98, 106, 112, 85, 102, 87, 112, 112, 106, 109, 111]
F2 = [0, 0, 0, 0, 0, 0, 0, 0, 0, 0, 0, 0, 0, 0, 0, 0, 0, 0, 0, 0, 0, 0, 0, 0, 0, 0, 0, 0, 0, 0]
T = [42900, 46000, 54000, 36800, 722900, 49500, 39100, 57800, 55400, 15000, 82900, 59800, 47300, 70700, 56100, 13200, 35800, 40500, 177100, 38200, 38200, 42100, 55500, 38100, 42600, 40400, 41600, 39300, 46300, 43300]
T2 = [0, 0, 0, 0, 0, 0, 0, 0, 0, 0, 0, 0, 0, 0, 0, 0, 0, 0, 0, 0, 0, 0, 0, 0, 0, 0, 0, 0, 0, 0]

id 8
F = [102, 84, 153, 110, 154, 312, 560, 552, 32, 106, 100, 72, 420, 99, 92, 103, 28, 96, 84, 300, 112, 306, 26, 91, 115, 86, 28, 100, 117, 32]
F2 = [0, 0, 0, 0, 0, 0, 0, 0, 0, 0, 0, 0, 0, 0, 0, 0, 0, 0, 0, 0, 0, 0, 0, 0, 0, 0, 0, 0, 0, 0]
T = [112300, 31400, 56700, 40200, 60700, 125800, 189900, 222600, 13000, 39200, 35300, 26600, 149700, 36600, 33200, 39500, 11600, 41400, 32600, 120000, 40100, 129800, 11200, 34900, 67500, 30700, 11800, 37900, 43800, 14300]
T2 = [0, 0, 0, 0, 0, 0, 0, 0, 0, 0, 0, 0, 0, 0, 0, 0, 0, 0, 0, 0, 0, 0, 0, 0, 0, 0, 0, 0, 0, 0]

id 9
F = [99, 104, 129, 109, 515, 109, 31, 110, 306, 109, 112, 117, 106, 300, 285, 1406, 82, 72, 433, 26, 107, 274, 109, 162, 141, 29, 291, 108, 119, 104]
F2 = [0, 0, 0, 0, 0, 0, 0, 0, 0, 0, 0, 0, 0, 0, 0, 0, 0, 0, 0, 0, 0, 0, 0, 0, 0, 0, 0, 0, 0, 0]
T = [39500, 37500, 46000, 38500, 177000, 45200, 13100, 46100, 107300, 40100, 39600, 41100, 43200, 103700, 97500, 487100, 29300, 25600, 149000, 11800, 46300, 95200, 40300, 56800, 50500, 12300, 110000, 44900, 41700, 36400]
T2 = [0, 0, 0, 0, 0, 0, 0, 0, 0, 0, 0, 0, 0, 0, 0, 0, 0, 0, 0, 0, 0, 0, 0, 0, 0, 0, 0, 0, 0, 0]

id 10
F = [90, 85, 80, 304, 28, 155, 29, 134, 102, 302, 121, 135, 151, 139, 114, 663, 298, 29, 113, 116, 32, 559, 107, 118, 96, 116, 119, 113, 32, 107]
F2 = [0, 0, 0, 0, 0, 0, 0, 0, 0, 0, 0, 0, 0, 0, 0, 0, 0, 0, 0, 0, 0, 0, 0, 0, 0, 0, 0, 0, 0, 0]
T = [32400, 31400, 32200, 109000, 10400, 59700, 12300, 53100, 35300, 105500, 45600, 50100, 54300, 50200, 42200, 267400, 103700, 12900, 40700, 43500, 13300, 194500, 39600, 47400, 34000, 43600, 42200, 40100, 12100, 38300]
T2 = [0, 0, 0, 0, 0, 0, 0, 0, 0, 0, 0, 0, 0, 0, 0, 0, 0, 0, 0, 0, 0, 0, 0, 0, 0, 0, 0, 0, 0, 0]

id 11
F = [106, 769, 303, 126, 96, 112, 841, 87, 103, 94, 101, 258, 97, 111, 102, 103, 25, 101, 99, 96, 97, 107, 113, 125, 96, 113, 477, 120, 146, 114]
F2 = [0, 0, 0, 0, 0, 0, 0, 0, 0, 0, 0, 0, 0, 0, 0, 0, 0, 0, 0, 0, 0, 0, 0, 0, 0, 0, 0, 0, 0, 0]
T = [37400, 268900, 103700, 49000, 34700, 40900, 298300, 35100, 51500, 38600, 37600, 93400, 408500, 40900, 39000, 38400, 53000, 36900, 36700, 35700, 33800, 40800, 42200, 43900, 34300, 52000, 304900, 42800, 52300, 57000]
T2 = [0, 0, 0, 0, 0, 0, 0, 0, 0, 0, 0, 0, 0, 0, 0, 0, 0, 0, 0, 0, 0, 0, 0, 0, 0, 0, 0, 0, 0, 0]

id 12
F = [109, 29, 81, 678, 107, 25, 102, 116, 104, 90, 105, 27, 105, 32, 103, 112, 117, 82, 107, 148, 79, 102, 100, 97, 122, 96, 316, 539, 98, 424]
F2 = [0, 0, 0, 0, 0, 0, 0, 0, 0, 0, 0, 0, 0, 0, 0, 0, 0, 0, 0, 0, 0, 0, 0, 0, 0, 0, 0, 0, 0, 0]
T = [39600, 12100, 42300, 239800, 42500, 14200, 40800, 46800, 37800, 35700, 37300, 14600, 38700, 16800, 37500, 55300, 47300, 30200, 39000, 54100, 29000, 36400, 43100, 39800, 45000, 35600, 132500, 220400, 86500, 146500]
T2 = [0, 0, 0, 0, 0, 0, 0, 0, 0, 0, 0, 0, 0, 0, 0, 0, 0, 0, 0, 0, 0, 0, 0, 0, 0, 0, 0, 0, 0, 0]

id 13
F = [34, 111, 1136, 85, 103, 115, 114, 98, 128, 111, 99, 98, 290, 105, 142, 121, 1186, 120, 498, 105, 85, 313, 78, 108, 27, 115, 535, 108, 138, 26]
F2 = [0, 0, 0, 0, 0, 0, 0, 0, 0, 0, 0, 0, 0, 0, 0, 0, 0, 0, 0, 0, 0, 0, 0, 0, 0, 0, 0, 0, 0, 0]
T = [15400, 47000, 465100, 39200, 38100, 55900, 40700, 37300, 46000, 50600, 34800, 35600, 100000, 40600, 51600, 45800, 402300, 61400, 168900, 37200, 31000, 108000, 33100, 47000, 12600, 58200, 183300, 37900, 49100, 17100]
T2 = [0, 0, 0, 0, 0, 0, 0, 0, 0, 0, 0, 0, 0, 0, 0, 0, 0, 0, 0, 0, 0, 0, 0, 0, 0, 0, 0, 0, 0, 0]

id 14
F = [109, 107, 99, 280, 86, 157, 296, 333, 76, 111, 86, 108, 92, 117, 30, 118, 115, 26, 81, 118, 95, 94, 109, 120, 105, 509, 104, 98, 113, 111]
F2 = [0, 0, 0, 0, 0, 0, 0, 0, 0, 0, 0, 0, 0, 0, 0, 0, 0, 0, 0, 0, 0, 0, 0, 0, 0, 0, 0, 0, 0, 0]
T = [43500, 51500, 36500, 108600, 34800, 57700, 105300, 118200, 34500, 59300, 33800, 43900, 37400, 43200, 16900, 41700, 47400, 13300, 30300, 57600, 35500, 35300, 42700, 43200, 219300, 265900, 37800, 37100, 44200, 41400]
T2 = [0, 0, 0, 0, 0, 0, 0, 0, 0, 0, 0, 0, 0, 0, 0, 0, 0, 0, 0, 0, 0, 0, 0, 0, 0, 0, 0, 0, 0, 0]

id 15
F = [272, 107, 520, 121, 109, 112, 104, 119, 102, 32, 760, 101, 68, 122, 111, 35, 138, 110, 113, 118, 103, 23, 150, 111, 118, 115, 88, 293, 119, 77]
F2 = [0, 0, 0, 0, 0, 0, 0, 0, 0, 0, 0, 0, 0, 0, 0, 0, 0, 0, 0, 0, 0, 0, 0, 0, 0, 0, 0, 0, 0, 0]
T = [136000, 41700, 194500, 55300, 39300, 50900, 52800, 42400, 115500, 64400, 269600, 37200, 30600, 93100, 42700, 17900, 188900, 43700, 40300, 60500, 71000, 13500, 66100, 43500, 42200, 50200, 34600, 101800, 67500, 45900]
T2 = [0, 0, 0, 0, 0, 0, 0, 0, 0, 0, 0, 0, 0, 0, 0, 0, 0, 0, 0, 0, 0, 0, 0, 0, 0, 0, 0, 0, 0, 0]

id 16
F = [104, 110, 101, 113, 108, 117, 108, 70, 100, 26, 86, 124, 140, 108, 107, 110, 86, 108, 81, 82, 110, 21, 303, 21, 110, 106, 29, 86, 98, 281]
F2 = [0, 0, 0, 0, 0, 0, 0, 0, 0, 0, 0, 0, 0, 0, 0, 0, 0, 0, 0, 0, 0, 0, 0, 0, 0, 0, 0, 0, 0, 0]
T = [49800, 51400, 50100, 49900, 49900, 64000, 52900, 39000, 67700, 13400, 86900, 82200, 69000, 53900, 57700, 34900, 74700, 56800, 25100, 39900, 57500, 15000, 93100, 16300, 60700, 63900, 19200, 54400, 51100, 102200]
T2 = [0, 0, 0, 0, 0, 0, 0, 0, 0, 0, 0, 0, 0, 0, 0, 0, 0, 0, 0, 0, 0, 0, 0, 0, 0, 0, 0, 0, 0, 0]

id 17
F = [98, 96, 501, 78, 293, 113, 97, 99, 104, 104, 104, 288, 122, 153, 118, 155, 86, 104, 81, 106, 82, 115, 90, 144, 93, 290, 457, 105, 106, 109]
F2 = [0, 0, 0, 0, 0, 0, 0, 0, 0, 0, 0, 0, 0, 0, 0, 0, 0, 0, 0, 0, 0, 0, 0, 0, 0, 0, 0, 0, 0, 0]
T = [42700, 28900, 210600, 44800, 82000, 34100, 30700, 30000, 32000, 56900, 45300, 81500, 36200, 68600, 55200, 53000, 34500, 33600, 28000, 47100, 27700, 34900, 28400, 63600, 45300, 84100, 159400, 41900, 37600, 38500]
T2 = [0, 0, 0, 0, 0, 0, 0, 0, 0, 0, 0, 0, 0, 0, 0, 0, 0, 0, 0, 0, 0, 0, 0, 0, 0, 0, 0, 0, 0, 0]

id 18
F = [33, 94, 20, 132, 115, 104, 25, 115, 113, 796, 96, 82, 110, 112, 105, 103, 108, 87, 297, 82, 124, 146, 23, 108, 99, 417, 101, 30, 98, 106]
F2 = [0, 0, 0, 0, 0, 0, 0, 0, 0, 0, 0, 0, 0, 0, 0, 0, 0, 0, 0, 0, 0, 0, 0, 0, 0, 0, 0, 0, 0, 0]
T = [14100, 43900, 13000, 63700, 41000, 37500, 13300, 64600, 41700, 270800, 34700, 37500, 43600, 48500, 50000, 45900, 42600, 33600, 105500, 30200, 43800, 52200, 18500, 38200, 37500, 143300, 41000, 12400, 37200, 41500]
T2 = [0, 0, 0, 0, 0, 0, 0, 0, 0, 0, 0, 0, 0, 0, 0, 0, 0, 0, 0, 0, 0, 0, 0, 0, 0, 0, 0, 0, 0, 0]

id 19
F = [110, 111, 529, 104, 118, 25, 27, 145, 105, 92, 520, 87, 105, 120, 108, 111, 111, 110, 288, 127, 103, 105, 33, 89, 109, 107, 104, 118, 98, 103]
F2 = [0, 0, 0, 0, 0, 0, 0, 0, 0, 0, 0, 0, 0, 0, 0, 0, 0, 0, 0, 0, 0, 0, 0, 0, 0, 0, 0, 0, 0, 0]
T = [55800, 60500, 183000, 41900, 48600, 16900, 16200, 53200, 37900, 33600, 180600, 32600, 41700, 42500, 38600, 40900, 44000, 39800, 109200, 46300, 36300, 38400, 13400, 32900, 39400, 38900, 38100, 44000, 34400, 39300]
T2 = [0, 0, 0, 0, 0, 0, 0, 0, 0, 0, 0, 0, 0, 0, 0, 0, 0, 0, 0, 0, 0, 0, 0, 0, 0, 0, 0, 0, 0, 0]

id 20
F = [106, 459, 113, 27, 90, 110, 30, 104, 125, 103, 427, 99, 33, 126, 23, 106, 109, 84, 107, 885, 84, 240, 95, 119, 479, 117, 144, 22, 80, 110]
F2 = [0, 0, 0, 0, 0, 0, 0, 0, 0, 0, 0, 0, 0, 0, 0, 0, 0, 0, 0, 0, 0, 0, 0, 0, 0, 0, 0, 0, 0, 0]
T = [40300, 165300, 57300, 12100, 35000, 42800, 11800, 39100, 45300, 37800, 151300, 37200, 12200, 51700, 10200, 39400, 46800, 35800, 39100, 301500, 33300, 84400, 39300, 42500, 177700, 43300, 55600, 10600, 32600, 42000]
T2 = [0, 0, 0, 0, 0, 0, 0, 0, 0, 0, 0, 0, 0, 0, 0, 0, 0, 0, 0, 0, 0, 0, 0, 0, 0, 0, 0, 0, 0, 0]

id 21
F = [136, 102, 100, 1133, 476, 106, 98, 117, 27, 109, 106, 280, 97, 21, 31, 103, 106, 424, 112, 109, 113, 102, 116, 20, 474, 106, 108, 114, 87, 81]
F2 = [0, 0, 0, 0, 0, 0, 0, 0, 0, 0, 0, 0, 0, 0, 0, 0, 0, 0, 0, 0, 0, 0, 0, 0, 0, 0, 0, 0, 0, 0]
T = [48600, 37800, 35700, 385000, 168200, 52900, 35700, 41200, 11800, 39000, 44300, 97400, 35600, 9600, 15000, 37600, 40600, 149100, 46200, 42300, 40500, 39900, 52800, 8500, 164300, 98200, 40000, 40300, 34700, 29500]
T2 = [0, 0, 0, 0, 0, 0, 0, 0, 0, 0, 0, 0, 0, 0, 0, 0, 0, 0, 0, 0, 0, 0, 0, 0, 0, 0, 0, 0, 0, 0]

id 22
F = [104, 126, 108, 115, 461, 76, 125, 117, 99, 107, 120, 131, 83, 25, 153, 109, 293, 24, 548, 306, 113, 115, 97, 493, 119, 113, 116, 102, 115, 106]
F2 = [0, 0, 0, 0, 0, 0, 0, 0, 0, 0, 0, 0, 0, 0, 0, 0, 0, 0, 0, 0, 0, 0, 0, 0, 0, 0, 0, 0, 0, 0]
T = [39000, 64500, 37500, 42500, 169600, 31100, 43100, 52000, 38000, 43300, 50800, 48000, 35300, 11800, 55100, 39200, 102600, 11800, 213300, 106100, 44000, 42200, 35900, 199100, 42400, 38900, 44100, 37600, 56300, 64000]
T2 = [0, 0, 0, 0, 0, 0, 0, 0, 0, 0, 0, 0, 0, 0, 0, 0, 0, 0, 0, 0, 0, 0, 0, 0, 0, 0, 0, 0, 0, 0]

id 23
F = [77, 105, 89, 150, 92, 115, 115, 112, 111, 111, 687, 112, 111, 111, 152, 73, 154, 80, 124, 111, 98, 101, 28, 122, 20, 154, 86, 111, 285, 90]
F2 = [0, 0, 0, 0, 0, 0, 0, 0, 0, 0, 0, 0, 0, 0, 0, 0, 0, 0, 0, 0, 0, 0, 0, 0, 0, 0, 0, 0, 0, 0]
T = [28800, 51500, 32900, 55400, 34000, 52700, 41100, 40100, 44200, 40600, 249900, 40500, 40100, 42100, 57900, 30900, 258400, 28700, 47300, 40100, 119100, 37200, 12900, 43200, 11500, 56300, 30700, 105400, 454600, 33600]
T2 = [0, 0, 0, 0, 0, 0, 0, 0, 0, 0, 0, 0, 0, 0, 0, 0, 0, 0, 0, 0, 0, 0, 0, 0, 0, 0, 0, 0, 0, 0]

id 24
F = [86, 106, 104, 83, 539, 27, 112, 76, 104, 422, 105, 104, 90, 108, 106, 109, 115, 112, 481, 104, 104, 84, 116, 114, 295, 97, 118, 110, 27, 96]
F2 = [0, 0, 0, 0, 0, 0, 0, 0, 0, 0, 0, 0, 0, 0, 0, 0, 0, 0, 0, 0, 0, 0, 0, 0, 0, 0, 0, 0, 0, 0]
T = [31800, 45000, 36800, 31800, 190100, 10800, 40800, 27700, 44600, 145800, 39600, 39800, 34000, 40500, 41300, 42100, 45100, 54200, 178700, 42100, 37700, 45500, 44200, 41900, 142800, 36100, 69900, 40300, 10900, 35400]
T2 = [0, 0, 0, 0, 0, 0, 0, 0, 0, 0, 0, 0, 0, 0, 0, 0, 0, 0, 0, 0, 0, 0, 0, 0, 0, 0, 0, 0, 0, 0]

id 25
F = [84, 108, 114, 106, 540, 81, 107, 24, 111, 100, 28, 97, 85, 83, 89, 108, 113, 27, 111, 308, 322, 104, 113, 110, 161, 81, 88, 727, 115, 128]
F2 = [0, 0, 0, 0, 0, 0, 0, 0, 0, 0, 0, 0, 0, 0, 0, 0, 0, 0, 0, 0, 0, 0, 0, 0, 0, 0, 0, 0, 0, 0]
T = [32300, 49100, 41700, 38700, 183700, 29400, 50000, 13100, 39300, 38200, 12200, 50200, 43300, 34000, 33800, 38300, 52000, 11300, 89500, 107300, 127500, 40000, 41000, 46600, 68000, 29800, 33200, 248100, 46100, 48600]
T2 = [0, 0, 0, 0, 0, 0, 0, 0, 0, 0, 0, 0, 0, 0, 0, 0, 0, 0, 0, 0, 0, 0, 0, 0, 0, 0, 0, 0, 0, 0]

id 26
F = [1617, 110, 27, 104, 110, 108, 536, 123, 106, 430, 93, 87, 533, 102, 159, 88, 485, 84, 26, 104, 283, 310, 115, 267, 99, 105, 121, 97, 124, 118]
F2 = [0, 0, 0, 0, 0, 0, 0, 0, 0, 0, 0, 0, 0, 0, 0, 0, 0, 0, 0, 0, 0, 0, 0, 0, 0, 0, 0, 0, 0, 0]
T = [658800, 40500, 15600, 38500, 43600, 48900, 187300, 44100, 38800, 225700, 38000, 53400, 186100, 37300, 55100, 31500, 165500, 31100, 11800, 37700, 96400, 108000, 40400, 121900, 40400, 38400, 55900, 35300, 62900, 46500]
T2 = [0, 0, 0, 0, 0, 0, 0, 0, 0, 0, 0, 0, 0, 0, 0, 0, 0, 0, 0, 0, 0, 0, 0, 0, 0, 0, 0, 0, 0, 0]

id 27
F = [26, 86, 98, 102, 109, 252, 28, 113, 101, 102, 106, 110, 113, 123, 71, 99, 140, 112, 160, 110, 109, 77, 122, 26, 100, 102, 104, 111, 112, 769]
F2 = [0, 0, 0, 0, 0, 0, 0, 0, 0, 0, 0, 0, 0, 0, 0, 0, 0, 0, 0, 0, 0, 0, 0, 0, 0, 0, 0, 0, 0, 0]
T = [11500, 32200, 34300, 56900, 57600, 89900, 12500, 72100, 37900, 39100, 37300, 41600, 65800, 47800, 27800, 49400, 53400, 50000, 80800, 42600, 38700, 42500, 59400, 13700, 37000, 36100, 37700, 65300, 41200, 335400]
T2 = [0, 0, 0, 0, 0, 0, 0, 0, 0, 0, 0, 0, 0, 0, 0, 0, 0, 0, 0, 0, 0, 0, 0, 0, 0, 0, 0, 0, 0, 0]

id 28
F = [127, 111, 819, 114, 28, 102, 84, 144, 78, 109, 96, 112, 113, 121, 120, 106, 84, 480, 107, 138, 99, 115, 127, 81, 539, 92, 88, 102, 106, 123]
F2 = [0, 0, 0, 0, 0, 0, 0, 0, 0, 0, 0, 0, 0, 0, 0, 0, 0, 0, 0, 0, 0, 0, 0, 0, 0, 0, 0, 0, 0, 0]
T = [61300, 43100, 278500, 52200, 33500, 53500, 69500, 58400, 31700, 67300, 42300, 70200, 54400, 54100, 55500, 48800, 39800, 178500, 38100, 67200, 51300, 41400, 46100, 34800, 202000, 40800, 32500, 40500, 38000, 44700]
T2 = [0, 0, 0, 0, 0, 0, 0, 0, 0, 0, 0, 0, 0, 0, 0, 0, 0, 0, 0, 0, 0, 0, 0, 0, 0, 0, 0, 0, 0, 0]

id 29
F = [29, 117, 506, 116, 114, 24, 119, 105, 106, 86, 88, 507, 81, 123, 810, 19, 89, 28, 101, 120, 21, 116, 92, 113, 125, 433, 87, 116, 29, 400]
F2 = [0, 0, 0, 0, 0, 0, 0, 0, 0, 0, 0, 0, 0, 0, 0, 0, 0, 0, 0, 0, 0, 0, 0, 0, 0, 0, 0, 0, 0, 0]
T = [14000, 57300, 178400, 42400, 57900, 10000, 42200, 39500, 37700, 32500, 32600, 180200, 29300, 43300, 276400, 9100, 31800, 12700, 36800, 64100, 13100, 45200, 32400, 47100, 45000, 181700, 38400, 50900, 14300, 136900]
T2 = [0, 0, 0, 0, 0, 0, 0, 0, 0, 0, 0, 0, 0, 0, 0, 0, 0, 0, 0, 0, 0, 0, 0, 0, 0, 0, 0, 0, 0, 0]

id 30
F = [100, 100, 28, 118, 112, 112, 272, 94, 298, 99, 111, 105, 111, 80, 88, 480, 23, 114, 99, 91, 132, 117, 99, 77, 28, 116, 97, 114, 123, 298]
F2 = [0, 0, 0, 0, 0, 0, 0, 0, 0, 0, 0, 0, 0, 0, 0, 0, 0, 0, 0, 0, 0, 0, 0, 0, 0, 0, 0, 0, 0, 0]
T = [44000, 35400, 14100, 43500, 39800, 51100, 99500, 35600, 104100, 35600, 39200, 37100, 40100, 31700, 32100, 165300, 10600, 43700, 38000, 40800, 55800, 46800, 49300, 38000, 11200, 44200, 36300, 42400, 44500, 120000]
T2 = [0, 0, 0, 0, 0, 0, 0, 0, 0, 0, 0, 0, 0, 0, 0, 0, 0, 0, 0, 0, 0, 0, 0, 0, 0, 0, 0, 0, 0, 0]

id 31
F = [514, 121, 111, 100, 96, 91, 123, 88, 98, 305, 291, 76, 26, 105, 114, 80, 120, 91, 82, 91, 96, 116, 89, 79, 112, 107, 25, 120, 80, 157]
F2 = [0, 0, 0, 0, 0, 0, 0, 0, 0, 0, 0, 0, 0, 0, 0, 0, 0, 0, 0, 0, 0, 0, 0, 0, 0, 0, 0, 0, 0, 0]
T = [223500, 42400, 39100, 36800, 33300, 40800, 44600, 33100, 35200, 106200, 100500, 32400, 10400, 38100, 41700, 28800, 67000, 37200, 53800, 46400, 52000, 51400, 40300, 32000, 47000, 42700, 13400, 57200, 30800, 79800]
T2 = [0, 0, 0, 0, 0, 0, 0, 0, 0, 0, 0, 0, 0, 0, 0, 0, 0, 0, 0, 0, 0, 0, 0, 0, 0, 0, 0, 0, 0, 0]

id 32
F = [98, 105, 79, 141, 147, 122, 122, 22, 27, 94, 24, 84, 24, 94, 106, 94, 91, 103, 80, 109, 112, 82, 26, 110, 103, 143, 107, 90, 106, 540]
F2 = [0, 0, 0, 0, 0, 0, 0, 0, 0, 0, 0, 0, 0, 0, 0, 0, 0, 0, 0, 0, 0, 0, 0, 0, 0, 0, 0, 0, 0, 0]
T = [43600, 39900, 37600, 67100, 52100, 45700, 44100, 11200, 11300, 44900, 10600, 114900, 12900, 33900, 45700, 34800, 34200, 81100, 43200, 44500, 39300, 34500, 11900, 39500, 37300, 64700, 46700, 33000, 37800, 290900]
T2 = [0, 0, 0, 0, 0, 0, 0, 0, 0, 0, 0, 0, 0, 0, 0, 0, 0, 0, 0, 0, 0, 0, 0, 0, 0, 0, 0, 0, 0, 0]

id 33
F = [94, 117, 102, 31, 104, 87, 135, 95, 116, 110, 112, 111, 75, 153, 101, 28, 79, 81, 107, 167, 112, 24, 149, 129, 115, 98, 99, 1196, 98, 559]
F2 = [0, 0, 0, 0, 0, 0, 0, 0, 0, 0, 0, 0, 0, 0, 0, 0, 0, 0, 0, 0, 0, 0, 0, 0, 0, 0, 0, 0, 0, 0]
T = [36500, 41400, 40900, 18200, 38900, 35800, 49100, 35100, 42200, 41100, 39800, 48000, 30600, 67000, 36600, 11400, 28400, 36500, 39100, 58200, 40000, 11900, 54100, 51300, 42500, 40700, 49500, 405700, 38500, 218700]
T2 = [0, 0, 0, 0, 0, 0, 0, 0, 0, 0, 0, 0, 0, 0, 0, 0, 0, 0, 0, 0, 0, 0, 0, 0, 0, 0, 0, 0, 0, 0]

id 34
F = [81, 493, 26, 101, 106, 92, 124, 101, 102, 33, 105, 122, 149, 24, 105, 114, 89, 102, 92, 515, 106, 93, 287, 150, 117, 24, 470, 96, 24, 113]
F2 = [0, 0, 0, 0, 0, 0, 0, 0, 0, 0, 0, 0, 0, 0, 0, 0, 0, 0, 0, 0, 0, 0, 0, 0, 0, 0, 0, 0, 0, 0]
T = [31900, 169300, 15000, 37300, 38600, 39600, 59400, 46000, 37800, 13700, 42800, 49100, 68600, 11400, 38800, 159100, 40600, 38100, 33600, 210900, 47400, 36600, 101900, 54100, 41700, 16200, 160900, 58900, 12300, 42400]
T2 = [0, 0, 0, 0, 0, 0, 0, 0, 0, 0, 0, 0, 0, 0, 0, 0, 0, 0, 0, 0, 0, 0, 0, 0, 0, 0, 0, 0, 0, 0]

id 35
F = [91, 105, 113, 88, 1217, 109, 93, 121, 95, 104, 532, 116, 83, 30, 103, 111, 17, 93, 85, 103, 489, 112, 109, 91, 91, 563, 101, 105, 119, 114]
F2 = [0, 0, 0, 0, 0, 0, 0, 0, 0, 0, 0, 0, 0, 0, 0, 0, 0, 0, 0, 0, 0, 0, 0, 0, 0, 0, 0, 0, 0, 0]
T = [52600, 38300, 40100, 32200, 479100, 43800, 41600, 53200, 34100, 40400, 182600, 42500, 58200, 15200, 36500, 45300, 7600, 35600, 35100, 41700, 168800, 39800, 45900, 33600, 34400, 197900, 36000, 40100, 44000, 39100]
T2 = [0, 0, 0, 0, 0, 0, 0, 0, 0, 0, 0, 0, 0, 0, 0, 0, 0, 0, 0, 0, 0, 0, 0, 0, 0, 0, 0, 0, 0, 0]

id 36
F = [102, 96, 149, 493, 88, 107, 110, 119, 30, 24, 85, 305, 112, 507, 113, 84, 100, 26, 26, 124, 90, 82, 115, 98, 312, 523, 86, 109, 118, 1617]
F2 = [0, 0, 0, 0, 0, 0, 0, 0, 0, 0, 0, 0, 0, 0, 0, 0, 0, 0, 0, 0, 0, 0, 0, 0, 0, 0, 0, 0, 0, 0]
T = [38600, 34600, 52700, 304100, 33400, 43300, 38200, 49800, 14100, 12500, 30800, 105400, 39900, 204500, 40800, 31500, 36400, 16000, 12000, 44600, 36500, 31600, 41600, 35700, 107100, 177000, 31800, 41100, 73200, 570600]
T2 = [0, 0, 0, 0, 0, 0, 0, 0, 0, 0, 0, 0, 0, 0, 0, 0, 0, 0, 0, 0, 0, 0, 0, 0, 0, 0, 0, 0, 0, 0]

id 37
F = [113, 263, 145, 100, 85, 26, 114, 27, 88, 307, 99, 97, 81, 100, 101, 109, 98, 110, 424, 29, 91, 122, 118, 257, 111, 27, 117, 30, 115, 112]
F2 = [0, 0, 0, 0, 0, 0, 0, 0, 0, 0, 0, 0, 0, 0, 0, 0, 0, 0, 0, 0, 0, 0, 0, 0, 0, 0, 0, 0, 0, 0]
T = [38600, 94000, 51900, 49900, 30800, 12100, 43500, 11200, 32300, 108400, 38300, 38700, 32900, 36100, 39600, 47700, 38700, 41000, 205400, 13300, 38700, 50200, 48100, 89500, 48200, 13900, 42500, 14800, 42200, 40000]
T2 = [0, 0, 0, 0, 0, 0, 0, 0, 0, 0, 0, 0, 0, 0, 0, 0, 0, 0, 0, 0, 0, 0, 0, 0, 0, 0, 0, 0, 0, 0]

id 38
F = [115, 111, 98, 106, 106, 149, 497, 88, 111, 100, 87, 105, 81, 94, 86, 117, 25, 22, 101, 285, 98, 118, 122, 128, 21, 106, 803, 97, 304, 101]
F2 = [0, 0, 0, 0, 0, 0, 0, 0, 0, 0, 0, 0, 0, 0, 0, 0, 0, 0, 0, 0, 0, 0, 0, 0, 0, 0, 0, 0, 0, 0]
T = [46500, 41200, 43700, 38900, 39300, 54500, 173200, 33900, 44900, 37100, 32700, 37100, 30700, 34100, 33600, 42100, 18800, 9900, 37100, 103600, 45500, 63100, 129000, 46100, 13600, 38000, 352200, 44500, 122700, 37000]
T2 = [0, 0, 0, 0, 0, 0, 0, 0, 0, 0, 0, 0, 0, 0, 0, 0, 0, 0, 0, 0, 0, 0, 0, 0, 0, 0, 0, 0, 0, 0]

id 39
F = [108, 122, 508, 107, 654, 120, 23, 123, 81, 156, 102, 117, 109, 28, 314, 109, 86, 25, 95, 109, 125, 84, 114, 90, 138, 127, 20, 90, 106, 110]
F2 = [0, 0, 0, 0, 0, 0, 0, 0, 0, 0, 0, 0, 0, 0, 0, 0, 0, 0, 0, 0, 0, 0, 0, 0, 0, 0, 0, 0, 0, 0]
T = [45800, 44300, 174000, 38300, 231300, 49200, 9500, 43300, 30600, 56700, 37200, 47900, 39400, 11800, 108600, 40000, 32100, 11600, 36000, 44900, 47700, 34400, 51500, 40500, 50600, 56000, 10100, 36800, 38100, 45000]
T2 = [0, 0, 0, 0, 0, 0, 0, 0, 0, 0, 0, 0, 0, 0, 0, 0, 0, 0, 0, 0, 0, 0, 0, 0, 0, 0, 0, 0, 0, 0]

id 40
F = [113, 29, 108, 303, 103, 101, 119, 31, 147, 24, 303, 91, 31, 299, 116, 150, 271, 78, 646, 112, 78, 320, 418, 99, 142, 102, 143, 107, 107, 98]
F2 = [0, 0, 0, 0, 0, 0, 0, 0, 0, 0, 0, 0, 0, 0, 0, 0, 0, 0, 0, 0, 0, 0, 0, 0, 0, 0, 0, 0, 0, 0]
T = [40300, 12000, 38200, 106100, 39800, 42500, 45000, 14800, 50400, 10500, 105100, 33900, 13100, 113600, 42200, 57100, 95400, 29100, 311500, 41100, 34000, 110200, 205100, 36500, 56600, 40900, 50700, 40900, 39500, 35400]
T2 = [0, 0, 0, 0, 0, 0, 0, 0, 0, 0, 0, 0, 0, 0, 0, 0, 0, 0, 0, 0, 0, 0, 0, 0, 0, 0, 0, 0, 0, 0]

id 41
F = [89, 93, 24, 120, 1635, 112, 120, 102, 82, 86, 107, 119, 93, 107, 474, 295, 116, 113, 512, 86, 464, 108, 124, 122, 28, 94, 521, 107, 97, 110]
F2 = [0, 0, 0, 0, 0, 0, 0, 0, 0, 0, 0, 0, 0, 0, 0, 0, 0, 0, 0, 0, 0, 0, 0, 0, 0, 0, 0, 0, 0, 0]
T = [32300, 34200, 11900, 52000, 593300, 43900, 49800, 38100, 30100, 34200, 40600, 44600, 34300, 46900, 180600, 103700, 50600, 49400, 178000, 30600, 174800, 53700, 43900, 49000, 24200, 34100, 192000, 37800, 45000, 40700]
T2 = [0, 0, 0, 0, 0, 0, 0, 0, 0, 0, 0, 0, 0, 0, 0, 0, 0, 0, 0, 0, 0, 0, 0, 0, 0, 0, 0, 0, 0, 0]

id 42
F = [506, 479, 464, 85, 113, 109, 110, 100, 123, 107, 98, 113, 25, 109, 294, 97, 494, 112, 116, 118, 99, 110, 103, 106, 315, 77, 108, 114, 105, 309]
F2 = [0, 0, 0, 0, 0, 0, 0, 0, 0, 0, 0, 0, 0, 0, 0, 0, 0, 0, 0, 0, 0, 0, 0, 0, 0, 0, 0, 0, 0, 0]
T = [184600, 176900, 161400, 31500, 44900, 40500, 41000, 36400, 45000, 37800, 40100, 39000, 11600, 38600, 103800, 35700, 185300, 39400, 47700, 43000, 39800, 39600, 37200, 37200, 125200, 30100, 41700, 41300, 42800, 115100]
T2 = [0, 0, 0, 0, 0, 0, 0, 0, 0, 0, 0, 0, 0, 0, 0, 0, 0, 0, 0, 0, 0, 0, 0, 0, 0, 0, 0, 0, 0, 0]

id 43
F = [118, 87, 93, 110, 509, 104, 98, 120, 114, 107, 93, 87, 848, 93, 507, 83, 97, 125, 112, 838, 20, 117, 102, 22, 119, 98, 27, 90, 27, 101]
F2 = [0, 0, 0, 0, 0, 0, 0, 0, 0, 0, 0, 0, 0, 0, 0, 0, 0, 0, 0, 0, 0, 0, 0, 0, 0, 0, 0, 0, 0, 0]
T = [41900, 30900, 34100, 39100, 176500, 40100, 36200, 41900, 42700, 38000, 33300, 32200, 298000, 80400, 206500, 31000, 35900, 49200, 40400, 287600, 11900, 44600, 36000, 11000, 46900, 32600, 10100, 27100, 10500, 30200]
T2 = [0, 0, 0, 0, 0, 0, 0, 0, 0, 0, 0, 0, 0, 0, 0, 0, 0, 0, 0, 0, 0, 0, 0, 0, 0, 0, 0, 0, 0, 0]

id 44
F = [406, 90, 86, 500, 115, 38, 115, 103, 32, 78, 80, 90, 101, 537, 106, 107, 112, 93, 521, 30, 120, 525, 98, 81, 105, 25, 119, 104, 27, 114]
F2 = [0, 0, 0, 0, 0, 0, 0, 0, 0, 0, 0, 0, 0, 0, 0, 0, 0, 0, 0, 0, 0, 0, 0, 0, 0, 0, 0, 0, 0, 0]
T = [172600, 42300, 30900, 143700, 35800, 18100, 37800, 31000, 11100, 27000, 26900, 29200, 31100, 224900, 49600, 47400, 47800, 44100, 188800, 20700, 52600, 180700, 42200, 33400, 40200, 11100, 48300, 38600, 17400, 47400]
T2 = [0, 0, 0, 0, 0, 0, 0, 0, 0, 0, 0, 0, 0, 0, 0, 0, 0, 0, 0, 0, 0, 0, 0, 0, 0, 0, 0, 0, 0, 0]

id 45
F = [114, 111, 85, 76, 105, 106, 93, 108, 29, 98, 112, 278, 28, 460, 1144, 130, 92, 523, 82, 27, 100, 117, 158, 27, 30, 110, 85, 157, 109, 125]
F2 = [0, 0, 0, 0, 0, 0, 0, 0, 0, 0, 0, 0, 0, 0, 0, 0, 0, 0, 0, 0, 0, 0, 0, 0, 0, 0, 0, 0, 0, 0]
T = [40600, 44500, 30900, 28200, 37500, 37900, 33700, 38800, 13600, 35100, 40900, 101400, 12100, 160700, 423400, 47000, 34700, 182100, 30500, 12500, 35300, 44800, 66900, 14300, 12500, 42400, 29900, 57700, 37900, 47500]
T2 = [0, 0, 0, 0, 0, 0, 0, 0, 0, 0, 0, 0, 0, 0, 0, 0, 0, 0, 0, 0, 0, 0, 0, 0, 0, 0, 0, 0, 0, 0]

id 46
F = [111, 100, 26, 116, 139, 299, 108, 80, 21, 146, 95, 122, 162, 101, 284, 105, 101, 1361, 113, 146, 110, 29, 114, 137, 275, 77, 92, 124, 99, 105]
F2 = [0, 0, 0, 0, 0, 0, 0, 0, 0, 0, 0, 0, 0, 0, 0, 0, 0, 0, 0, 0, 0, 0, 0, 0, 0, 0, 0, 0, 0, 0]
T = [40200, 35200, 11400, 41200, 51500, 103900, 56200, 31600, 15000, 54600, 35100, 53700, 59300, 40300, 98000, 41000, 43900, 907700, 40600, 50900, 57000, 12600, 42400, 70500, 96800, 37100, 64400, 44300, 39900, 37400]
T2 = [0, 0, 0, 0, 0, 0, 0, 0, 0, 0, 0, 0, 0, 0, 0, 0, 0, 0, 0, 0, 0, 0, 0, 0, 0, 0, 0, 0, 0, 0]

id 47
F = [80, 78, 106, 86, 106, 316, 138, 109, 148, 118, 95, 108, 113, 26, 84, 542, 88, 25, 99, 95, 508, 307, 102, 110, 111, 75, 119, 108, 134, 104]
F2 = [0, 0, 0, 0, 0, 0, 0, 0, 0, 0, 0, 0, 0, 0, 0, 0, 0, 0, 0, 0, 0, 0, 0, 0, 0, 0, 0, 0, 0, 0]
T = [29300, 29600, 38300, 36800, 38400, 111300, 50000, 41300, 52000, 42800, 36300, 39100, 39900, 11900, 31200, 194400, 31700, 11900, 37300, 33900, 175200, 105100, 37300, 39000, 76200, 27100, 44500, 38700, 47400, 37200]
T2 = [0, 0, 0, 0, 0, 0, 0, 0, 0, 0, 0, 0, 0, 0, 0, 0, 0, 0, 0, 0, 0, 0, 0, 0, 0, 0, 0, 0, 0, 0]

id 48
F = [34, 146, 119, 109, 97, 92, 121, 121, 123, 23, 2282, 109, 110, 107, 480, 104, 120, 27, 90, 100, 784, 300, 156, 102, 114, 107, 850, 30, 32, 522]
F2 = [0, 0, 0, 0, 0, 0, 0, 0, 0, 0, 0, 0, 0, 0, 0, 0, 0, 0, 0, 0, 0, 0, 0, 0, 0, 0, 0, 0, 0, 0]
T = [19400, 52500, 44700, 39200, 35700, 34300, 45100, 43000, 46300, 10100, 1050400, 44400, 44800, 38200, 164400, 48000, 42900, 16000, 47100, 37600, 365900, 129900, 98100, 43500, 52900, 43000, 352900, 18500, 22900, 262400]
T2 = [0, 0, 0, 0, 0, 0, 0, 0, 0, 0, 0, 0, 0, 0, 0, 0, 0, 0, 0, 0, 0, 0, 0, 0, 0, 0, 0, 0, 0, 0]

id 49
F = [148, 502, 30, 27, 114, 106, 117, 102, 101, 95, 100, 520, 101, 22, 24, 117, 108, 147, 85, 98, 92, 112, 111, 109, 111, 89, 82, 97, 100, 92]
F2 = [0, 0, 0, 0, 0, 0, 0, 0, 0, 0, 0, 0, 0, 0, 0, 0, 0, 0, 0, 0, 0, 0, 0, 0, 0, 0, 0, 0, 0, 0]
T = [66000, 210300, 11500, 10900, 34500, 65600, 58000, 33900, 29900, 48000, 57600, 272100, 51600, 11300, 15600, 42300, 50200, 71300, 37700, 43500, 41100, 49100, 49200, 48700, 46100, 39400, 33200, 56600, 39400, 40100]
T2 = [0, 0, 0, 0, 0, 0, 0, 0, 0, 0, 0, 0, 0, 0, 0, 0, 0, 0, 0, 0, 0, 0, 0, 0, 0, 0, 0, 0, 0, 0]

