id 0
F = [108, 100, 110, 98, 104, 21, 107, 22, 125, 105, 113, 103, 108, 107, 103, 113, 31, 109, 110, 92, 23, 117, 140, 816, 105, 106, 29, 104, 111, 106]
F2 = [0, 0, 0, 0, 0, 0, 0, 0, 0, 0, 0, 0, 0, 0, 0, 0, 0, 0, 0, 0, 0, 0, 0, 0, 0, 0, 0, 0, 0, 0]
T = [276100, 409900, 406700, 152400, 107800, 20400, 57500, 31100, 127000, 62700, 67200, 94300, 76800, 76000, 60800, 157700, 23500, 79300, 60800, 52500, 26800, 96400, 108600, 361600, 144700, 116800, 131900, 72700, 43700, 43200]
T2 = [0, 0, 0, 0, 0, 0, 0, 0, 0, 0, 0, 0, 0, 0, 0, 0, 0, 0, 0, 0, 0, 0, 0, 0, 0, 0, 0, 0, 0, 0]

id 1
F = [112, 103, 285, 109, 288, 108, 90, 102, 116, 124, 102, 502, 290, 108, 118, 111, 119, 126, 118, 154, 107, 87, 98, 79, 104, 109, 117, 115, 93, 99]
F2 = [0, 0, 0, 0, 0, 0, 0, 0, 0, 0, 0, 0, 0, 0, 0, 0, 0, 0, 0, 0, 0, 0, 0, 0, 0, 0, 0, 0, 0, 0]
T = [90600, 43600, 116700, 49300, 108600, 70100, 37900, 78600, 47800, 48500, 40900, 208100, 144300, 52800, 52800, 48000, 60900, 49600, 47300, 72100, 45100, 37300, 41000, 51300, 46200, 48400, 46500, 48400, 38600, 39200]
T2 = [0, 0, 0, 0, 0, 0, 0, 0, 0, 0, 0, 0, 0, 0, 0, 0, 0, 0, 0, 0, 0, 0, 0, 0, 0, 0, 0, 0, 0, 0]

id 2
F = [115, 103, 114, 99, 118, 122, 111, 106, 32, 119, 107, 292, 100, 115, 100, 101, 123, 99, 108, 140, 114, 26, 118, 532, 102, 95, 276, 103, 108, 102]
F2 = [0, 0, 0, 0, 0, 0, 0, 0, 0, 0, 0, 0, 0, 0, 0, 0, 0, 0, 0, 0, 0, 0, 0, 0, 0, 0, 0, 0, 0, 0]
T = [48800, 41200, 51500, 43900, 49100, 56600, 47700, 53400, 17600, 154500, 46200, 127200, 41000, 46600, 60300, 53100, 48200, 40300, 44700, 67400, 45300, 12400, 50900, 197100, 43000, 40500, 106300, 45200, 47500, 42800]
T2 = [0, 0, 0, 0, 0, 0, 0, 0, 0, 0, 0, 0, 0, 0, 0, 0, 0, 0, 0, 0, 0, 0, 0, 0, 0, 0, 0, 0, 0, 0]

id 3
F = [484, 98, 109, 115, 119, 108, 105, 111, 107, 95, 115, 29, 28, 35, 105, 107, 96, 307, 27, 117, 99, 100, 297, 29, 101, 104, 100, 94, 106, 101]
F2 = [0, 0, 0, 0, 0, 0, 0, 0, 0, 0, 0, 0, 0, 0, 0, 0, 0, 0, 0, 0, 0, 0, 0, 0, 0, 0, 0, 0, 0, 0]
T = [203900, 51500, 53100, 50000, 51600, 43400, 41400, 46500, 44300, 42000, 55500, 15400, 12700, 31000, 43300, 42300, 38200, 115600, 13800, 49000, 42000, 59400, 120800, 17600, 40800, 48400, 43000, 43600, 43200, 55100]
T2 = [0, 0, 0, 0, 0, 0, 0, 0, 0, 0, 0, 0, 0, 0, 0, 0, 0, 0, 0, 0, 0, 0, 0, 0, 0, 0, 0, 0, 0, 0]

id 4
F = [21, 116, 102, 112, 303, 98, 102, 126, 100, 113, 118, 114, 113, 105, 31, 110, 118, 104, 538, 24, 117, 93, 118, 109, 99, 464, 119, 151, 26, 143]
F2 = [0, 0, 0, 0, 0, 0, 0, 0, 0, 0, 0, 0, 0, 0, 0, 0, 0, 0, 0, 0, 0, 0, 0, 0, 0, 0, 0, 0, 0, 0]
T = [12000, 47500, 45100, 45500, 118000, 39400, 40000, 56400, 41100, 43500, 47300, 46100, 45200, 55100, 13900, 52900, 46400, 49700, 199500, 18100, 47700, 38300, 54200, 46300, 40400, 198700, 65000, 58700, 15900, 56000]
T2 = [0, 0, 0, 0, 0, 0, 0, 0, 0, 0, 0, 0, 0, 0, 0, 0, 0, 0, 0, 0, 0, 0, 0, 0, 0, 0, 0, 0, 0, 0]

id 5
F = [106, 101, 98, 120, 98, 100, 120, 99, 113, 117, 97, 119, 98, 113, 110, 106, 93, 834, 93, 109, 118, 1368, 812, 541, 115, 81, 100, 105, 118, 120]
F2 = [0, 0, 0, 0, 0, 0, 0, 0, 0, 0, 0, 0, 0, 0, 0, 0, 0, 0, 0, 0, 0, 0, 0, 0, 0, 0, 0, 0, 0, 0]
T = [45300, 40100, 42400, 47400, 43000, 43200, 62400, 41700, 49400, 47100, 47200, 48700, 47400, 46100, 46900, 54400, 41300, 303900, 47900, 42700, 45100, 495600, 301800, 208300, 50500, 32100, 40200, 72500, 47900, 46200]
T2 = [0, 0, 0, 0, 0, 0, 0, 0, 0, 0, 0, 0, 0, 0, 0, 0, 0, 0, 0, 0, 0, 0, 0, 0, 0, 0, 0, 0, 0, 0]

id 6
F = [118, 24, 110, 109, 129, 106, 104, 21, 111, 109, 93, 109, 23, 103, 31, 111, 109, 101, 100, 27, 94, 546, 103, 109, 97, 1169, 103, 32, 109, 109]
F2 = [0, 0, 0, 0, 0, 0, 0, 0, 0, 0, 0, 0, 0, 0, 0, 0, 0, 0, 0, 0, 0, 0, 0, 0, 0, 0, 0, 0, 0, 0]
T = [52100, 18800, 44800, 46600, 53900, 46200, 42700, 11200, 221800, 46400, 43700, 42800, 16000, 42200, 15500, 51400, 45300, 40300, 55700, 15000, 44000, 234600, 89400, 44500, 46000, 496200, 41800, 19700, 45600, 43800]
T2 = [0, 0, 0, 0, 0, 0, 0, 0, 0, 0, 0, 0, 0, 0, 0, 0, 0, 0, 0, 0, 0, 0, 0, 0, 0, 0, 0, 0, 0, 0]

id 7
F = [118, 107, 114, 110, 113, 102, 110, 565, 105, 108, 101, 97, 123, 122, 101, 111, 104, 111, 115, 107, 104, 116, 114, 111, 106, 114, 104, 150, 318, 102]
F2 = [0, 0, 0, 0, 0, 0, 0, 0, 0, 0, 0, 0, 0, 0, 0, 0, 0, 0, 0, 0, 0, 0, 0, 0, 0, 0, 0, 0, 0, 0]
T = [86700, 56200, 45200, 50200, 49000, 41700, 56900, 244400, 49300, 44200, 41700, 40400, 49200, 52900, 40800, 43700, 46800, 44800, 50300, 42000, 43200, 52200, 45100, 51900, 47800, 54400, 70500, 75000, 139000, 40600]
T2 = [0, 0, 0, 0, 0, 0, 0, 0, 0, 0, 0, 0, 0, 0, 0, 0, 0, 0, 0, 0, 0, 0, 0, 0, 0, 0, 0, 0, 0, 0]

id 8
F = [112, 122, 114, 118, 133, 95, 309, 126, 104, 118, 108, 99, 105, 27, 301, 106, 79, 102, 112, 102, 103, 106, 167, 1194, 102, 106, 850, 116, 118, 645]
F2 = [0, 0, 0, 0, 0, 0, 0, 0, 0, 0, 0, 0, 0, 0, 0, 0, 0, 0, 0, 0, 0, 0, 0, 0, 0, 0, 0, 0, 0, 0]
T = [47500, 48100, 51800, 53100, 269800, 39000, 160800, 63400, 70700, 46000, 49100, 47300, 78900, 14700, 119800, 50300, 40400, 47500, 47300, 44200, 44900, 40700, 64900, 458200, 46400, 44600, 327000, 45800, 69500, 252900]
T2 = [0, 0, 0, 0, 0, 0, 0, 0, 0, 0, 0, 0, 0, 0, 0, 0, 0, 0, 0, 0, 0, 0, 0, 0, 0, 0, 0, 0, 0, 0]

id 9
F = [26, 113, 103, 100, 301, 105, 115, 115, 102, 98, 107, 99, 94, 103, 123, 107, 103, 115, 100, 108, 96, 110, 95, 115, 98, 94, 30, 114, 120, 92]
F2 = [0, 0, 0, 0, 0, 0, 0, 0, 0, 0, 0, 0, 0, 0, 0, 0, 0, 0, 0, 0, 0, 0, 0, 0, 0, 0, 0, 0, 0, 0]
T = [165900, 53200, 41700, 37500, 109700, 49200, 44000, 42900, 41700, 55300, 42400, 37100, 43400, 40000, 50200, 41500, 44800, 44900, 40000, 41500, 36600, 40400, 35300, 45300, 43900, 36700, 13500, 46400, 47600, 36100]
T2 = [0, 0, 0, 0, 0, 0, 0, 0, 0, 0, 0, 0, 0, 0, 0, 0, 0, 0, 0, 0, 0, 0, 0, 0, 0, 0, 0, 0, 0, 0]

id 10
F = [116, 107, 100, 24, 103, 31, 102, 102, 92, 108, 98, 125, 106, 118, 104, 107, 108, 120, 144, 104, 105, 99, 106, 105, 34, 111, 94, 119, 111, 102]
F2 = [0, 0, 0, 0, 0, 0, 0, 0, 0, 0, 0, 0, 0, 0, 0, 0, 0, 0, 0, 0, 0, 0, 0, 0, 0, 0, 0, 0, 0, 0]
T = [47500, 42800, 50100, 13000, 41500, 24800, 38700, 44300, 35900, 40300, 42700, 46700, 40800, 48000, 41000, 40600, 46600, 47600, 56300, 40300, 41200, 38500, 39300, 42400, 19400, 43500, 38000, 49800, 43900, 54700]
T2 = [0, 0, 0, 0, 0, 0, 0, 0, 0, 0, 0, 0, 0, 0, 0, 0, 0, 0, 0, 0, 0, 0, 0, 0, 0, 0, 0, 0, 0, 0]

id 11
F = [104, 96, 101, 106, 114, 1177, 123, 115, 110, 22, 112, 113, 112, 122, 148, 105, 29, 293, 104, 121, 110, 123, 108, 104, 109, 24, 103, 99, 105, 285]
F2 = [0, 0, 0, 0, 0, 0, 0, 0, 0, 0, 0, 0, 0, 0, 0, 0, 0, 0, 0, 0, 0, 0, 0, 0, 0, 0, 0, 0, 0, 0]
T = [42200, 37300, 38700, 43900, 45700, 412200, 46400, 51400, 44400, 10700, 45200, 44200, 55800, 46200, 55900, 42900, 12400, 122400, 44900, 47100, 45300, 45400, 43000, 60900, 43500, 11100, 49800, 39400, 42400, 103100]
T2 = [0, 0, 0, 0, 0, 0, 0, 0, 0, 0, 0, 0, 0, 0, 0, 0, 0, 0, 0, 0, 0, 0, 0, 0, 0, 0, 0, 0, 0, 0]

id 12
F = [25, 28, 669, 104, 102, 119, 101, 110, 108, 100, 106, 104, 114, 102, 94, 89, 102, 26, 116, 109, 101, 108, 111, 309, 118, 115, 298, 101, 114, 875]
F2 = [0, 0, 0, 0, 0, 0, 0, 0, 0, 0, 0, 0, 0, 0, 0, 0, 0, 0, 0, 0, 0, 0, 0, 0, 0, 0, 0, 0, 0, 0]
T = [11100, 15900, 237700, 44400, 39900, 46200, 42600, 71600, 40600, 36900, 41300, 48200, 43000, 39000, 37400, 34700, 38700, 12000, 47200, 43000, 38200, 42200, 42200, 110500, 45500, 42500, 110100, 40600, 43100, 310300]
T2 = [0, 0, 0, 0, 0, 0, 0, 0, 0, 0, 0, 0, 0, 0, 0, 0, 0, 0, 0, 0, 0, 0, 0, 0, 0, 0, 0, 0, 0, 0]

id 13
F = [118, 101, 100, 119, 102, 109, 322, 118, 135, 121, 101, 115, 119, 26, 120, 528, 114, 109, 117, 302, 96, 103, 111, 122, 110, 121, 119, 97, 87, 894]
F2 = [0, 0, 0, 0, 0, 0, 0, 0, 0, 0, 0, 0, 0, 0, 0, 0, 0, 0, 0, 0, 0, 0, 0, 0, 0, 0, 0, 0, 0, 0]
T = [45600, 40100, 37900, 45900, 44400, 41400, 125700, 46000, 51400, 48000, 38800, 46000, 43800, 16600, 48500, 199600, 42300, 43000, 57000, 108300, 62000, 38300, 40400, 47400, 54400, 47400, 47900, 37700, 33700, 314400]
T2 = [0, 0, 0, 0, 0, 0, 0, 0, 0, 0, 0, 0, 0, 0, 0, 0, 0, 0, 0, 0, 0, 0, 0, 0, 0, 0, 0, 0, 0, 0]

id 14
F = [102, 143, 146, 127, 119, 95, 124, 100, 114, 540, 116, 102, 112, 111, 104, 286, 479, 113, 116, 118, 110, 109, 106, 108, 121, 30, 101, 109, 101, 107]
F2 = [0, 0, 0, 0, 0, 0, 0, 0, 0, 0, 0, 0, 0, 0, 0, 0, 0, 0, 0, 0, 0, 0, 0, 0, 0, 0, 0, 0, 0, 0]
T = [42600, 136200, 53900, 47500, 45300, 45200, 62500, 45800, 44000, 195800, 45200, 57800, 43500, 64600, 40700, 107700, 169900, 46100, 43800, 46600, 47300, 42900, 388200, 45000, 50300, 15200, 44300, 49900, 40400, 40700]
T2 = [0, 0, 0, 0, 0, 0, 0, 0, 0, 0, 0, 0, 0, 0, 0, 0, 0, 0, 0, 0, 0, 0, 0, 0, 0, 0, 0, 0, 0, 0]

id 15
F = [110, 123, 108, 105, 108, 109, 111, 110, 104, 106, 105, 474, 108, 35, 104, 125, 29, 33, 27, 109, 103, 114, 95, 113, 304, 89, 105, 106, 102, 106]
F2 = [0, 0, 0, 0, 0, 0, 0, 0, 0, 0, 0, 0, 0, 0, 0, 0, 0, 0, 0, 0, 0, 0, 0, 0, 0, 0, 0, 0, 0, 0]
T = [41900, 52000, 44200, 53200, 43600, 41800, 56600, 41400, 40700, 40000, 48200, 168600, 41400, 15300, 39000, 48500, 13500, 25100, 11800, 42300, 47000, 45200, 50600, 43000, 111900, 36300, 40500, 50300, 39400, 44700]
T2 = [0, 0, 0, 0, 0, 0, 0, 0, 0, 0, 0, 0, 0, 0, 0, 0, 0, 0, 0, 0, 0, 0, 0, 0, 0, 0, 0, 0, 0, 0]

id 16
F = [94, 106, 105, 296, 303, 113, 130, 116, 106, 102, 104, 114, 322, 304, 112, 118, 117, 106, 105, 19, 110, 26, 101, 99, 117, 502, 112, 297, 109, 77]
F2 = [0, 0, 0, 0, 0, 0, 0, 0, 0, 0, 0, 0, 0, 0, 0, 0, 0, 0, 0, 0, 0, 0, 0, 0, 0, 0, 0, 0, 0, 0]
T = [37500, 39700, 40900, 106300, 165200, 43100, 54600, 44700, 42200, 39500, 40300, 57600, 144800, 123900, 42700, 44800, 63200, 48200, 54500, 15100, 50400, 12600, 38800, 40500, 45800, 184400, 41600, 106700, 40900, 31100]
T2 = [0, 0, 0, 0, 0, 0, 0, 0, 0, 0, 0, 0, 0, 0, 0, 0, 0, 0, 0, 0, 0, 0, 0, 0, 0, 0, 0, 0, 0, 0]

id 17
F = [105, 96, 96, 107, 113, 95, 111, 105, 110, 102, 101, 118, 107, 25, 108, 102, 144, 107, 110, 110, 108, 110, 523, 114, 114, 111, 107, 26, 114, 111]
F2 = [0, 0, 0, 0, 0, 0, 0, 0, 0, 0, 0, 0, 0, 0, 0, 0, 0, 0, 0, 0, 0, 0, 0, 0, 0, 0, 0, 0, 0, 0]
T = [40400, 36800, 39600, 40800, 43600, 59600, 42900, 45900, 43600, 50300, 40100, 49800, 47300, 13500, 41700, 44400, 59400, 41000, 41200, 41600, 39900, 41600, 189900, 42900, 43200, 42300, 41700, 12400, 43100, 54200]
T2 = [0, 0, 0, 0, 0, 0, 0, 0, 0, 0, 0, 0, 0, 0, 0, 0, 0, 0, 0, 0, 0, 0, 0, 0, 0, 0, 0, 0, 0, 0]

id 18
F = [124, 115, 102, 26, 104, 90, 110, 112, 118, 850, 126, 102, 101, 286, 113, 99, 123, 106, 101, 103, 105, 305, 291, 26, 113, 121, 22, 100, 112, 96]
F2 = [0, 0, 0, 0, 0, 0, 0, 0, 0, 0, 0, 0, 0, 0, 0, 0, 0, 0, 0, 0, 0, 0, 0, 0, 0, 0, 0, 0, 0, 0]
T = [47500, 43600, 62100, 13100, 42900, 35900, 46200, 42300, 51400, 299300, 47600, 40300, 49800, 104500, 44000, 38600, 52200, 42200, 42000, 40700, 44500, 109100, 103000, 11400, 43200, 48900, 10100, 38100, 43200, 41800]
T2 = [0, 0, 0, 0, 0, 0, 0, 0, 0, 0, 0, 0, 0, 0, 0, 0, 0, 0, 0, 0, 0, 0, 0, 0, 0, 0, 0, 0, 0, 0]

id 19
F = [27, 125, 102, 100, 300, 112, 110, 117, 101, 292, 109, 536, 119, 108, 120, 1605, 33, 1230, 112, 1682, 314, 110, 105, 818, 110, 118, 120, 102, 105, 100]
F2 = [0, 0, 0, 0, 0, 0, 0, 0, 0, 0, 0, 0, 0, 0, 0, 0, 0, 0, 0, 0, 0, 0, 0, 0, 0, 0, 0, 0, 0, 0]
T = [18200, 48500, 40600, 42900, 109300, 45600, 42400, 45700, 39100, 138200, 44000, 190400, 50100, 41000, 46800, 573200, 15900, 435300, 43100, 683100, 115600, 43200, 38900, 429300, 41600, 44000, 45700, 42600, 50200, 39500]
T2 = [0, 0, 0, 0, 0, 0, 0, 0, 0, 0, 0, 0, 0, 0, 0, 0, 0, 0, 0, 0, 0, 0, 0, 0, 0, 0, 0, 0, 0, 0]

id 20
F = [293, 108, 104, 101, 105, 107, 108, 104, 102, 119, 101, 96, 149, 124, 30, 118, 99, 27, 107, 153, 114, 102, 98, 116, 100, 109, 114, 108, 101, 130]
F2 = [0, 0, 0, 0, 0, 0, 0, 0, 0, 0, 0, 0, 0, 0, 0, 0, 0, 0, 0, 0, 0, 0, 0, 0, 0, 0, 0, 0, 0, 0]
T = [134100, 112100, 42600, 45200, 40100, 43400, 56500, 38700, 55300, 53800, 51300, 38400, 55900, 56200, 14500, 56700, 40000, 13700, 41000, 57800, 46700, 52600, 42100, 42600, 39900, 44000, 47200, 48200, 39300, 62000]
T2 = [0, 0, 0, 0, 0, 0, 0, 0, 0, 0, 0, 0, 0, 0, 0, 0, 0, 0, 0, 0, 0, 0, 0, 0, 0, 0, 0, 0, 0, 0]

id 21
F = [148, 102, 101, 87, 112, 117, 112, 35, 102, 103, 31, 96, 102, 922, 114, 137, 97, 103, 98, 105, 111, 107, 99, 287, 103, 118, 107, 130, 490, 109]
F2 = [0, 0, 0, 0, 0, 0, 0, 0, 0, 0, 0, 0, 0, 0, 0, 0, 0, 0, 0, 0, 0, 0, 0, 0, 0, 0, 0, 0, 0, 0]
T = [58100, 50200, 40400, 33700, 41800, 49200, 42300, 21800, 41300, 44800, 15500, 140200, 39500, 323100, 43100, 51800, 38200, 39800, 40700, 40200, 42500, 48500, 44600, 105100, 39000, 46600, 39200, 49100, 454000, 43500]
T2 = [0, 0, 0, 0, 0, 0, 0, 0, 0, 0, 0, 0, 0, 0, 0, 0, 0, 0, 0, 0, 0, 0, 0, 0, 0, 0, 0, 0, 0, 0]

id 22
F = [111, 94, 123, 117, 31, 109, 101, 303, 109, 86, 117, 114, 118, 276, 120, 106, 119, 105, 489, 118, 105, 115, 108, 105, 99, 564, 21, 107, 115, 109]
F2 = [0, 0, 0, 0, 0, 0, 0, 0, 0, 0, 0, 0, 0, 0, 0, 0, 0, 0, 0, 0, 0, 0, 0, 0, 0, 0, 0, 0, 0, 0]
T = [43600, 39300, 50700, 63100, 16800, 50900, 41300, 129300, 43500, 39500, 45500, 44100, 76400, 100600, 48100, 41800, 62800, 41700, 261300, 43800, 48200, 63900, 88000, 52600, 41500, 205900, 9700, 44100, 53000, 41900]
T2 = [0, 0, 0, 0, 0, 0, 0, 0, 0, 0, 0, 0, 0, 0, 0, 0, 0, 0, 0, 0, 0, 0, 0, 0, 0, 0, 0, 0, 0, 0]

id 23
F = [105, 115, 101, 100, 26, 300, 103, 146, 89, 96, 97, 105, 108, 478, 106, 112, 114, 105, 108, 119, 107, 102, 118, 104, 103, 658, 105, 97, 98, 298]
F2 = [0, 0, 0, 0, 0, 0, 0, 0, 0, 0, 0, 0, 0, 0, 0, 0, 0, 0, 0, 0, 0, 0, 0, 0, 0, 0, 0, 0, 0, 0]
T = [42600, 44600, 41700, 111800, 15300, 110700, 51900, 55400, 34800, 36200, 38700, 42200, 41400, 1685300, 41100, 42500, 46200, 42100, 50500, 46100, 49400, 38200, 45000, 43700, 42700, 231300, 40700, 36900, 40200, 109300]
T2 = [0, 0, 0, 0, 0, 0, 0, 0, 0, 0, 0, 0, 0, 0, 0, 0, 0, 0, 0, 0, 0, 0, 0, 0, 0, 0, 0, 0, 0, 0]

id 24
F = [107, 473, 110, 461, 109, 475, 107, 106, 98, 768, 131, 115, 103, 101, 109, 148, 117, 101, 104, 111, 114, 109, 106, 161, 37, 105, 111, 105, 123, 101]
F2 = [0, 0, 0, 0, 0, 0, 0, 0, 0, 0, 0, 0, 0, 0, 0, 0, 0, 0, 0, 0, 0, 0, 0, 0, 0, 0, 0, 0, 0, 0]
T = [42300, 167500, 59100, 175300, 44700, 172400, 40500, 41600, 37900, 272500, 85300, 47300, 43700, 49500, 41600, 82100, 45500, 75500, 41500, 44800, 47800, 43100, 40100, 61700, 21000, 40400, 49700, 41200, 48900, 47700]
T2 = [0, 0, 0, 0, 0, 0, 0, 0, 0, 0, 0, 0, 0, 0, 0, 0, 0, 0, 0, 0, 0, 0, 0, 0, 0, 0, 0, 0, 0, 0]

id 25
F = [111, 112, 103, 94, 109, 123, 102, 30, 25, 124, 861, 121, 110, 107, 101, 118, 105, 106, 107, 109, 115, 103, 104, 112, 106, 103, 103, 106, 119, 109]
F2 = [0, 0, 0, 0, 0, 0, 0, 0, 0, 0, 0, 0, 0, 0, 0, 0, 0, 0, 0, 0, 0, 0, 0, 0, 0, 0, 0, 0, 0, 0]
T = [50100, 60100, 42100, 37400, 42400, 49800, 53300, 21400, 15700, 99400, 389900, 45500, 42000, 40400, 39500, 74200, 40600, 42900, 41600, 52900, 55600, 49400, 44600, 59300, 65900, 48700, 49400, 39900, 45000, 42700]
T2 = [0, 0, 0, 0, 0, 0, 0, 0, 0, 0, 0, 0, 0, 0, 0, 0, 0, 0, 0, 0, 0, 0, 0, 0, 0, 0, 0, 0, 0, 0]

id 26
F = [95, 104, 105, 116, 285, 106, 29, 115, 930, 98, 116, 109, 112, 114, 113, 110, 116, 94, 29, 98, 131, 107, 101, 82, 116, 515, 149, 489, 108, 105]
F2 = [0, 0, 0, 0, 0, 0, 0, 0, 0, 0, 0, 0, 0, 0, 0, 0, 0, 0, 0, 0, 0, 0, 0, 0, 0, 0, 0, 0, 0, 0]
T = [38500, 41100, 40300, 70300, 145800, 69000, 16100, 45300, 335900, 37200, 44500, 56500, 44800, 47000, 42500, 48700, 53000, 36700, 15800, 37700, 50400, 39900, 42100, 33100, 49700, 423900, 57500, 183400, 41300, 43100]
T2 = [0, 0, 0, 0, 0, 0, 0, 0, 0, 0, 0, 0, 0, 0, 0, 0, 0, 0, 0, 0, 0, 0, 0, 0, 0, 0, 0, 0, 0, 0]

id 27
F = [101, 99, 91, 110, 104, 159, 112, 111, 107, 111, 100, 102, 117, 28, 110, 101, 131, 84, 110, 25, 26, 25, 549, 106, 104, 113, 113, 27, 132, 106]
F2 = [0, 0, 0, 0, 0, 0, 0, 0, 0, 0, 0, 0, 0, 0, 0, 0, 0, 0, 0, 0, 0, 0, 0, 0, 0, 0, 0, 0, 0, 0]
T = [39400, 39000, 35700, 42500, 63400, 69000, 46400, 43300, 42400, 51600, 39200, 38300, 44700, 30400, 45800, 38500, 56100, 37000, 41500, 11600, 12200, 17300, 194600, 41900, 45900, 44800, 167600, 13700, 93100, 40600]
T2 = [0, 0, 0, 0, 0, 0, 0, 0, 0, 0, 0, 0, 0, 0, 0, 0, 0, 0, 0, 0, 0, 0, 0, 0, 0, 0, 0, 0, 0, 0]

id 28
F = [102, 106, 107, 304, 117, 104, 117, 101, 110, 117, 101, 111, 103, 279, 99, 113, 106, 109, 114, 107, 530, 113, 506, 105, 113, 111, 106, 96, 101, 96]
F2 = [0, 0, 0, 0, 0, 0, 0, 0, 0, 0, 0, 0, 0, 0, 0, 0, 0, 0, 0, 0, 0, 0, 0, 0, 0, 0, 0, 0, 0, 0]
T = [40200, 48200, 60200, 187000, 46300, 42000, 47400, 46900, 71500, 74500, 40100, 44800, 40100, 103500, 45700, 82500, 39900, 43500, 56700, 42700, 252600, 51400, 212600, 50100, 58000, 46500, 47900, 39800, 39100, 36500]
T2 = [0, 0, 0, 0, 0, 0, 0, 0, 0, 0, 0, 0, 0, 0, 0, 0, 0, 0, 0, 0, 0, 0, 0, 0, 0, 0, 0, 0, 0, 0]

id 29
F = [115, 109, 103, 141, 113, 109, 94, 128, 146, 103, 112, 106, 108, 108, 103, 113, 525, 23, 113, 101, 107, 101, 314, 514, 108, 121, 97, 101, 104, 127]
F2 = [0, 0, 0, 0, 0, 0, 0, 0, 0, 0, 0, 0, 0, 0, 0, 0, 0, 0, 0, 0, 0, 0, 0, 0, 0, 0, 0, 0, 0, 0]
T = [45300, 56000, 56900, 64400, 44500, 51200, 46000, 48500, 67100, 41100, 81000, 71300, 64600, 41800, 47700, 50300, 185100, 11900, 42500, 40900, 167500, 39100, 132100, 276100, 41800, 69100, 40200, 40500, 41500, 54100]
T2 = [0, 0, 0, 0, 0, 0, 0, 0, 0, 0, 0, 0, 0, 0, 0, 0, 0, 0, 0, 0, 0, 0, 0, 0, 0, 0, 0, 0, 0, 0]

id 30
F = [91, 117, 473, 119, 122, 127, 314, 533, 106, 110, 89, 103, 96, 109, 114, 105, 108, 122, 99, 100, 101, 26, 280, 110, 25, 100, 108, 104, 116, 508]
F2 = [0, 0, 0, 0, 0, 0, 0, 0, 0, 0, 0, 0, 0, 0, 0, 0, 0, 0, 0, 0, 0, 0, 0, 0, 0, 0, 0, 0, 0, 0]
T = [35100, 52600, 393100, 45600, 58700, 47200, 224000, 201500, 40300, 41100, 36500, 54300, 36400, 41800, 50200, 40900, 59400, 56300, 39800, 57200, 49900, 16900, 173700, 43500, 15600, 40400, 59800, 53700, 46200, 182200]
T2 = [0, 0, 0, 0, 0, 0, 0, 0, 0, 0, 0, 0, 0, 0, 0, 0, 0, 0, 0, 0, 0, 0, 0, 0, 0, 0, 0, 0, 0, 0]

id 31
F = [106, 120, 99, 106, 105, 286, 294, 296, 100, 460, 107, 107, 107, 108, 91, 126, 107, 104, 104, 114, 123, 104, 113, 113, 882, 497, 25, 104, 106, 103]
F2 = [0, 0, 0, 0, 0, 0, 0, 0, 0, 0, 0, 0, 0, 0, 0, 0, 0, 0, 0, 0, 0, 0, 0, 0, 0, 0, 0, 0, 0, 0]
T = [42200, 70700, 39500, 51400, 42000, 104300, 104000, 105400, 39700, 164600, 43200, 41000, 41000, 41200, 48300, 64500, 42400, 40200, 48100, 53900, 67100, 39300, 52000, 52900, 477900, 227100, 15100, 41300, 87800, 39300]
T2 = [0, 0, 0, 0, 0, 0, 0, 0, 0, 0, 0, 0, 0, 0, 0, 0, 0, 0, 0, 0, 0, 0, 0, 0, 0, 0, 0, 0, 0, 0]

id 32
F = [115, 100, 138, 88, 24, 122, 112, 106, 115, 113, 108, 103, 119, 26, 93, 464, 107, 115, 102, 92, 101, 123, 1212, 113, 110, 117, 296, 93, 30, 107]
F2 = [0, 0, 0, 0, 0, 0, 0, 0, 0, 0, 0, 0, 0, 0, 0, 0, 0, 0, 0, 0, 0, 0, 0, 0, 0, 0, 0, 0, 0, 0]
T = [49600, 65300, 92000, 53300, 17200, 47100, 126900, 41600, 57900, 52200, 43100, 41700, 47200, 16700, 36000, 168100, 42000, 42200, 42000, 35800, 47100, 48300, 427900, 48300, 40300, 45500, 124800, 40900, 13900, 44100]
T2 = [0, 0, 0, 0, 0, 0, 0, 0, 0, 0, 0, 0, 0, 0, 0, 0, 0, 0, 0, 0, 0, 0, 0, 0, 0, 0, 0, 0, 0, 0]

id 33
F = [110, 116, 107, 290, 97, 301, 298, 116, 121, 103, 656, 121, 118, 114, 481, 119, 143, 110, 96, 125, 93, 112, 868, 93, 33, 108, 103, 107, 100, 116]
F2 = [0, 0, 0, 0, 0, 0, 0, 0, 0, 0, 0, 0, 0, 0, 0, 0, 0, 0, 0, 0, 0, 0, 0, 0, 0, 0, 0, 0, 0, 0]
T = [57200, 43500, 57300, 106700, 38500, 111100, 108300, 54300, 46700, 55300, 246700, 50800, 78300, 56900, 188400, 46000, 54600, 44600, 42000, 47100, 50300, 52800, 305900, 36200, 18000, 43100, 46500, 42200, 39400, 82400]
T2 = [0, 0, 0, 0, 0, 0, 0, 0, 0, 0, 0, 0, 0, 0, 0, 0, 0, 0, 0, 0, 0, 0, 0, 0, 0, 0, 0, 0, 0, 0]

id 34
F = [119, 114, 96, 108, 307, 125, 100, 105, 308, 110, 304, 107, 114, 152, 123, 115, 122, 22, 113, 121, 107, 106, 120, 23, 112, 125, 115, 117, 503, 102]
F2 = [0, 0, 0, 0, 0, 0, 0, 0, 0, 0, 0, 0, 0, 0, 0, 0, 0, 0, 0, 0, 0, 0, 0, 0, 0, 0, 0, 0, 0, 0]
T = [48700, 44900, 36500, 43500, 122400, 47600, 41600, 41600, 126600, 43300, 437500, 48100, 56900, 73600, 51400, 44700, 58600, 15600, 75500, 47200, 56200, 54600, 57900, 11300, 44100, 49100, 44000, 53900, 217600, 39700]
T2 = [0, 0, 0, 0, 0, 0, 0, 0, 0, 0, 0, 0, 0, 0, 0, 0, 0, 0, 0, 0, 0, 0, 0, 0, 0, 0, 0, 0, 0, 0]

id 35
F = [113, 116, 109, 97, 109, 111, 125, 112, 117, 116, 102, 99, 111, 110, 120, 105, 113, 160, 109, 22, 27, 119, 144, 101, 102, 118, 110, 102, 112, 33]
F2 = [0, 0, 0, 0, 0, 0, 0, 0, 0, 0, 0, 0, 0, 0, 0, 0, 0, 0, 0, 0, 0, 0, 0, 0, 0, 0, 0, 0, 0, 0]
T = [52300, 63100, 41700, 38600, 69400, 45200, 47800, 42700, 115300, 44000, 43000, 45500, 45900, 40900, 56500, 39700, 45700, 61900, 40600, 10700, 12800, 44200, 55600, 39800, 44300, 44600, 44000, 41800, 46300, 17400]
T2 = [0, 0, 0, 0, 0, 0, 0, 0, 0, 0, 0, 0, 0, 0, 0, 0, 0, 0, 0, 0, 0, 0, 0, 0, 0, 0, 0, 0, 0, 0]

id 36
F = [107, 100, 106, 122, 100, 115, 108, 93, 114, 155, 95, 113, 110, 111, 84, 108, 103, 490, 108, 111, 107, 101, 114, 311, 111, 129, 116, 101, 126, 113]
F2 = [0, 0, 0, 0, 0, 0, 0, 0, 0, 0, 0, 0, 0, 0, 0, 0, 0, 0, 0, 0, 0, 0, 0, 0, 0, 0, 0, 0, 0, 0]
T = [50700, 44000, 40200, 51900, 39000, 44800, 48200, 35900, 43200, 57500, 36000, 42800, 44000, 43200, 33400, 43100, 43400, 190800, 45200, 53200, 41600, 41200, 49600, 113600, 45600, 51700, 44800, 47400, 49300, 45300]
T2 = [0, 0, 0, 0, 0, 0, 0, 0, 0, 0, 0, 0, 0, 0, 0, 0, 0, 0, 0, 0, 0, 0, 0, 0, 0, 0, 0, 0, 0, 0]

id 37
F = [119, 110, 116, 93, 107, 158, 138, 94, 102, 119, 109, 119, 95, 306, 106, 127, 104, 123, 108, 110, 124, 98, 98, 156, 113, 106, 296, 114, 23, 103]
F2 = [0, 0, 0, 0, 0, 0, 0, 0, 0, 0, 0, 0, 0, 0, 0, 0, 0, 0, 0, 0, 0, 0, 0, 0, 0, 0, 0, 0, 0, 0]
T = [45700, 41900, 45300, 36500, 40900, 58500, 53300, 36400, 40300, 64100, 42100, 48300, 52400, 113100, 40800, 95900, 42600, 47500, 50100, 43100, 50600, 158200, 39200, 260800, 50600, 42000, 147300, 51400, 13500, 40800]
T2 = [0, 0, 0, 0, 0, 0, 0, 0, 0, 0, 0, 0, 0, 0, 0, 0, 0, 0, 0, 0, 0, 0, 0, 0, 0, 0, 0, 0, 0, 0]

id 38
F = [139, 99, 102, 137, 113, 98, 90, 82, 125, 27, 107, 118, 148, 106, 31, 129, 97, 112, 117, 103, 117, 23, 96, 104, 118, 110, 107, 98, 108, 107]
F2 = [0, 0, 0, 0, 0, 0, 0, 0, 0, 0, 0, 0, 0, 0, 0, 0, 0, 0, 0, 0, 0, 0, 0, 0, 0, 0, 0, 0, 0, 0]
T = [69600, 64800, 39900, 50700, 45000, 38500, 35800, 32100, 48700, 14700, 58500, 47400, 62800, 41600, 13200, 49200, 37200, 53900, 48700, 41100, 45900, 14100, 37100, 39900, 44700, 40600, 40900, 37600, 42700, 54400]
T2 = [0, 0, 0, 0, 0, 0, 0, 0, 0, 0, 0, 0, 0, 0, 0, 0, 0, 0, 0, 0, 0, 0, 0, 0, 0, 0, 0, 0, 0, 0]

id 39
F = [103, 26, 118, 101, 29, 117, 113, 105, 100, 93, 79, 98, 102, 110, 114, 115, 106, 100, 98, 311, 113, 478, 98, 98, 115, 100, 109, 306, 109, 101]
F2 = [0, 0, 0, 0, 0, 0, 0, 0, 0, 0, 0, 0, 0, 0, 0, 0, 0, 0, 0, 0, 0, 0, 0, 0, 0, 0, 0, 0, 0, 0]
T = [60300, 12100, 51700, 39200, 15300, 45100, 42900, 40200, 41000, 42100, 32700, 41200, 54100, 43900, 44000, 47300, 60800, 39600, 38500, 112900, 42900, 177400, 37400, 38500, 47100, 45300, 43300, 110800, 42800, 88000]
T2 = [0, 0, 0, 0, 0, 0, 0, 0, 0, 0, 0, 0, 0, 0, 0, 0, 0, 0, 0, 0, 0, 0, 0, 0, 0, 0, 0, 0, 0, 0]

id 40
F = [114, 116, 96, 103, 109, 121, 106, 38, 109, 92, 108, 89, 97, 115, 81, 100, 104, 108, 105, 109, 481, 84, 298, 117, 117, 816, 112, 108, 110, 119]
F2 = [0, 0, 0, 0, 0, 0, 0, 0, 0, 0, 0, 0, 0, 0, 0, 0, 0, 0, 0, 0, 0, 0, 0, 0, 0, 0, 0, 0, 0, 0]
T = [49400, 47000, 36800, 52200, 44500, 44900, 40900, 23000, 43400, 35400, 45700, 36900, 37200, 44800, 38800, 38800, 52400, 42500, 44200, 43300, 171500, 47800, 109100, 43500, 44500, 290700, 43200, 40300, 41700, 45000]
T2 = [0, 0, 0, 0, 0, 0, 0, 0, 0, 0, 0, 0, 0, 0, 0, 0, 0, 0, 0, 0, 0, 0, 0, 0, 0, 0, 0, 0, 0, 0]

id 41
F = [116, 115, 105, 110, 109, 25, 106, 107, 106, 118, 113, 882, 118, 110, 112, 120, 97, 108, 99, 115, 312, 29, 123, 101, 115, 112, 466, 132, 28, 117]
F2 = [0, 0, 0, 0, 0, 0, 0, 0, 0, 0, 0, 0, 0, 0, 0, 0, 0, 0, 0, 0, 0, 0, 0, 0, 0, 0, 0, 0, 0, 0]
T = [44700, 47800, 40900, 102600, 43300, 16200, 42100, 57300, 42000, 55600, 57400, 320300, 45300, 42900, 61200, 47200, 41100, 41900, 42000, 44300, 111200, 17600, 46400, 48500, 63000, 44100, 167800, 62500, 13400, 54900]
T2 = [0, 0, 0, 0, 0, 0, 0, 0, 0, 0, 0, 0, 0, 0, 0, 0, 0, 0, 0, 0, 0, 0, 0, 0, 0, 0, 0, 0, 0, 0]

id 42
F = [117, 115, 109, 99, 105, 99, 24, 146, 106, 125, 137, 117, 143, 108, 106, 30, 118, 106, 115, 94, 100, 326, 102, 121, 27, 813, 111, 127, 118, 280]
F2 = [0, 0, 0, 0, 0, 0, 0, 0, 0, 0, 0, 0, 0, 0, 0, 0, 0, 0, 0, 0, 0, 0, 0, 0, 0, 0, 0, 0, 0, 0]
T = [46300, 47000, 43800, 79400, 40900, 38000, 12800, 66600, 46300, 47600, 52600, 45300, 53400, 42900, 41000, 17800, 49300, 54900, 43700, 37700, 38600, 119400, 42400, 46400, 14000, 328400, 47100, 49300, 85500, 239700]
T2 = [0, 0, 0, 0, 0, 0, 0, 0, 0, 0, 0, 0, 0, 0, 0, 0, 0, 0, 0, 0, 0, 0, 0, 0, 0, 0, 0, 0, 0, 0]

id 43
F = [25, 112, 314, 99, 95, 108, 95, 109, 99, 473, 112, 120, 108, 116, 118, 109, 25, 149, 101, 112, 494, 104, 124, 107, 25, 104, 154, 94, 130, 112]
F2 = [0, 0, 0, 0, 0, 0, 0, 0, 0, 0, 0, 0, 0, 0, 0, 0, 0, 0, 0, 0, 0, 0, 0, 0, 0, 0, 0, 0, 0, 0]
T = [29700, 46400, 139800, 38100, 35900, 41400, 37000, 42500, 38400, 177000, 45600, 51700, 43100, 44900, 66200, 42000, 13600, 59700, 45200, 45900, 396600, 39900, 47200, 57600, 11900, 40800, 57900, 36800, 49100, 45200]
T2 = [0, 0, 0, 0, 0, 0, 0, 0, 0, 0, 0, 0, 0, 0, 0, 0, 0, 0, 0, 0, 0, 0, 0, 0, 0, 0, 0, 0, 0, 0]

id 44
F = [108, 95, 94, 31, 335, 110, 99, 101, 94, 31, 120, 116, 102, 112, 102, 93, 98, 106, 159, 154, 112, 100, 107, 94, 84, 149, 105, 116, 107, 119]
F2 = [0, 0, 0, 0, 0, 0, 0, 0, 0, 0, 0, 0, 0, 0, 0, 0, 0, 0, 0, 0, 0, 0, 0, 0, 0, 0, 0, 0, 0, 0]
T = [41500, 38300, 36200, 15200, 120100, 46800, 45900, 39600, 38400, 15300, 44900, 43400, 39600, 43700, 46700, 46500, 39500, 40500, 58300, 57900, 45500, 42700, 44000, 42900, 37300, 55100, 40100, 45000, 58500, 68100]
T2 = [0, 0, 0, 0, 0, 0, 0, 0, 0, 0, 0, 0, 0, 0, 0, 0, 0, 0, 0, 0, 0, 0, 0, 0, 0, 0, 0, 0, 0, 0]

id 45
F = [110, 109, 112, 120, 112, 114, 146, 113, 30, 119, 104, 122, 115, 101, 110, 284, 97, 120, 30, 578, 308, 141, 106, 105, 105, 124, 27, 108, 509, 106]
F2 = [0, 0, 0, 0, 0, 0, 0, 0, 0, 0, 0, 0, 0, 0, 0, 0, 0, 0, 0, 0, 0, 0, 0, 0, 0, 0, 0, 0, 0, 0]
T = [59800, 44200, 43500, 45700, 44900, 44800, 73300, 43700, 23600, 46400, 50000, 47000, 69700, 40600, 42900, 123300, 40700, 46100, 13900, 293700, 110900, 52200, 40100, 42000, 40300, 66100, 12800, 42500, 187400, 49100]
T2 = [0, 0, 0, 0, 0, 0, 0, 0, 0, 0, 0, 0, 0, 0, 0, 0, 0, 0, 0, 0, 0, 0, 0, 0, 0, 0, 0, 0, 0, 0]

id 46
F = [112, 122, 1196, 33, 100, 27, 124, 294, 94, 101, 99, 114, 27, 105, 116, 96, 109, 110, 154, 111, 286, 108, 862, 25, 97, 104, 104, 96, 428, 27]
F2 = [0, 0, 0, 0, 0, 0, 0, 0, 0, 0, 0, 0, 0, 0, 0, 0, 0, 0, 0, 0, 0, 0, 0, 0, 0, 0, 0, 0, 0, 0]
T = [48800, 46900, 438000, 14200, 39400, 13200, 46600, 110000, 35000, 40000, 44000, 56600, 13700, 39200, 45100, 53500, 43900, 53900, 59100, 44200, 104800, 42300, 304900, 17400, 51900, 44000, 39500, 37200, 153600, 13500]
T2 = [0, 0, 0, 0, 0, 0, 0, 0, 0, 0, 0, 0, 0, 0, 0, 0, 0, 0, 0, 0, 0, 0, 0, 0, 0, 0, 0, 0, 0, 0]

id 47
F = [119, 99, 99, 293, 103, 97, 156, 117, 105, 111, 104, 89, 307, 107, 25, 114, 115, 105, 111, 24, 107, 316, 536, 24, 106, 21, 114, 118, 110, 102]
F2 = [0, 0, 0, 0, 0, 0, 0, 0, 0, 0, 0, 0, 0, 0, 0, 0, 0, 0, 0, 0, 0, 0, 0, 0, 0, 0, 0, 0, 0, 0]
T = [45800, 39300, 37800, 114200, 41500, 37600, 57500, 62300, 52200, 260900, 42000, 39500, 165400, 41400, 17500, 44200, 44200, 64900, 55600, 12100, 41000, 119800, 195100, 12800, 43200, 12600, 41600, 45500, 42400, 43200]
T2 = [0, 0, 0, 0, 0, 0, 0, 0, 0, 0, 0, 0, 0, 0, 0, 0, 0, 0, 0, 0, 0, 0, 0, 0, 0, 0, 0, 0, 0, 0]

id 48
F = [105, 107, 30, 114, 115, 92, 99, 34, 109, 491, 107, 104, 490, 119, 101, 107, 119, 26, 107, 24, 104, 108, 103, 26, 108, 28, 27, 114, 101, 106]
F2 = [0, 0, 0, 0, 0, 0, 0, 0, 0, 0, 0, 0, 0, 0, 0, 0, 0, 0, 0, 0, 0, 0, 0, 0, 0, 0, 0, 0, 0, 0]
T = [43500, 44200, 13200, 44400, 61100, 51900, 57100, 16100, 43300, 231600, 41500, 42000, 176800, 58100, 38900, 41100, 46200, 11500, 41800, 11200, 60000, 43300, 39700, 12500, 52000, 12500, 12900, 44000, 49900, 51900]
T2 = [0, 0, 0, 0, 0, 0, 0, 0, 0, 0, 0, 0, 0, 0, 0, 0, 0, 0, 0, 0, 0, 0, 0, 0, 0, 0, 0, 0, 0, 0]

id 49
F = [97, 109, 113, 109, 23, 103, 823, 95, 135, 117, 112, 102, 112, 116, 117, 109, 106, 104, 111, 110, 35, 102, 108, 117, 95, 99, 136, 122, 86, 106]
F2 = [0, 0, 0, 0, 0, 0, 0, 0, 0, 0, 0, 0, 0, 0, 0, 0, 0, 0, 0, 0, 0, 0, 0, 0, 0, 0, 0, 0, 0, 0]
T = [37900, 43600, 42100, 60700, 10500, 39400, 603600, 36900, 49900, 43400, 41900, 40300, 41600, 56200, 43000, 48700, 40700, 41100, 43900, 43700, 17400, 93900, 62800, 47500, 47700, 40000, 59300, 46900, 46500, 41000]
T2 = [0, 0, 0, 0, 0, 0, 0, 0, 0, 0, 0, 0, 0, 0, 0, 0, 0, 0, 0, 0, 0, 0, 0, 0, 0, 0, 0, 0, 0, 0]

