id 0
F = [112, 111, 124, 84, 118, 26, 93, 117, 124, 111, 89, 127, 146, 108, 101, 95, 112, 112, 100, 108, 154, 105, 105, 109, 107, 90, 112, 110, 97, 145]
F2 = [0, 0, 0, 0, 0, 0, 0, 0, 0, 0, 0, 0, 0, 0, 0, 0, 0, 0, 0, 0, 0, 0, 0, 0, 0, 0, 0, 0, 0, 0]
T = [260100, 348300, 321000, 209100, 165700, 95200, 124200, 117900, 89700, 137600, 78600, 134400, 73400, 54900, 51400, 48500, 56000, 143700, 50700, 63000, 73800, 51200, 64900, 55000, 53100, 44300, 60100, 78100, 57900, 73300]
T2 = [0, 0, 0, 0, 0, 0, 0, 0, 0, 0, 0, 0, 0, 0, 0, 0, 0, 0, 0, 0, 0, 0, 0, 0, 0, 0, 0, 0, 0, 0]

id 1
F = [124, 91, 112, 147, 21, 90, 78, 110, 100, 101, 84, 23, 93, 98, 112, 102, 78, 88, 105, 26, 31, 97, 92, 104, 145, 111, 29, 102, 27, 105]
F2 = [0, 0, 0, 0, 0, 0, 0, 0, 0, 0, 0, 0, 0, 0, 0, 0, 0, 0, 0, 0, 0, 0, 0, 0, 0, 0, 0, 0, 0, 0]
T = [104500, 120600, 58800, 69900, 12700, 48800, 40400, 57700, 49600, 51400, 49400, 14300, 58500, 51000, 56500, 51700, 42600, 44000, 53400, 15400, 22100, 47600, 46500, 52700, 70500, 55900, 16100, 58700, 15600, 55200]
T2 = [0, 0, 0, 0, 0, 0, 0, 0, 0, 0, 0, 0, 0, 0, 0, 0, 0, 0, 0, 0, 0, 0, 0, 0, 0, 0, 0, 0, 0, 0]

id 2
F = [151, 82, 76, 114, 114, 142, 104, 76, 108, 313, 27, 109, 109, 107, 116, 37, 542, 79, 121, 94, 108, 97, 513, 105, 109, 104, 111, 93, 122, 92]
F2 = [0, 0, 0, 0, 0, 0, 0, 0, 0, 0, 0, 0, 0, 0, 0, 0, 0, 0, 0, 0, 0, 0, 0, 0, 0, 0, 0, 0, 0, 0]
T = [72500, 41300, 41900, 56300, 77400, 69300, 58300, 40200, 62400, 142600, 20800, 53500, 58100, 52900, 57500, 20400, 261100, 40700, 60000, 47700, 61800, 49200, 224600, 52000, 55000, 53500, 62900, 47700, 68000, 49500]
T2 = [0, 0, 0, 0, 0, 0, 0, 0, 0, 0, 0, 0, 0, 0, 0, 0, 0, 0, 0, 0, 0, 0, 0, 0, 0, 0, 0, 0, 0, 0]

id 3
F = [100, 115, 112, 21, 103, 110, 90, 126, 105, 82, 107, 114, 150, 22, 100, 116, 114, 96, 92, 122, 30, 115, 119, 35, 104, 74, 30, 26, 97, 97]
F2 = [0, 0, 0, 0, 0, 0, 0, 0, 0, 0, 0, 0, 0, 0, 0, 0, 0, 0, 0, 0, 0, 0, 0, 0, 0, 0, 0, 0, 0, 0]
T = [56100, 57700, 57200, 14900, 50900, 61700, 46900, 64900, 54300, 53700, 53900, 63400, 73300, 14700, 50000, 59300, 57300, 49600, 46300, 241000, 25500, 55800, 58500, 22600, 55500, 38200, 18700, 16100, 49300, 64700]
T2 = [0, 0, 0, 0, 0, 0, 0, 0, 0, 0, 0, 0, 0, 0, 0, 0, 0, 0, 0, 0, 0, 0, 0, 0, 0, 0, 0, 0, 0, 0]

id 4
F = [140, 107, 124, 103, 105, 37, 106, 25, 140, 117, 27, 92, 68, 24, 104, 22, 78, 106, 81, 103, 87, 96, 107, 255, 104, 493, 106, 116, 90, 106]
F2 = [0, 0, 0, 0, 0, 0, 0, 0, 0, 0, 0, 0, 0, 0, 0, 0, 0, 0, 0, 0, 0, 0, 0, 0, 0, 0, 0, 0, 0, 0]
T = [147100, 53900, 61000, 61600, 61100, 24600, 65700, 17000, 59500, 76700, 20700, 77400, 44300, 17200, 86100, 16300, 48200, 64700, 61000, 42700, 39100, 45600, 51600, 153000, 62500, 290300, 67800, 70400, 63200, 48200]
T2 = [0, 0, 0, 0, 0, 0, 0, 0, 0, 0, 0, 0, 0, 0, 0, 0, 0, 0, 0, 0, 0, 0, 0, 0, 0, 0, 0, 0, 0, 0]

id 5
F = [28, 104, 109, 102, 26, 103, 148, 26, 131, 31, 308, 82, 91, 82, 29, 114, 123, 27, 113, 104, 105, 105, 104, 99, 152, 32, 98, 122, 25, 106]
F2 = [0, 0, 0, 0, 0, 0, 0, 0, 0, 0, 0, 0, 0, 0, 0, 0, 0, 0, 0, 0, 0, 0, 0, 0, 0, 0, 0, 0, 0, 0]
T = [20100, 67700, 61600, 42300, 19600, 51300, 72500, 16200, 68200, 23900, 150000, 44000, 48000, 44400, 17600, 58100, 60400, 16800, 54900, 54200, 55200, 54200, 190900, 48300, 269000, 17600, 52300, 62400, 15500, 54600]
T2 = [0, 0, 0, 0, 0, 0, 0, 0, 0, 0, 0, 0, 0, 0, 0, 0, 0, 0, 0, 0, 0, 0, 0, 0, 0, 0, 0, 0, 0, 0]

id 6
F = [87, 477, 456, 478, 98, 141, 111, 122, 95, 97, 27, 491, 115, 93, 92, 90, 98, 285, 492, 541, 91, 99, 26, 109, 116, 119, 98, 76, 103, 110]
F2 = [0, 0, 0, 0, 0, 0, 0, 0, 0, 0, 0, 0, 0, 0, 0, 0, 0, 0, 0, 0, 0, 0, 0, 0, 0, 0, 0, 0, 0, 0]
T = [104400, 213200, 215300, 211500, 49200, 70700, 53400, 64500, 53300, 54800, 18600, 238600, 58300, 50900, 66000, 63500, 49800, 138700, 215700, 239500, 49400, 49900, 15000, 57300, 57000, 61000, 48800, 40900, 51500, 66800]
T2 = [0, 0, 0, 0, 0, 0, 0, 0, 0, 0, 0, 0, 0, 0, 0, 0, 0, 0, 0, 0, 0, 0, 0, 0, 0, 0, 0, 0, 0, 0]

id 7
F = [101, 88, 101, 91, 107, 96, 105, 451, 101, 98, 98, 105, 85, 89, 106, 103, 101, 535, 515, 91, 653, 26, 130, 88, 160, 144, 478, 525, 113, 114]
F2 = [0, 0, 0, 0, 0, 0, 0, 0, 0, 0, 0, 0, 0, 0, 0, 0, 0, 0, 0, 0, 0, 0, 0, 0, 0, 0, 0, 0, 0, 0]
T = [56800, 47500, 62900, 48000, 69100, 48200, 54300, 226700, 110100, 53200, 49700, 53700, 43400, 46400, 60800, 60500, 50900, 245300, 257600, 58400, 276700, 18500, 65700, 45600, 126500, 82800, 222400, 234700, 61700, 56200]
T2 = [0, 0, 0, 0, 0, 0, 0, 0, 0, 0, 0, 0, 0, 0, 0, 0, 0, 0, 0, 0, 0, 0, 0, 0, 0, 0, 0, 0, 0, 0]

id 8
F = [116, 115, 117, 95, 109, 96, 140, 122, 28, 113, 22, 133, 112, 120, 95, 80, 112, 113, 107, 110, 108, 88, 111, 480, 100, 78, 27, 298, 522, 109]
F2 = [0, 0, 0, 0, 0, 0, 0, 0, 0, 0, 0, 0, 0, 0, 0, 0, 0, 0, 0, 0, 0, 0, 0, 0, 0, 0, 0, 0, 0, 0]
T = [57900, 56600, 81700, 47700, 56400, 47200, 67400, 60400, 18600, 58300, 15800, 65200, 64600, 60600, 46800, 47200, 56600, 62600, 52800, 54100, 53600, 45100, 57500, 220500, 49700, 40400, 16800, 144200, 233900, 57300]
T2 = [0, 0, 0, 0, 0, 0, 0, 0, 0, 0, 0, 0, 0, 0, 0, 0, 0, 0, 0, 0, 0, 0, 0, 0, 0, 0, 0, 0, 0, 0]

id 9
F = [146, 135, 550, 99, 109, 102, 107, 27, 486, 27, 123, 111, 107, 293, 792, 265, 113, 102, 118, 97, 106, 80, 112, 90, 108, 102, 278, 81, 106, 105]
F2 = [0, 0, 0, 0, 0, 0, 0, 0, 0, 0, 0, 0, 0, 0, 0, 0, 0, 0, 0, 0, 0, 0, 0, 0, 0, 0, 0, 0, 0, 0]
T = [78800, 74300, 245100, 70400, 60800, 57500, 53400, 17300, 221100, 16300, 59200, 59100, 53800, 136400, 377400, 123400, 58500, 50900, 60000, 50300, 53400, 40200, 55400, 46600, 59200, 52200, 136000, 45100, 54500, 52600]
T2 = [0, 0, 0, 0, 0, 0, 0, 0, 0, 0, 0, 0, 0, 0, 0, 0, 0, 0, 0, 0, 0, 0, 0, 0, 0, 0, 0, 0, 0, 0]

id 10
F = [115, 124, 125, 108, 124, 107, 305, 115, 86, 79, 22, 286, 115, 106, 80, 113, 87, 114, 86, 95, 139, 111, 107, 534, 469, 86, 86, 106, 107, 98]
F2 = [0, 0, 0, 0, 0, 0, 0, 0, 0, 0, 0, 0, 0, 0, 0, 0, 0, 0, 0, 0, 0, 0, 0, 0, 0, 0, 0, 0, 0, 0]
T = [56300, 66500, 63300, 71600, 60900, 53300, 144000, 67000, 43500, 40300, 14000, 137800, 57200, 52900, 40100, 58400, 44700, 58900, 44000, 48900, 66500, 62200, 53300, 239200, 211300, 48400, 42900, 56700, 54300, 48800]
T2 = [0, 0, 0, 0, 0, 0, 0, 0, 0, 0, 0, 0, 0, 0, 0, 0, 0, 0, 0, 0, 0, 0, 0, 0, 0, 0, 0, 0, 0, 0]

id 11
F = [104, 88, 99, 119, 99, 108, 111, 509, 111, 84, 104, 117, 109, 110, 437, 102, 23, 89, 88, 31, 106, 96, 112, 122, 119, 96, 120, 502, 26, 102]
F2 = [0, 0, 0, 0, 0, 0, 0, 0, 0, 0, 0, 0, 0, 0, 0, 0, 0, 0, 0, 0, 0, 0, 0, 0, 0, 0, 0, 0, 0, 0]
T = [50900, 87700, 48300, 64900, 57200, 55600, 55300, 226700, 55800, 44600, 51900, 59200, 54800, 57300, 198200, 51900, 15500, 46200, 43700, 19100, 52200, 49800, 57400, 76400, 60000, 70200, 84100, 238700, 16500, 54400]
T2 = [0, 0, 0, 0, 0, 0, 0, 0, 0, 0, 0, 0, 0, 0, 0, 0, 0, 0, 0, 0, 0, 0, 0, 0, 0, 0, 0, 0, 0, 0]

id 12
F = [104, 283, 102, 112, 113, 98, 130, 103, 111, 93, 28, 102, 110, 104, 94, 98, 114, 109, 108, 97, 121, 93, 108, 536, 122, 114, 138, 100, 113, 87]
F2 = [0, 0, 0, 0, 0, 0, 0, 0, 0, 0, 0, 0, 0, 0, 0, 0, 0, 0, 0, 0, 0, 0, 0, 0, 0, 0, 0, 0, 0, 0]
T = [53500, 135400, 71700, 54200, 55200, 49900, 61900, 51800, 56700, 52400, 19900, 50400, 70100, 50600, 49800, 48100, 59400, 55100, 54400, 49700, 60900, 57100, 53900, 248400, 64300, 58600, 68000, 51900, 61700, 46500]
T2 = [0, 0, 0, 0, 0, 0, 0, 0, 0, 0, 0, 0, 0, 0, 0, 0, 0, 0, 0, 0, 0, 0, 0, 0, 0, 0, 0, 0, 0, 0]

id 13
F = [84, 113, 23, 150, 102, 100, 30, 84, 112, 105, 111, 88, 100, 112, 107, 120, 106, 110, 300, 546, 113, 117, 112, 112, 108, 103, 106, 28, 25, 498]
F2 = [0, 0, 0, 0, 0, 0, 0, 0, 0, 0, 0, 0, 0, 0, 0, 0, 0, 0, 0, 0, 0, 0, 0, 0, 0, 0, 0, 0, 0, 0]
T = [43500, 76700, 14500, 75800, 50300, 51500, 17000, 46100, 57500, 78200, 55900, 51100, 52500, 55700, 61400, 67000, 132400, 54200, 138300, 250700, 57300, 71200, 56500, 58100, 55700, 52900, 54800, 18700, 14700, 279400]
T2 = [0, 0, 0, 0, 0, 0, 0, 0, 0, 0, 0, 0, 0, 0, 0, 0, 0, 0, 0, 0, 0, 0, 0, 0, 0, 0, 0, 0, 0, 0]

id 14
F = [119, 534, 84, 78, 114, 89, 95, 111, 78, 92, 97, 149, 116, 108, 106, 98, 19, 85, 88, 102, 280, 541, 95, 102, 110, 22, 105, 29, 116, 123]
F2 = [0, 0, 0, 0, 0, 0, 0, 0, 0, 0, 0, 0, 0, 0, 0, 0, 0, 0, 0, 0, 0, 0, 0, 0, 0, 0, 0, 0, 0, 0]
T = [58700, 266300, 42700, 40800, 58100, 45300, 59600, 55700, 42500, 49200, 59500, 72900, 76100, 55800, 59400, 47900, 15900, 42200, 46500, 50600, 140200, 237200, 53100, 51300, 56400, 14000, 55900, 19200, 67800, 60900]
T2 = [0, 0, 0, 0, 0, 0, 0, 0, 0, 0, 0, 0, 0, 0, 0, 0, 0, 0, 0, 0, 0, 0, 0, 0, 0, 0, 0, 0, 0, 0]

id 15
F = [143, 116, 137, 134, 20, 86, 72, 109, 308, 109, 101, 104, 109, 115, 83, 113, 26, 116, 106, 100, 496, 97, 27, 102, 112, 86, 95, 111, 24, 153]
F2 = [0, 0, 0, 0, 0, 0, 0, 0, 0, 0, 0, 0, 0, 0, 0, 0, 0, 0, 0, 0, 0, 0, 0, 0, 0, 0, 0, 0, 0, 0]
T = [186200, 62300, 68700, 70200, 11900, 46100, 36100, 52900, 144700, 55200, 50400, 52300, 65100, 54900, 51800, 55600, 16300, 59100, 57500, 50400, 217000, 50200, 19500, 52700, 62300, 43000, 62300, 56600, 16200, 82900]
T2 = [0, 0, 0, 0, 0, 0, 0, 0, 0, 0, 0, 0, 0, 0, 0, 0, 0, 0, 0, 0, 0, 0, 0, 0, 0, 0, 0, 0, 0, 0]

id 16
F = [28, 121, 104, 107, 146, 88, 92, 107, 29, 91, 83, 108, 98, 114, 105, 115, 1163, 83, 107, 113, 110, 111, 115, 95, 164, 112, 491, 96, 98, 86]
F2 = [0, 0, 0, 0, 0, 0, 0, 0, 0, 0, 0, 0, 0, 0, 0, 0, 0, 0, 0, 0, 0, 0, 0, 0, 0, 0, 0, 0, 0, 0]
T = [15900, 60300, 53700, 60300, 71600, 47700, 55900, 53900, 16700, 45600, 44900, 54900, 49500, 56700, 51900, 57400, 459800, 42000, 54100, 55800, 56200, 58200, 102400, 51400, 80000, 57300, 234400, 50200, 49000, 49200]
T2 = [0, 0, 0, 0, 0, 0, 0, 0, 0, 0, 0, 0, 0, 0, 0, 0, 0, 0, 0, 0, 0, 0, 0, 0, 0, 0, 0, 0, 0, 0]

id 17
F = [94, 100, 106, 111, 93, 110, 112, 103, 103, 88, 119, 99, 108, 76, 98, 294, 121, 123, 512, 115, 472, 117, 98, 132, 114, 102, 120, 142, 508, 22]
F2 = [0, 0, 0, 0, 0, 0, 0, 0, 0, 0, 0, 0, 0, 0, 0, 0, 0, 0, 0, 0, 0, 0, 0, 0, 0, 0, 0, 0, 0, 0]
T = [76700, 49700, 53100, 61800, 49300, 58800, 57900, 51400, 53700, 43500, 74500, 49500, 66800, 40100, 55500, 151100, 59700, 61900, 228900, 57100, 211000, 56700, 51800, 64000, 62800, 51200, 65900, 70900, 232800, 16900]
T2 = [0, 0, 0, 0, 0, 0, 0, 0, 0, 0, 0, 0, 0, 0, 0, 0, 0, 0, 0, 0, 0, 0, 0, 0, 0, 0, 0, 0, 0, 0]

id 18
F = [112, 110, 107, 104, 108, 115, 110, 77, 92, 100, 540, 102, 97, 27, 273, 120, 93, 101, 150, 102, 79, 115, 33, 125, 94, 644, 91, 74, 105, 305]
F2 = [0, 0, 0, 0, 0, 0, 0, 0, 0, 0, 0, 0, 0, 0, 0, 0, 0, 0, 0, 0, 0, 0, 0, 0, 0, 0, 0, 0, 0, 0]
T = [58400, 57800, 53900, 55000, 66900, 57900, 54400, 45900, 46900, 54300, 232700, 58700, 52000, 15600, 128900, 62800, 46800, 55100, 72700, 57400, 40500, 57000, 19600, 62200, 68700, 287300, 50000, 38200, 60400, 161900]
T2 = [0, 0, 0, 0, 0, 0, 0, 0, 0, 0, 0, 0, 0, 0, 0, 0, 0, 0, 0, 0, 0, 0, 0, 0, 0, 0, 0, 0, 0, 0]

id 19
F = [98, 112, 97, 80, 105, 97, 99, 559, 112, 106, 111, 506, 141, 19, 104, 290, 91, 93, 27, 103, 117, 83, 89, 271, 89, 84, 116, 112, 116, 107]
F2 = [0, 0, 0, 0, 0, 0, 0, 0, 0, 0, 0, 0, 0, 0, 0, 0, 0, 0, 0, 0, 0, 0, 0, 0, 0, 0, 0, 0, 0, 0]
T = [49300, 73600, 49200, 41000, 52400, 52000, 50400, 261300, 56900, 52100, 60300, 255900, 70500, 17500, 67200, 134000, 53200, 49100, 17200, 50800, 62500, 42800, 103400, 126700, 46000, 56700, 58500, 68600, 57700, 59800]
T2 = [0, 0, 0, 0, 0, 0, 0, 0, 0, 0, 0, 0, 0, 0, 0, 0, 0, 0, 0, 0, 0, 0, 0, 0, 0, 0, 0, 0, 0, 0]

id 20
F = [109, 113, 80, 25, 119, 102, 27, 521, 103, 21, 91, 301, 117, 103, 30, 101, 89, 85, 32, 76, 104, 121, 101, 141, 118, 103, 80, 126, 119, 129]
F2 = [0, 0, 0, 0, 0, 0, 0, 0, 0, 0, 0, 0, 0, 0, 0, 0, 0, 0, 0, 0, 0, 0, 0, 0, 0, 0, 0, 0, 0, 0]
T = [63900, 79100, 43600, 25200, 56900, 52800, 16200, 232200, 51900, 13100, 46100, 147700, 74800, 53100, 21400, 52500, 46800, 41500, 18900, 38400, 53200, 65500, 50600, 69300, 58400, 53400, 40300, 65100, 57700, 63900]
T2 = [0, 0, 0, 0, 0, 0, 0, 0, 0, 0, 0, 0, 0, 0, 0, 0, 0, 0, 0, 0, 0, 0, 0, 0, 0, 0, 0, 0, 0, 0]

id 21
F = [70, 519, 33, 100, 89, 89, 113, 96, 106, 108, 91, 104, 143, 98, 475, 103, 111, 99, 113, 102, 24, 103, 30, 301, 105, 110, 109, 105, 293, 522]
F2 = [0, 0, 0, 0, 0, 0, 0, 0, 0, 0, 0, 0, 0, 0, 0, 0, 0, 0, 0, 0, 0, 0, 0, 0, 0, 0, 0, 0, 0, 0]
T = [39200, 227500, 18700, 50800, 54200, 45100, 61000, 47300, 53700, 56000, 46500, 53900, 89900, 53500, 214600, 54000, 62200, 54700, 74100, 53200, 20300, 53100, 20200, 140800, 56800, 53600, 56800, 51900, 141900, 232200]
T2 = [0, 0, 0, 0, 0, 0, 0, 0, 0, 0, 0, 0, 0, 0, 0, 0, 0, 0, 0, 0, 0, 0, 0, 0, 0, 0, 0, 0, 0, 0]

id 22
F = [93, 80, 113, 110, 115, 96, 109, 124, 29, 90, 69, 102, 314, 33, 113, 139, 93, 117, 29, 114, 95, 104, 117, 120, 121, 107, 293, 83, 87, 118]
F2 = [0, 0, 0, 0, 0, 0, 0, 0, 0, 0, 0, 0, 0, 0, 0, 0, 0, 0, 0, 0, 0, 0, 0, 0, 0, 0, 0, 0, 0, 0]
T = [46900, 46400, 56200, 54600, 56400, 48900, 65500, 63400, 17200, 49100, 36800, 50400, 144000, 22600, 57000, 75600, 45500, 58100, 16900, 71700, 47600, 52300, 58400, 204200, 66200, 68800, 140600, 43100, 133600, 63300]
T2 = [0, 0, 0, 0, 0, 0, 0, 0, 0, 0, 0, 0, 0, 0, 0, 0, 0, 0, 0, 0, 0, 0, 0, 0, 0, 0, 0, 0, 0, 0]

id 23
F = [130, 107, 474, 305, 516, 123, 113, 94, 104, 108, 27, 112, 111, 87, 313, 108, 107, 95, 30, 112, 108, 94, 114, 148, 100, 96, 552, 24, 163, 26]
F2 = [0, 0, 0, 0, 0, 0, 0, 0, 0, 0, 0, 0, 0, 0, 0, 0, 0, 0, 0, 0, 0, 0, 0, 0, 0, 0, 0, 0, 0, 0]
T = [67100, 55700, 216700, 140300, 246500, 75600, 65100, 66300, 52500, 55200, 29800, 85900, 60200, 47400, 146000, 70800, 53400, 67300, 17600, 56300, 52400, 52000, 53400, 75200, 50500, 48700, 250000, 14800, 91900, 16100]
T2 = [0, 0, 0, 0, 0, 0, 0, 0, 0, 0, 0, 0, 0, 0, 0, 0, 0, 0, 0, 0, 0, 0, 0, 0, 0, 0, 0, 0, 0, 0]

id 24
F = [106, 101, 148, 108, 98, 136, 111, 121, 111, 112, 124, 132, 94, 86, 117, 105, 87, 105, 311, 107, 120, 478, 82, 98, 107, 110, 105, 119, 107, 100]
F2 = [0, 0, 0, 0, 0, 0, 0, 0, 0, 0, 0, 0, 0, 0, 0, 0, 0, 0, 0, 0, 0, 0, 0, 0, 0, 0, 0, 0, 0, 0]
T = [56100, 65900, 80100, 57900, 50500, 67300, 57900, 61700, 54500, 58500, 60600, 65200, 48000, 44500, 58300, 57700, 44000, 54300, 151200, 57100, 59300, 224500, 42600, 92700, 64500, 54300, 53500, 58300, 62500, 50500]
T2 = [0, 0, 0, 0, 0, 0, 0, 0, 0, 0, 0, 0, 0, 0, 0, 0, 0, 0, 0, 0, 0, 0, 0, 0, 0, 0, 0, 0, 0, 0]

id 25
F = [110, 133, 97, 25, 148, 81, 108, 32, 111, 549, 124, 139, 76, 542, 30, 91, 135, 24, 29, 106, 110, 101, 116, 111, 92, 111, 108, 115, 152, 132]
F2 = [0, 0, 0, 0, 0, 0, 0, 0, 0, 0, 0, 0, 0, 0, 0, 0, 0, 0, 0, 0, 0, 0, 0, 0, 0, 0, 0, 0, 0, 0]
T = [57600, 65700, 49400, 15700, 73400, 40900, 51900, 18500, 56600, 392600, 60700, 67600, 41100, 271600, 19200, 45800, 66600, 14200, 19100, 51800, 56100, 53900, 59300, 84500, 50700, 56800, 86600, 57300, 75600, 81800]
T2 = [0, 0, 0, 0, 0, 0, 0, 0, 0, 0, 0, 0, 0, 0, 0, 0, 0, 0, 0, 0, 0, 0, 0, 0, 0, 0, 0, 0, 0, 0]

id 26
F = [287, 112, 117, 33, 98, 98, 277, 136, 108, 68, 123, 118, 115, 118, 97, 107, 112, 127, 100, 79, 125, 118, 116, 30, 87, 26, 82, 117, 268, 73]
F2 = [0, 0, 0, 0, 0, 0, 0, 0, 0, 0, 0, 0, 0, 0, 0, 0, 0, 0, 0, 0, 0, 0, 0, 0, 0, 0, 0, 0, 0, 0]
T = [305600, 81600, 56300, 20200, 56100, 59400, 175800, 84300, 66400, 57900, 49000, 53200, 68100, 57000, 39900, 69500, 67700, 53800, 45700, 32300, 51900, 48700, 48600, 16500, 39000, 18500, 51900, 88900, 164900, 37400]
T2 = [0, 0, 0, 0, 0, 0, 0, 0, 0, 0, 0, 0, 0, 0, 0, 0, 0, 0, 0, 0, 0, 0, 0, 0, 0, 0, 0, 0, 0, 0]

id 27
F = [128, 116, 78, 287, 107, 84, 117, 103, 103, 113, 297, 94, 119, 24, 106, 100, 89, 106, 109, 308, 98, 513, 27, 123, 26, 102, 134, 111, 95, 122]
F2 = [0, 0, 0, 0, 0, 0, 0, 0, 0, 0, 0, 0, 0, 0, 0, 0, 0, 0, 0, 0, 0, 0, 0, 0, 0, 0, 0, 0, 0, 0]
T = [63000, 57400, 40000, 138300, 54900, 61100, 58000, 70100, 95300, 65300, 158800, 51000, 101400, 16800, 66000, 51500, 49300, 54700, 55000, 147500, 52100, 237900, 18400, 60800, 16800, 59400, 67900, 60000, 47800, 59800]
T2 = [0, 0, 0, 0, 0, 0, 0, 0, 0, 0, 0, 0, 0, 0, 0, 0, 0, 0, 0, 0, 0, 0, 0, 0, 0, 0, 0, 0, 0, 0]

id 28
F = [29, 481, 100, 112, 289, 112, 104, 129, 120, 89, 25, 36, 113, 544, 117, 83, 114, 98, 99, 111, 149, 107, 30, 109, 103, 110, 102, 119, 105, 261]
F2 = [0, 0, 0, 0, 0, 0, 0, 0, 0, 0, 0, 0, 0, 0, 0, 0, 0, 0, 0, 0, 0, 0, 0, 0, 0, 0, 0, 0, 0, 0]
T = [18100, 254200, 58800, 55900, 150300, 68700, 55900, 68300, 65100, 48100, 16200, 25300, 55800, 234000, 76300, 42800, 58100, 49400, 53900, 54500, 81300, 52200, 18000, 55400, 64300, 55300, 58300, 59700, 56200, 120900]
T2 = [0, 0, 0, 0, 0, 0, 0, 0, 0, 0, 0, 0, 0, 0, 0, 0, 0, 0, 0, 0, 0, 0, 0, 0, 0, 0, 0, 0, 0, 0]

id 29
F = [115, 115, 101, 521, 116, 75, 110, 84, 93, 85, 77, 102, 108, 105, 312, 143, 86, 87, 105, 160, 122, 33, 77, 122, 85, 288, 106, 107, 115, 138]
F2 = [0, 0, 0, 0, 0, 0, 0, 0, 0, 0, 0, 0, 0, 0, 0, 0, 0, 0, 0, 0, 0, 0, 0, 0, 0, 0, 0, 0, 0, 0]
T = [61000, 56100, 52200, 230000, 71700, 40900, 57500, 46600, 60100, 46700, 44700, 96200, 83100, 56800, 156800, 73000, 44100, 45000, 61900, 77000, 78800, 20100, 46600, 59100, 45100, 134000, 59600, 55000, 68700, 74800]
T2 = [0, 0, 0, 0, 0, 0, 0, 0, 0, 0, 0, 0, 0, 0, 0, 0, 0, 0, 0, 0, 0, 0, 0, 0, 0, 0, 0, 0, 0, 0]

id 30
F = [28, 109, 274, 102, 272, 104, 117, 112, 109, 26, 106, 25, 105, 110, 100, 122, 32, 308, 109, 102, 516, 104, 115, 110, 291, 150, 28, 83, 281, 90]
F2 = [0, 0, 0, 0, 0, 0, 0, 0, 0, 0, 0, 0, 0, 0, 0, 0, 0, 0, 0, 0, 0, 0, 0, 0, 0, 0, 0, 0, 0, 0]
T = [18100, 56100, 284800, 60500, 130800, 54500, 60000, 96200, 54300, 19200, 51600, 20500, 52100, 56600, 52100, 60400, 20200, 176200, 66200, 51100, 236900, 55600, 58500, 58300, 136500, 73400, 23900, 40900, 155800, 45600]
T2 = [0, 0, 0, 0, 0, 0, 0, 0, 0, 0, 0, 0, 0, 0, 0, 0, 0, 0, 0, 0, 0, 0, 0, 0, 0, 0, 0, 0, 0, 0]

id 31
F = [95, 115, 83, 130, 483, 158, 95, 112, 113, 569, 105, 105, 517, 116, 110, 259, 107, 112, 92, 34, 96, 100, 106, 106, 98, 115, 111, 115, 113, 87]
F2 = [0, 0, 0, 0, 0, 0, 0, 0, 0, 0, 0, 0, 0, 0, 0, 0, 0, 0, 0, 0, 0, 0, 0, 0, 0, 0, 0, 0, 0, 0]
T = [48800, 61100, 52700, 71300, 221100, 78100, 47900, 58000, 61000, 263000, 52900, 63100, 228500, 58900, 71500, 125100, 67500, 62700, 50400, 22800, 48000, 49900, 52200, 53000, 47900, 60600, 57200, 62300, 114900, 44300]
T2 = [0, 0, 0, 0, 0, 0, 0, 0, 0, 0, 0, 0, 0, 0, 0, 0, 0, 0, 0, 0, 0, 0, 0, 0, 0, 0, 0, 0, 0, 0]

id 32
F = [127, 31, 104, 109, 111, 86, 101, 99, 121, 80, 99, 101, 23, 397, 73, 21, 112, 93, 109, 524, 320, 104, 114, 96, 301, 142, 108, 102, 84, 115]
F2 = [0, 0, 0, 0, 0, 0, 0, 0, 0, 0, 0, 0, 0, 0, 0, 0, 0, 0, 0, 0, 0, 0, 0, 0, 0, 0, 0, 0, 0, 0]
T = [63400, 18400, 52500, 54700, 56000, 44400, 53200, 50500, 60300, 41400, 49800, 55100, 16200, 183500, 39600, 26900, 92300, 51600, 62600, 234600, 158400, 49800, 61100, 47300, 139500, 70200, 70800, 50000, 43500, 56300]
T2 = [0, 0, 0, 0, 0, 0, 0, 0, 0, 0, 0, 0, 0, 0, 0, 0, 0, 0, 0, 0, 0, 0, 0, 0, 0, 0, 0, 0, 0, 0]

id 33
F = [108, 108, 300, 100, 107, 111, 128, 117, 87, 161, 103, 93, 100, 158, 105, 112, 30, 97, 124, 488, 104, 104, 473, 119, 117, 29, 109, 101, 94, 151]
F2 = [0, 0, 0, 0, 0, 0, 0, 0, 0, 0, 0, 0, 0, 0, 0, 0, 0, 0, 0, 0, 0, 0, 0, 0, 0, 0, 0, 0, 0, 0]
T = [61000, 54000, 136800, 50700, 62000, 55100, 65900, 58200, 43400, 80800, 51600, 63300, 50400, 92400, 51500, 56300, 17900, 52800, 62700, 215400, 57400, 55200, 206600, 58700, 73200, 17400, 54800, 51000, 59400, 75600]
T2 = [0, 0, 0, 0, 0, 0, 0, 0, 0, 0, 0, 0, 0, 0, 0, 0, 0, 0, 0, 0, 0, 0, 0, 0, 0, 0, 0, 0, 0, 0]

id 34
F = [92, 94, 97, 110, 103, 96, 89, 26, 115, 286, 279, 95, 247, 121, 268, 102, 90, 105, 123, 303, 30, 319, 97, 99, 114, 104, 22, 156, 97, 109]
F2 = [0, 0, 0, 0, 0, 0, 0, 0, 0, 0, 0, 0, 0, 0, 0, 0, 0, 0, 0, 0, 0, 0, 0, 0, 0, 0, 0, 0, 0, 0]
T = [47900, 52700, 51800, 70200, 114000, 50700, 60600, 20100, 66000, 132300, 132400, 49100, 116600, 278900, 145400, 65200, 58500, 51800, 61500, 140400, 28100, 145700, 103200, 80400, 65800, 54200, 14200, 82700, 48700, 54600]
T2 = [0, 0, 0, 0, 0, 0, 0, 0, 0, 0, 0, 0, 0, 0, 0, 0, 0, 0, 0, 0, 0, 0, 0, 0, 0, 0, 0, 0, 0, 0]

id 35
F = [106, 29, 104, 120, 102, 107, 115, 24, 518, 109, 308, 102, 109, 100, 115, 95, 117, 115, 113, 299, 117, 31, 98, 104, 108, 104, 27, 100, 119, 285]
F2 = [0, 0, 0, 0, 0, 0, 0, 0, 0, 0, 0, 0, 0, 0, 0, 0, 0, 0, 0, 0, 0, 0, 0, 0, 0, 0, 0, 0, 0, 0]
T = [51200, 29100, 56100, 56700, 51300, 54600, 56200, 23100, 240800, 60200, 144700, 51100, 61000, 51900, 57600, 72900, 60500, 58400, 57100, 141200, 58100, 24600, 49800, 53000, 110400, 53800, 17200, 53800, 71000, 140400]
T2 = [0, 0, 0, 0, 0, 0, 0, 0, 0, 0, 0, 0, 0, 0, 0, 0, 0, 0, 0, 0, 0, 0, 0, 0, 0, 0, 0, 0, 0, 0]

id 36
F = [100, 108, 96, 95, 119, 122, 123, 459, 107, 114, 308, 107, 110, 116, 100, 120, 109, 117, 290, 106, 30, 106, 109, 103, 26, 23, 29, 83, 94, 91]
F2 = [0, 0, 0, 0, 0, 0, 0, 0, 0, 0, 0, 0, 0, 0, 0, 0, 0, 0, 0, 0, 0, 0, 0, 0, 0, 0, 0, 0, 0, 0]
T = [144000, 59500, 51800, 48900, 58100, 68600, 59900, 214000, 55000, 56400, 143600, 54300, 58400, 58300, 50500, 58400, 60400, 57200, 143100, 52100, 25100, 53400, 59900, 52800, 19200, 15200, 19300, 43500, 49200, 48800]
T2 = [0, 0, 0, 0, 0, 0, 0, 0, 0, 0, 0, 0, 0, 0, 0, 0, 0, 0, 0, 0, 0, 0, 0, 0, 0, 0, 0, 0, 0, 0]

id 37
F = [80, 29, 84, 90, 92, 69, 112, 101, 308, 103, 138, 103, 110, 456, 35, 128, 116, 503, 101, 34, 96, 78, 84, 113, 107, 290, 114, 69, 146, 112]
F2 = [0, 0, 0, 0, 0, 0, 0, 0, 0, 0, 0, 0, 0, 0, 0, 0, 0, 0, 0, 0, 0, 0, 0, 0, 0, 0, 0, 0, 0, 0]
T = [41800, 23000, 60100, 46200, 49600, 37200, 54600, 51200, 159500, 51500, 67400, 52500, 60500, 203500, 25900, 62300, 68000, 220300, 61200, 20100, 51700, 48400, 42800, 59800, 54300, 146400, 63000, 40500, 71700, 58300]
T2 = [0, 0, 0, 0, 0, 0, 0, 0, 0, 0, 0, 0, 0, 0, 0, 0, 0, 0, 0, 0, 0, 0, 0, 0, 0, 0, 0, 0, 0, 0]

id 38
F = [111, 113, 93, 31, 106, 85, 119, 109, 100, 139, 29, 83, 93, 86, 307, 552, 97, 111, 80, 113, 99, 100, 137, 107, 111, 545, 276, 141, 96, 105]
F2 = [0, 0, 0, 0, 0, 0, 0, 0, 0, 0, 0, 0, 0, 0, 0, 0, 0, 0, 0, 0, 0, 0, 0, 0, 0, 0, 0, 0, 0, 0]
T = [54600, 58600, 49300, 21300, 52500, 86800, 58800, 58500, 50500, 83800, 19500, 42700, 68500, 43200, 173600, 254400, 52900, 55300, 43300, 61300, 51500, 50600, 73600, 55700, 59200, 238600, 127400, 69700, 60300, 59200]
T2 = [0, 0, 0, 0, 0, 0, 0, 0, 0, 0, 0, 0, 0, 0, 0, 0, 0, 0, 0, 0, 0, 0, 0, 0, 0, 0, 0, 0, 0, 0]

id 39
F = [98, 123, 94, 104, 33, 119, 35, 24, 102, 105, 117, 143, 526, 84, 110, 90, 95, 24, 100, 108, 108, 99, 88, 105, 108, 83, 109, 122, 109, 99]
F2 = [0, 0, 0, 0, 0, 0, 0, 0, 0, 0, 0, 0, 0, 0, 0, 0, 0, 0, 0, 0, 0, 0, 0, 0, 0, 0, 0, 0, 0, 0]
T = [52800, 64400, 50400, 50900, 30800, 62500, 21100, 18100, 51400, 54200, 58800, 86300, 396500, 43500, 58700, 55300, 53800, 21400, 48900, 56000, 54100, 58300, 45100, 53700, 54600, 43600, 52600, 61800, 54800, 52800]
T2 = [0, 0, 0, 0, 0, 0, 0, 0, 0, 0, 0, 0, 0, 0, 0, 0, 0, 0, 0, 0, 0, 0, 0, 0, 0, 0, 0, 0, 0, 0]

id 40
F = [88, 25, 107, 99, 84, 115, 22, 113, 90, 489, 110, 499, 109, 105, 336, 112, 481, 114, 111, 75, 96, 109, 125, 89, 119, 269, 127, 92, 106, 23]
F2 = [0, 0, 0, 0, 0, 0, 0, 0, 0, 0, 0, 0, 0, 0, 0, 0, 0, 0, 0, 0, 0, 0, 0, 0, 0, 0, 0, 0, 0, 0]
T = [46100, 18300, 68000, 51500, 53100, 58700, 14100, 65100, 53900, 218400, 56500, 257300, 69400, 60800, 734400, 90600, 218400, 58800, 57800, 53500, 82400, 55900, 61000, 46300, 58500, 127900, 73900, 46100, 55600, 14200]
T2 = [0, 0, 0, 0, 0, 0, 0, 0, 0, 0, 0, 0, 0, 0, 0, 0, 0, 0, 0, 0, 0, 0, 0, 0, 0, 0, 0, 0, 0, 0]

id 41
F = [104, 103, 145, 106, 102, 116, 293, 88, 103, 102, 116, 25, 141, 283, 80, 157, 35, 94, 108, 94, 30, 98, 107, 27, 26, 111, 119, 28, 106, 115]
F2 = [0, 0, 0, 0, 0, 0, 0, 0, 0, 0, 0, 0, 0, 0, 0, 0, 0, 0, 0, 0, 0, 0, 0, 0, 0, 0, 0, 0, 0, 0]
T = [50500, 50800, 72900, 64000, 52800, 62600, 143500, 44700, 76700, 58000, 61700, 24200, 70800, 140500, 59000, 81500, 22000, 48700, 56200, 71400, 17500, 51900, 54400, 18700, 17700, 60200, 64400, 17000, 53900, 56000]
T2 = [0, 0, 0, 0, 0, 0, 0, 0, 0, 0, 0, 0, 0, 0, 0, 0, 0, 0, 0, 0, 0, 0, 0, 0, 0, 0, 0, 0, 0, 0]

id 42
F = [116, 151, 106, 30, 122, 92, 114, 80, 34, 39, 90, 100, 92, 497, 110, 82, 33, 115, 35, 113, 502, 84, 121, 118, 111, 108, 114, 76, 93, 113]
F2 = [0, 0, 0, 0, 0, 0, 0, 0, 0, 0, 0, 0, 0, 0, 0, 0, 0, 0, 0, 0, 0, 0, 0, 0, 0, 0, 0, 0, 0, 0]
T = [74900, 73500, 58000, 20800, 65000, 47000, 59800, 41000, 27700, 23300, 55800, 50600, 55000, 222200, 55000, 41300, 21400, 58600, 21100, 58700, 223700, 42800, 62300, 59100, 57400, 55700, 58900, 43400, 50800, 54900]
T2 = [0, 0, 0, 0, 0, 0, 0, 0, 0, 0, 0, 0, 0, 0, 0, 0, 0, 0, 0, 0, 0, 0, 0, 0, 0, 0, 0, 0, 0, 0]

id 43
F = [117, 28, 29, 118, 118, 139, 99, 114, 111, 82, 111, 70, 102, 103, 31, 113, 115, 106, 106, 28, 112, 110, 100, 104, 115, 95, 96, 106, 103, 509]
F2 = [0, 0, 0, 0, 0, 0, 0, 0, 0, 0, 0, 0, 0, 0, 0, 0, 0, 0, 0, 0, 0, 0, 0, 0, 0, 0, 0, 0, 0, 0]
T = [57200, 17300, 19500, 63400, 58400, 72900, 49200, 76000, 56000, 46800, 54900, 47100, 51300, 51900, 19100, 57400, 58600, 60300, 60400, 27900, 58000, 54600, 58400, 53700, 62200, 47900, 57500, 55900, 57200, 226600]
T2 = [0, 0, 0, 0, 0, 0, 0, 0, 0, 0, 0, 0, 0, 0, 0, 0, 0, 0, 0, 0, 0, 0, 0, 0, 0, 0, 0, 0, 0, 0]

id 44
F = [114, 114, 100, 105, 78, 21, 118, 106, 72, 112, 94, 119, 118, 107, 87, 31, 106, 111, 113, 100, 537, 109, 107, 79, 94, 98, 111, 114, 107, 505]
F2 = [0, 0, 0, 0, 0, 0, 0, 0, 0, 0, 0, 0, 0, 0, 0, 0, 0, 0, 0, 0, 0, 0, 0, 0, 0, 0, 0, 0, 0, 0]
T = [63800, 64700, 50400, 52500, 44200, 203700, 61700, 53000, 40100, 55800, 47000, 64800, 61900, 56900, 46300, 19200, 57900, 54900, 57900, 63700, 237000, 84200, 53600, 40500, 49100, 51500, 75000, 57100, 80100, 246700]
T2 = [0, 0, 0, 0, 0, 0, 0, 0, 0, 0, 0, 0, 0, 0, 0, 0, 0, 0, 0, 0, 0, 0, 0, 0, 0, 0, 0, 0, 0, 0]

id 45
F = [130, 27, 101, 85, 104, 148, 108, 22, 88, 108, 98, 78, 94, 94, 108, 101, 87, 162, 104, 114, 107, 281, 298, 27, 103, 106, 98, 31, 95, 91]
F2 = [0, 0, 0, 0, 0, 0, 0, 0, 0, 0, 0, 0, 0, 0, 0, 0, 0, 0, 0, 0, 0, 0, 0, 0, 0, 0, 0, 0, 0, 0]
T = [77500, 20400, 52100, 112000, 65600, 79500, 59100, 13800, 47400, 55800, 60300, 40500, 49000, 49800, 54000, 59100, 65500, 83300, 65600, 57100, 63400, 132600, 139300, 17300, 54500, 74700, 48200, 19900, 58400, 45700]
T2 = [0, 0, 0, 0, 0, 0, 0, 0, 0, 0, 0, 0, 0, 0, 0, 0, 0, 0, 0, 0, 0, 0, 0, 0, 0, 0, 0, 0, 0, 0]

id 46
F = [112, 108, 95, 31, 104, 108, 21, 141, 88, 87, 140, 117, 90, 111, 94, 97, 115, 23, 106, 107, 26, 24, 104, 80, 301, 26, 303, 108, 142, 113]
F2 = [0, 0, 0, 0, 0, 0, 0, 0, 0, 0, 0, 0, 0, 0, 0, 0, 0, 0, 0, 0, 0, 0, 0, 0, 0, 0, 0, 0, 0, 0]
T = [66900, 52100, 49300, 19000, 53100, 56000, 14300, 68200, 43800, 43000, 71500, 61600, 46600, 58300, 48500, 63200, 57900, 23200, 53800, 77900, 16800, 22600, 86300, 41100, 148900, 20400, 141500, 53400, 68700, 61600]
T2 = [0, 0, 0, 0, 0, 0, 0, 0, 0, 0, 0, 0, 0, 0, 0, 0, 0, 0, 0, 0, 0, 0, 0, 0, 0, 0, 0, 0, 0, 0]

id 47
F = [98, 111, 109, 24, 105, 32, 95, 121, 99, 111, 110, 113, 73, 304, 124, 110, 106, 99, 117, 145, 23, 93, 99, 137, 117, 114, 112, 116, 100, 123]
F2 = [0, 0, 0, 0, 0, 0, 0, 0, 0, 0, 0, 0, 0, 0, 0, 0, 0, 0, 0, 0, 0, 0, 0, 0, 0, 0, 0, 0, 0, 0]
T = [50100, 58800, 55400, 14900, 52900, 24300, 50700, 66200, 50600, 84300, 78000, 57400, 40100, 141700, 88100, 75900, 60300, 49100, 64000, 71300, 15900, 48800, 50100, 69800, 58200, 55100, 59800, 61100, 50500, 69800]
T2 = [0, 0, 0, 0, 0, 0, 0, 0, 0, 0, 0, 0, 0, 0, 0, 0, 0, 0, 0, 0, 0, 0, 0, 0, 0, 0, 0, 0, 0, 0]

id 48
F = [172, 493, 112, 102, 109, 106, 100, 114, 25, 91, 111, 80, 104, 27, 101, 118, 297, 148, 92, 98, 27, 27, 87, 290, 111, 120, 85, 252, 283, 92]
F2 = [0, 0, 0, 0, 0, 0, 0, 0, 0, 0, 0, 0, 0, 0, 0, 0, 0, 0, 0, 0, 0, 0, 0, 0, 0, 0, 0, 0, 0, 0]
T = [87600, 323500, 55500, 50700, 55400, 53000, 50000, 54500, 14200, 47800, 61200, 40600, 56700, 16900, 56300, 68200, 224500, 71900, 49700, 77900, 27400, 17200, 47000, 133900, 54800, 57700, 42000, 118500, 135200, 49600]
T2 = [0, 0, 0, 0, 0, 0, 0, 0, 0, 0, 0, 0, 0, 0, 0, 0, 0, 0, 0, 0, 0, 0, 0, 0, 0, 0, 0, 0, 0, 0]

id 49
F = [106, 98, 29, 115, 85, 81, 108, 118, 82, 31, 106, 307, 104, 118, 99, 103, 91, 117, 109, 99, 141, 539, 33, 85, 129, 103, 501, 107, 117, 325]
F2 = [0, 0, 0, 0, 0, 0, 0, 0, 0, 0, 0, 0, 0, 0, 0, 0, 0, 0, 0, 0, 0, 0, 0, 0, 0, 0, 0, 0, 0, 0]
T = [55400, 54800, 18500, 69200, 43600, 44000, 61300, 60300, 60000, 20000, 53400, 177400, 53100, 76600, 50700, 51500, 55000, 58400, 53600, 49000, 69700, 251100, 23600, 43800, 63600, 55300, 229900, 54600, 65100, 149700]
T2 = [0, 0, 0, 0, 0, 0, 0, 0, 0, 0, 0, 0, 0, 0, 0, 0, 0, 0, 0, 0, 0, 0, 0, 0, 0, 0, 0, 0, 0, 0]

id 50
F = [143, 104, 111, 99, 103, 112, 127, 109, 29, 27, 100, 109, 102, 476, 289, 91, 85, 558, 112, 25, 35, 108, 488, 112, 104, 109, 71, 111, 94, 555]
F2 = [0, 0, 0, 0, 0, 0, 0, 0, 0, 0, 0, 0, 0, 0, 0, 0, 0, 0, 0, 0, 0, 0, 0, 0, 0, 0, 0, 0, 0, 0]
T = [79100, 58000, 72900, 50000, 62600, 60400, 65900, 87500, 21500, 20700, 138600, 55700, 50600, 235100, 140700, 49000, 43100, 253600, 56000, 18000, 19700, 54300, 310200, 56000, 60400, 54800, 37200, 58700, 46200, 318400]
T2 = [0, 0, 0, 0, 0, 0, 0, 0, 0, 0, 0, 0, 0, 0, 0, 0, 0, 0, 0, 0, 0, 0, 0, 0, 0, 0, 0, 0, 0, 0]

id 51
F = [113, 99, 477, 110, 75, 475, 475, 99, 23, 112, 76, 84, 96, 97, 541, 116, 26, 27, 84, 499, 111, 93, 137, 98, 120, 33, 110, 99, 112, 108]
F2 = [0, 0, 0, 0, 0, 0, 0, 0, 0, 0, 0, 0, 0, 0, 0, 0, 0, 0, 0, 0, 0, 0, 0, 0, 0, 0, 0, 0, 0, 0]
T = [55500, 49700, 209700, 54400, 39900, 212500, 214000, 50100, 14800, 57400, 40600, 43700, 52500, 46900, 243300, 58400, 22600, 17600, 47900, 324000, 56000, 45800, 72800, 54500, 58500, 19600, 55700, 50200, 57400, 54600]
T2 = [0, 0, 0, 0, 0, 0, 0, 0, 0, 0, 0, 0, 0, 0, 0, 0, 0, 0, 0, 0, 0, 0, 0, 0, 0, 0, 0, 0, 0, 0]

id 52
F = [137, 115, 110, 100, 88, 19, 513, 102, 30, 27, 121, 71, 109, 109, 19, 124, 122, 31, 105, 23, 25, 494, 108, 114, 90, 97, 96, 118, 121, 114]
F2 = [0, 0, 0, 0, 0, 0, 0, 0, 0, 0, 0, 0, 0, 0, 0, 0, 0, 0, 0, 0, 0, 0, 0, 0, 0, 0, 0, 0, 0, 0]
T = [67000, 72000, 57100, 49300, 45400, 15100, 230400, 52300, 17300, 17500, 61200, 54900, 55100, 59000, 12300, 86700, 59700, 28000, 59000, 17800, 29100, 268900, 53900, 59600, 46600, 50000, 47800, 81200, 62200, 55000]
T2 = [0, 0, 0, 0, 0, 0, 0, 0, 0, 0, 0, 0, 0, 0, 0, 0, 0, 0, 0, 0, 0, 0, 0, 0, 0, 0, 0, 0, 0, 0]

id 53
F = [80, 101, 296, 125, 96, 524, 91, 111, 109, 116, 114, 103, 135, 150, 113, 105, 529, 28, 106, 92, 25, 110, 119, 118, 99, 149, 121, 162, 81, 84]
F2 = [0, 0, 0, 0, 0, 0, 0, 0, 0, 0, 0, 0, 0, 0, 0, 0, 0, 0, 0, 0, 0, 0, 0, 0, 0, 0, 0, 0, 0, 0]
T = [40800, 53200, 136900, 68200, 48600, 240700, 67000, 55200, 79500, 58500, 56300, 54100, 88800, 75200, 59300, 73300, 238600, 19300, 61100, 54900, 16700, 68600, 81700, 64800, 51200, 73300, 85600, 82100, 42500, 43500]
T2 = [0, 0, 0, 0, 0, 0, 0, 0, 0, 0, 0, 0, 0, 0, 0, 0, 0, 0, 0, 0, 0, 0, 0, 0, 0, 0, 0, 0, 0, 0]

id 54
F = [841, 550, 102, 85, 31, 76, 146, 94, 111, 486, 106, 101, 39, 121, 105, 92, 429, 102, 102, 298, 158, 107, 115, 100, 87, 104, 124, 90, 114, 99]
F2 = [0, 0, 0, 0, 0, 0, 0, 0, 0, 0, 0, 0, 0, 0, 0, 0, 0, 0, 0, 0, 0, 0, 0, 0, 0, 0, 0, 0, 0, 0]
T = [427700, 261100, 56300, 42400, 19800, 52900, 71300, 47800, 60400, 228700, 56900, 52300, 26900, 62900, 54900, 47100, 286900, 57200, 54400, 144700, 77100, 61600, 67200, 55200, 46900, 66000, 61400, 46700, 57500, 50000]
T2 = [0, 0, 0, 0, 0, 0, 0, 0, 0, 0, 0, 0, 0, 0, 0, 0, 0, 0, 0, 0, 0, 0, 0, 0, 0, 0, 0, 0, 0, 0]

id 55
F = [89, 17, 112, 81, 494, 106, 109, 115, 109, 122, 30, 111, 109, 113, 124, 108, 121, 25, 285, 100, 104, 93, 107, 110, 90, 106, 110, 107, 106, 136]
F2 = [0, 0, 0, 0, 0, 0, 0, 0, 0, 0, 0, 0, 0, 0, 0, 0, 0, 0, 0, 0, 0, 0, 0, 0, 0, 0, 0, 0, 0, 0]
T = [45400, 12700, 60900, 42900, 217700, 77500, 54700, 74800, 61700, 62800, 17500, 54900, 57100, 55200, 63800, 52700, 61500, 16000, 137500, 51000, 52000, 47000, 53700, 54300, 47800, 54100, 56800, 54300, 52200, 77200]
T2 = [0, 0, 0, 0, 0, 0, 0, 0, 0, 0, 0, 0, 0, 0, 0, 0, 0, 0, 0, 0, 0, 0, 0, 0, 0, 0, 0, 0, 0, 0]

id 56
F = [114, 110, 108, 89, 92, 118, 28, 106, 31, 109, 94, 83, 76, 27, 107, 99, 102, 27, 83, 104, 99, 301, 107, 122, 29, 113, 116, 26, 98, 92]
F2 = [0, 0, 0, 0, 0, 0, 0, 0, 0, 0, 0, 0, 0, 0, 0, 0, 0, 0, 0, 0, 0, 0, 0, 0, 0, 0, 0, 0, 0, 0]
T = [95900, 68000, 55000, 45100, 47700, 72000, 19000, 60600, 17800, 55200, 52700, 57000, 41600, 25900, 61800, 59200, 53900, 20800, 44800, 54700, 78300, 207400, 53600, 62200, 19900, 62300, 67400, 16400, 140600, 47800]
T2 = [0, 0, 0, 0, 0, 0, 0, 0, 0, 0, 0, 0, 0, 0, 0, 0, 0, 0, 0, 0, 0, 0, 0, 0, 0, 0, 0, 0, 0, 0]

id 57
F = [164, 30, 103, 103, 122, 98, 142, 33, 698, 112, 101, 123, 107, 284, 113, 104, 108, 98, 121, 142, 126, 106, 25, 111, 499, 457, 285, 112, 108, 73]
F2 = [0, 0, 0, 0, 0, 0, 0, 0, 0, 0, 0, 0, 0, 0, 0, 0, 0, 0, 0, 0, 0, 0, 0, 0, 0, 0, 0, 0, 0, 0]
T = [79000, 20200, 62700, 51400, 70500, 51600, 79500, 25400, 303100, 64500, 53100, 61800, 53600, 130700, 58500, 56100, 53600, 52100, 67500, 76900, 68600, 66000, 17800, 56200, 268300, 205400, 136900, 56600, 54600, 38800]
T2 = [0, 0, 0, 0, 0, 0, 0, 0, 0, 0, 0, 0, 0, 0, 0, 0, 0, 0, 0, 0, 0, 0, 0, 0, 0, 0, 0, 0, 0, 0]

id 58
F = [106, 110, 110, 428, 87, 114, 92, 110, 88, 86, 121, 108, 92, 470, 104, 110, 111, 86, 123, 86, 98, 77, 85, 107, 111, 115, 117, 531, 119, 35]
F2 = [0, 0, 0, 0, 0, 0, 0, 0, 0, 0, 0, 0, 0, 0, 0, 0, 0, 0, 0, 0, 0, 0, 0, 0, 0, 0, 0, 0, 0, 0]
T = [57100, 59300, 85300, 194400, 187200, 86500, 52900, 55600, 62700, 47800, 88600, 47400, 39100, 380200, 75800, 69700, 91100, 52800, 78400, 97200, 37300, 42400, 39800, 43000, 45400, 46100, 57500, 248800, 63100, 24400]
T2 = [0, 0, 0, 0, 0, 0, 0, 0, 0, 0, 0, 0, 0, 0, 0, 0, 0, 0, 0, 0, 0, 0, 0, 0, 0, 0, 0, 0, 0, 0]

id 59
F = [28, 23, 115, 109, 99, 156, 118, 517, 106, 112, 312, 26, 104, 114, 133, 305, 110, 284, 310, 90, 76, 130, 106, 136, 104, 98, 101, 118, 113, 90]
F2 = [0, 0, 0, 0, 0, 0, 0, 0, 0, 0, 0, 0, 0, 0, 0, 0, 0, 0, 0, 0, 0, 0, 0, 0, 0, 0, 0, 0, 0, 0]
T = [15800, 13800, 47000, 67700, 43300, 96200, 50900, 280600, 48800, 67600, 128300, 21600, 54000, 50600, 54000, 123500, 51200, 108300, 137500, 41900, 37200, 81400, 49200, 58500, 44200, 43400, 52500, 50600, 57800, 43800]
T2 = [0, 0, 0, 0, 0, 0, 0, 0, 0, 0, 0, 0, 0, 0, 0, 0, 0, 0, 0, 0, 0, 0, 0, 0, 0, 0, 0, 0, 0, 0]

id 60
F = [82, 107, 115, 102, 106, 25, 107, 110, 110, 122, 94, 96, 110, 90, 79, 25, 23, 100, 112, 100, 83, 95, 109, 482, 97, 108, 109, 125, 89, 81]
F2 = [0, 0, 0, 0, 0, 0, 0, 0, 0, 0, 0, 0, 0, 0, 0, 0, 0, 0, 0, 0, 0, 0, 0, 0, 0, 0, 0, 0, 0, 0]
T = [55000, 44700, 49300, 72500, 47900, 18500, 54800, 48100, 56200, 70600, 69500, 41400, 46500, 38500, 36100, 17800, 15000, 43100, 48100, 53300, 37300, 41100, 63500, 183300, 44400, 46400, 45200, 50600, 47800, 36600]
T2 = [0, 0, 0, 0, 0, 0, 0, 0, 0, 0, 0, 0, 0, 0, 0, 0, 0, 0, 0, 0, 0, 0, 0, 0, 0, 0, 0, 0, 0, 0]

id 61
F = [24, 99, 112, 156, 34, 117, 79, 110, 24, 77, 84, 88, 76, 111, 115, 105, 115, 110, 113, 115, 96, 96, 464, 106, 91, 121, 25, 80, 108, 81]
F2 = [0, 0, 0, 0, 0, 0, 0, 0, 0, 0, 0, 0, 0, 0, 0, 0, 0, 0, 0, 0, 0, 0, 0, 0, 0, 0, 0, 0, 0, 0]
T = [12200, 42700, 51500, 71100, 23000, 48300, 33100, 45600, 13300, 34700, 36300, 37800, 37200, 45800, 58700, 44400, 59700, 46600, 49900, 70000, 63000, 58800, 267300, 68500, 38600, 48100, 19800, 34100, 47000, 51600]
T2 = [0, 0, 0, 0, 0, 0, 0, 0, 0, 0, 0, 0, 0, 0, 0, 0, 0, 0, 0, 0, 0, 0, 0, 0, 0, 0, 0, 0, 0, 0]

id 62
F = [152, 101, 92, 94, 102, 31, 300, 104, 123, 106, 99, 19, 150, 97, 28, 23, 103, 31, 110, 108, 117, 117, 148, 287, 84, 100, 118, 98, 97, 129]
F2 = [0, 0, 0, 0, 0, 0, 0, 0, 0, 0, 0, 0, 0, 0, 0, 0, 0, 0, 0, 0, 0, 0, 0, 0, 0, 0, 0, 0, 0, 0]
T = [89700, 96100, 58800, 57700, 62200, 17500, 183500, 97100, 100500, 96200, 76900, 14800, 88500, 57700, 16000, 16800, 67400, 32100, 68900, 66100, 71000, 75200, 87900, 239900, 51800, 62000, 93300, 59300, 44900, 51100]
T2 = [0, 0, 0, 0, 0, 0, 0, 0, 0, 0, 0, 0, 0, 0, 0, 0, 0, 0, 0, 0, 0, 0, 0, 0, 0, 0, 0, 0, 0, 0]

id 63
F = [299, 100, 32, 154, 109, 119, 132, 107, 88, 510, 96, 88, 501, 136, 93, 30, 83, 105, 229, 115, 280, 132, 106, 112, 106, 110, 80, 91, 32, 121]
F2 = [0, 0, 0, 0, 0, 0, 0, 0, 0, 0, 0, 0, 0, 0, 0, 0, 0, 0, 0, 0, 0, 0, 0, 0, 0, 0, 0, 0, 0, 0]
T = [115500, 68200, 22700, 93700, 61700, 49600, 59700, 45300, 60700, 221900, 48600, 45300, 218700, 74000, 47100, 21800, 45600, 52700, 109500, 57700, 128700, 68800, 52600, 77100, 57700, 56100, 41500, 45900, 17600, 91700]
T2 = [0, 0, 0, 0, 0, 0, 0, 0, 0, 0, 0, 0, 0, 0, 0, 0, 0, 0, 0, 0, 0, 0, 0, 0, 0, 0, 0, 0, 0, 0]

id 64
F = [89, 111, 113, 37, 81, 155, 91, 105, 496, 104, 310, 139, 105, 111, 110, 149, 25, 107, 111, 87, 91, 103, 295, 78, 110, 114, 114, 23, 149, 86]
F2 = [0, 0, 0, 0, 0, 0, 0, 0, 0, 0, 0, 0, 0, 0, 0, 0, 0, 0, 0, 0, 0, 0, 0, 0, 0, 0, 0, 0, 0, 0]
T = [38500, 70300, 69500, 32100, 44600, 67800, 39900, 46300, 187800, 70300, 117100, 55700, 66100, 70300, 66200, 90300, 15300, 51400, 67800, 62300, 54200, 62800, 184400, 42700, 56500, 99100, 74500, 15300, 94200, 44600]
T2 = [0, 0, 0, 0, 0, 0, 0, 0, 0, 0, 0, 0, 0, 0, 0, 0, 0, 0, 0, 0, 0, 0, 0, 0, 0, 0, 0, 0, 0, 0]

id 65
F = [85, 98, 96, 109, 113, 94, 101, 105, 27, 96, 129, 103, 101, 111, 94, 539, 28, 124, 107, 81, 107, 142, 104, 71, 117, 99, 105, 105, 144, 312]
F2 = [0, 0, 0, 0, 0, 0, 0, 0, 0, 0, 0, 0, 0, 0, 0, 0, 0, 0, 0, 0, 0, 0, 0, 0, 0, 0, 0, 0, 0, 0]
T = [61800, 60400, 51600, 51300, 58500, 83300, 51100, 79000, 17400, 51100, 73300, 52800, 52900, 63000, 47200, 377300, 17000, 63700, 56500, 59900, 60300, 71000, 63400, 47100, 69400, 82700, 53500, 61700, 69100, 157000]
T2 = [0, 0, 0, 0, 0, 0, 0, 0, 0, 0, 0, 0, 0, 0, 0, 0, 0, 0, 0, 0, 0, 0, 0, 0, 0, 0, 0, 0, 0, 0]

id 66
F = [115, 94, 32, 105, 145, 118, 118, 117, 262, 116, 106, 138, 112, 102, 105, 102, 119, 98, 100, 26, 122, 110, 31, 82, 111, 122, 139, 100, 77, 114]
F2 = [0, 0, 0, 0, 0, 0, 0, 0, 0, 0, 0, 0, 0, 0, 0, 0, 0, 0, 0, 0, 0, 0, 0, 0, 0, 0, 0, 0, 0, 0]
T = [69100, 50200, 18000, 53600, 69900, 59400, 63400, 58700, 123100, 57600, 60000, 70500, 56800, 51700, 51800, 50600, 58500, 49500, 55900, 15700, 64100, 54900, 18600, 43000, 54900, 61600, 77700, 53600, 42500, 57000]
T2 = [0, 0, 0, 0, 0, 0, 0, 0, 0, 0, 0, 0, 0, 0, 0, 0, 0, 0, 0, 0, 0, 0, 0, 0, 0, 0, 0, 0, 0, 0]

id 67
F = [30, 293, 292, 21, 30, 112, 23, 96, 95, 104, 119, 96, 115, 96, 530, 81, 101, 115, 115, 99, 142, 99, 30, 29, 117, 107, 107, 112, 118, 107]
F2 = [0, 0, 0, 0, 0, 0, 0, 0, 0, 0, 0, 0, 0, 0, 0, 0, 0, 0, 0, 0, 0, 0, 0, 0, 0, 0, 0, 0, 0, 0]
T = [23600, 155300, 175000, 15200, 17500, 57000, 14500, 48100, 48400, 53400, 62600, 48900, 96400, 49200, 243500, 40100, 61100, 62700, 61400, 57900, 72000, 51500, 18300, 19200, 57500, 56200, 53600, 75500, 59000, 56100]
T2 = [0, 0, 0, 0, 0, 0, 0, 0, 0, 0, 0, 0, 0, 0, 0, 0, 0, 0, 0, 0, 0, 0, 0, 0, 0, 0, 0, 0, 0, 0]

id 68
F = [138, 274, 107, 112, 107, 465, 103, 33, 118, 109, 82, 102, 111, 111, 87, 118, 276, 89, 105, 24, 116, 102, 261, 99, 113, 481, 114, 85, 82, 101]
F2 = [0, 0, 0, 0, 0, 0, 0, 0, 0, 0, 0, 0, 0, 0, 0, 0, 0, 0, 0, 0, 0, 0, 0, 0, 0, 0, 0, 0, 0, 0]
T = [68700, 128400, 56000, 59800, 57500, 223700, 52500, 25900, 58700, 55200, 42000, 51700, 55100, 55400, 49500, 62900, 128700, 45600, 54500, 14700, 60500, 50400, 122700, 48800, 61300, 212300, 56900, 43500, 44800, 50800]
T2 = [0, 0, 0, 0, 0, 0, 0, 0, 0, 0, 0, 0, 0, 0, 0, 0, 0, 0, 0, 0, 0, 0, 0, 0, 0, 0, 0, 0, 0, 0]

id 69
F = [289, 111, 112, 97, 31, 107, 102, 101, 104, 87, 314, 122, 141, 288, 404, 124, 114, 146, 118, 118, 89, 144, 116, 105, 96, 103, 126, 94, 461, 84]
F2 = [0, 0, 0, 0, 0, 0, 0, 0, 0, 0, 0, 0, 0, 0, 0, 0, 0, 0, 0, 0, 0, 0, 0, 0, 0, 0, 0, 0, 0, 0]
T = [143000, 60500, 54500, 73500, 22000, 53000, 50700, 54300, 55000, 44100, 144000, 64400, 74200, 224700, 197800, 64400, 57600, 71500, 63900, 65700, 52000, 68000, 58200, 55800, 47300, 59200, 64400, 47100, 207000, 42900]
T2 = [0, 0, 0, 0, 0, 0, 0, 0, 0, 0, 0, 0, 0, 0, 0, 0, 0, 0, 0, 0, 0, 0, 0, 0, 0, 0, 0, 0, 0, 0]

id 70
F = [114, 114, 29, 114, 112, 85, 112, 111, 150, 95, 94, 85, 98, 106, 82, 97, 93, 113, 113, 84, 28, 27, 86, 106, 284, 105, 38, 113, 113, 93]
F2 = [0, 0, 0, 0, 0, 0, 0, 0, 0, 0, 0, 0, 0, 0, 0, 0, 0, 0, 0, 0, 0, 0, 0, 0, 0, 0, 0, 0, 0, 0]
T = [55700, 55900, 18800, 60000, 92500, 54500, 55700, 80600, 83500, 49900, 55500, 43500, 60600, 92000, 48200, 63500, 45600, 57900, 56200, 48200, 18600, 19800, 45300, 54900, 132800, 53300, 21500, 61800, 60900, 63200]
T2 = [0, 0, 0, 0, 0, 0, 0, 0, 0, 0, 0, 0, 0, 0, 0, 0, 0, 0, 0, 0, 0, 0, 0, 0, 0, 0, 0, 0, 0, 0]

id 71
F = [80, 103, 28, 99, 89, 104, 26, 91, 92, 92, 89, 96, 288, 117, 154, 90, 79, 106, 114, 94, 108, 290, 117, 279, 85, 114, 109, 93, 116, 137]
F2 = [0, 0, 0, 0, 0, 0, 0, 0, 0, 0, 0, 0, 0, 0, 0, 0, 0, 0, 0, 0, 0, 0, 0, 0, 0, 0, 0, 0, 0, 0]
T = [61500, 51800, 24700, 50200, 65200, 53300, 29300, 46100, 46700, 45800, 45000, 47500, 137400, 70800, 77500, 51400, 40500, 70700, 58900, 50700, 58200, 138400, 56400, 135800, 44800, 69300, 70000, 63200, 72200, 84700]
T2 = [0, 0, 0, 0, 0, 0, 0, 0, 0, 0, 0, 0, 0, 0, 0, 0, 0, 0, 0, 0, 0, 0, 0, 0, 0, 0, 0, 0, 0, 0]

id 72
F = [288, 122, 100, 127, 110, 76, 84, 31, 110, 154, 291, 157, 106, 119, 112, 97, 107, 36, 116, 100, 104, 713, 30, 121, 106, 115, 112, 88, 518, 75]
F2 = [0, 0, 0, 0, 0, 0, 0, 0, 0, 0, 0, 0, 0, 0, 0, 0, 0, 0, 0, 0, 0, 0, 0, 0, 0, 0, 0, 0, 0, 0]
T = [151200, 65300, 49700, 75600, 58000, 38700, 45400, 18100, 67900, 83900, 237300, 86200, 58100, 61500, 60600, 50200, 60800, 21500, 177300, 61100, 63200, 258600, 17100, 53400, 64700, 80500, 70200, 48500, 346600, 53700]
T2 = [0, 0, 0, 0, 0, 0, 0, 0, 0, 0, 0, 0, 0, 0, 0, 0, 0, 0, 0, 0, 0, 0, 0, 0, 0, 0, 0, 0, 0, 0]

id 73
F = [28, 83, 34, 105, 117, 116, 109, 83, 89, 94, 102, 120, 99, 108, 30, 104, 102, 118, 117, 108, 148, 96, 99, 105, 118, 94, 98, 103, 118, 107]
F2 = [0, 0, 0, 0, 0, 0, 0, 0, 0, 0, 0, 0, 0, 0, 0, 0, 0, 0, 0, 0, 0, 0, 0, 0, 0, 0, 0, 0, 0, 0]
T = [20400, 50100, 28600, 234100, 70700, 48700, 73500, 33800, 35600, 40200, 56000, 51500, 62300, 47400, 14100, 45700, 69600, 68900, 52300, 48600, 68300, 40000, 40600, 44500, 76900, 61200, 41500, 63300, 48900, 141300]
T2 = [0, 0, 0, 0, 0, 0, 0, 0, 0, 0, 0, 0, 0, 0, 0, 0, 0, 0, 0, 0, 0, 0, 0, 0, 0, 0, 0, 0, 0, 0]

id 74
F = [87, 111, 102, 97, 103, 83, 95, 27, 101, 101, 79, 117, 30, 115, 26, 106, 103, 101, 117, 24, 93, 141, 116, 86, 108, 35, 110, 115, 88, 100]
F2 = [0, 0, 0, 0, 0, 0, 0, 0, 0, 0, 0, 0, 0, 0, 0, 0, 0, 0, 0, 0, 0, 0, 0, 0, 0, 0, 0, 0, 0, 0]
T = [41500, 75300, 41500, 43700, 74200, 56100, 60500, 19900, 62200, 62700, 48400, 81000, 27100, 48700, 16500, 45000, 50400, 40600, 66400, 14100, 45300, 71100, 61900, 45600, 58400, 21200, 53100, 57300, 44700, 49700]
T2 = [0, 0, 0, 0, 0, 0, 0, 0, 0, 0, 0, 0, 0, 0, 0, 0, 0, 0, 0, 0, 0, 0, 0, 0, 0, 0, 0, 0, 0, 0]

id 75
F = [96, 295, 95, 105, 27, 139, 113, 104, 106, 94, 111, 25, 113, 108, 101, 104, 126, 82, 89, 109, 110, 96, 94, 113, 108, 102, 108, 100, 109, 26]
F2 = [0, 0, 0, 0, 0, 0, 0, 0, 0, 0, 0, 0, 0, 0, 0, 0, 0, 0, 0, 0, 0, 0, 0, 0, 0, 0, 0, 0, 0, 0]
T = [49700, 143600, 49600, 53300, 16500, 67900, 60400, 55000, 79600, 50600, 64300, 17200, 90000, 53600, 50500, 52600, 62700, 42000, 45800, 53400, 55300, 58600, 62300, 57300, 59800, 104500, 61600, 51500, 56800, 16500]
T2 = [0, 0, 0, 0, 0, 0, 0, 0, 0, 0, 0, 0, 0, 0, 0, 0, 0, 0, 0, 0, 0, 0, 0, 0, 0, 0, 0, 0, 0, 0]

id 76
F = [94, 124, 117, 317, 298, 108, 111, 302, 87, 110, 95, 109, 108, 95, 115, 128, 22, 121, 117, 107, 112, 26, 93, 103, 108, 75, 114, 112, 146, 102]
F2 = [0, 0, 0, 0, 0, 0, 0, 0, 0, 0, 0, 0, 0, 0, 0, 0, 0, 0, 0, 0, 0, 0, 0, 0, 0, 0, 0, 0, 0, 0]
T = [57600, 64500, 57500, 148400, 177000, 52800, 60500, 138100, 97100, 54200, 47500, 65900, 56600, 50200, 64800, 68000, 15300, 76000, 59300, 59000, 56500, 18600, 49500, 62200, 56500, 46000, 56500, 56200, 74000, 54300]
T2 = [0, 0, 0, 0, 0, 0, 0, 0, 0, 0, 0, 0, 0, 0, 0, 0, 0, 0, 0, 0, 0, 0, 0, 0, 0, 0, 0, 0, 0, 0]

id 77
F = [107, 105, 96, 158, 97, 275, 111, 98, 143, 105, 91, 111, 110, 29, 123, 94, 149, 87, 72, 104, 121, 109, 108, 103, 107, 86, 99, 96, 116, 25]
F2 = [0, 0, 0, 0, 0, 0, 0, 0, 0, 0, 0, 0, 0, 0, 0, 0, 0, 0, 0, 0, 0, 0, 0, 0, 0, 0, 0, 0, 0, 0]
T = [58800, 52900, 49000, 76600, 50300, 129000, 56400, 56000, 70500, 56200, 45600, 84900, 58700, 19800, 59900, 52300, 79700, 44800, 38400, 75200, 63600, 57500, 64800, 57100, 57400, 49500, 50600, 48500, 62400, 15200]
T2 = [0, 0, 0, 0, 0, 0, 0, 0, 0, 0, 0, 0, 0, 0, 0, 0, 0, 0, 0, 0, 0, 0, 0, 0, 0, 0, 0, 0, 0, 0]

id 78
F = [94, 97, 488, 126, 114, 82, 31, 121, 127, 32, 89, 100, 106, 660, 88, 85, 40, 113, 512, 25, 24, 103, 90, 120, 465, 105, 104, 113, 29, 93]
F2 = [0, 0, 0, 0, 0, 0, 0, 0, 0, 0, 0, 0, 0, 0, 0, 0, 0, 0, 0, 0, 0, 0, 0, 0, 0, 0, 0, 0, 0, 0]
T = [76900, 48600, 219400, 91500, 57400, 44300, 19100, 60600, 63000, 17500, 46100, 51300, 53000, 297000, 44400, 49000, 23400, 69300, 230500, 21300, 15400, 183400, 46100, 61400, 256600, 57200, 54300, 55600, 39100, 47400]
T2 = [0, 0, 0, 0, 0, 0, 0, 0, 0, 0, 0, 0, 0, 0, 0, 0, 0, 0, 0, 0, 0, 0, 0, 0, 0, 0, 0, 0, 0, 0]

id 79
F = [94, 108, 100, 97, 100, 85, 107, 92, 149, 30, 114, 83, 97, 114, 92, 417, 100, 83, 102, 29, 137, 115, 131, 110, 500, 85, 91, 87, 24, 28]
F2 = [0, 0, 0, 0, 0, 0, 0, 0, 0, 0, 0, 0, 0, 0, 0, 0, 0, 0, 0, 0, 0, 0, 0, 0, 0, 0, 0, 0, 0, 0]
T = [50000, 56000, 71900, 55400, 52600, 45900, 53500, 51900, 99400, 21200, 59600, 45600, 50600, 63200, 48800, 191200, 53500, 45000, 51800, 19800, 66000, 66300, 64900, 54400, 220900, 48100, 47200, 45800, 20100, 16600]
T2 = [0, 0, 0, 0, 0, 0, 0, 0, 0, 0, 0, 0, 0, 0, 0, 0, 0, 0, 0, 0, 0, 0, 0, 0, 0, 0, 0, 0, 0, 0]

id 80
F = [92, 85, 266, 101, 81, 111, 115, 100, 91, 109, 95, 111, 26, 105, 144, 116, 100, 103, 96, 96, 115, 127, 104, 100, 26, 111, 113, 152, 128, 112]
F2 = [0, 0, 0, 0, 0, 0, 0, 0, 0, 0, 0, 0, 0, 0, 0, 0, 0, 0, 0, 0, 0, 0, 0, 0, 0, 0, 0, 0, 0, 0]
T = [47500, 48600, 126300, 53800, 40800, 55300, 55800, 69000, 46200, 53500, 47600, 57600, 16300, 108300, 69200, 62800, 51200, 50400, 50700, 47800, 63100, 62500, 56800, 52600, 17300, 54600, 69200, 77100, 69200, 60000]
T2 = [0, 0, 0, 0, 0, 0, 0, 0, 0, 0, 0, 0, 0, 0, 0, 0, 0, 0, 0, 0, 0, 0, 0, 0, 0, 0, 0, 0, 0, 0]

id 81
F = [93, 115, 88, 115, 26, 116, 32, 122, 108, 82, 103, 36, 97, 22, 116, 296, 106, 111, 77, 288, 112, 467, 476, 106, 67, 143, 96, 103, 124, 105]
F2 = [0, 0, 0, 0, 0, 0, 0, 0, 0, 0, 0, 0, 0, 0, 0, 0, 0, 0, 0, 0, 0, 0, 0, 0, 0, 0, 0, 0, 0, 0]
T = [48900, 64200, 48700, 65000, 17900, 61100, 21600, 60300, 70200, 41600, 55400, 25300, 49300, 15200, 58500, 137000, 57800, 62300, 44600, 134300, 61100, 221000, 214100, 56000, 36700, 69300, 48100, 52500, 71700, 55300]
T2 = [0, 0, 0, 0, 0, 0, 0, 0, 0, 0, 0, 0, 0, 0, 0, 0, 0, 0, 0, 0, 0, 0, 0, 0, 0, 0, 0, 0, 0, 0]

id 82
F = [110, 93, 322, 24, 305, 88, 26, 109, 100, 95, 116, 102, 121, 489, 85, 98, 100, 114, 109, 82, 293, 101, 24, 105, 28, 114, 109, 313, 89, 97]
F2 = [0, 0, 0, 0, 0, 0, 0, 0, 0, 0, 0, 0, 0, 0, 0, 0, 0, 0, 0, 0, 0, 0, 0, 0, 0, 0, 0, 0, 0, 0]
T = [57200, 53800, 155500, 14600, 139400, 44500, 17200, 55800, 52000, 51400, 61200, 53000, 69700, 216600, 46100, 50000, 50200, 70900, 55300, 44300, 138200, 50600, 15100, 259900, 19300, 58000, 56400, 146100, 47400, 53800]
T2 = [0, 0, 0, 0, 0, 0, 0, 0, 0, 0, 0, 0, 0, 0, 0, 0, 0, 0, 0, 0, 0, 0, 0, 0, 0, 0, 0, 0, 0, 0]

id 83
F = [99, 108, 98, 101, 30, 106, 21, 809, 34, 99, 31, 112, 120, 22, 84, 109, 111, 661, 105, 112, 98, 102, 90, 105, 111, 24, 109, 113, 121, 135]
F2 = [0, 0, 0, 0, 0, 0, 0, 0, 0, 0, 0, 0, 0, 0, 0, 0, 0, 0, 0, 0, 0, 0, 0, 0, 0, 0, 0, 0, 0, 0]
T = [69400, 57700, 48400, 50200, 25800, 52500, 157100, 325900, 27300, 57500, 18800, 57000, 63600, 17500, 45800, 65700, 64000, 281500, 52000, 108200, 52200, 59800, 45400, 54800, 55600, 14600, 66100, 56600, 61000, 67600]
T2 = [0, 0, 0, 0, 0, 0, 0, 0, 0, 0, 0, 0, 0, 0, 0, 0, 0, 0, 0, 0, 0, 0, 0, 0, 0, 0, 0, 0, 0, 0]

id 84
F = [32, 89, 78, 110, 113, 115, 114, 95, 26, 124, 107, 95, 145, 27, 112, 106, 124, 139, 101, 116, 85, 86, 100, 119, 107, 104, 109, 23, 22, 109]
F2 = [0, 0, 0, 0, 0, 0, 0, 0, 0, 0, 0, 0, 0, 0, 0, 0, 0, 0, 0, 0, 0, 0, 0, 0, 0, 0, 0, 0, 0, 0]
T = [20400, 43700, 42100, 54400, 54800, 58500, 93800, 55200, 16400, 64300, 70700, 50900, 73300, 19100, 55900, 52800, 62400, 85800, 52100, 59600, 48200, 43100, 51600, 66600, 54900, 51300, 52100, 14200, 21300, 55600]
T2 = [0, 0, 0, 0, 0, 0, 0, 0, 0, 0, 0, 0, 0, 0, 0, 0, 0, 0, 0, 0, 0, 0, 0, 0, 0, 0, 0, 0, 0, 0]

id 85
F = [415, 78, 28, 113, 33, 102, 524, 141, 270, 85, 95, 117, 31, 123, 122, 108, 106, 88, 113, 99, 92, 95, 542, 120, 112, 119, 131, 98, 29, 99]
F2 = [0, 0, 0, 0, 0, 0, 0, 0, 0, 0, 0, 0, 0, 0, 0, 0, 0, 0, 0, 0, 0, 0, 0, 0, 0, 0, 0, 0, 0, 0]
T = [188600, 41800, 20800, 130800, 19800, 52200, 238000, 74200, 126500, 50200, 47800, 57400, 24800, 59700, 68000, 58100, 66000, 48600, 56900, 52300, 45700, 50600, 238600, 60200, 55600, 63700, 65600, 50500, 23400, 51500]
T2 = [0, 0, 0, 0, 0, 0, 0, 0, 0, 0, 0, 0, 0, 0, 0, 0, 0, 0, 0, 0, 0, 0, 0, 0, 0, 0, 0, 0, 0, 0]

id 86
F = [120, 95, 115, 101, 108, 155, 109, 168, 113, 114, 85, 110, 92, 107, 105, 94, 1191, 112, 105, 121, 26, 321, 103, 310, 113, 118, 27, 103, 79, 680]
F2 = [0, 0, 0, 0, 0, 0, 0, 0, 0, 0, 0, 0, 0, 0, 0, 0, 0, 0, 0, 0, 0, 0, 0, 0, 0, 0, 0, 0, 0, 0]
T = [59600, 54400, 60800, 77200, 55100, 81900, 53900, 95600, 68400, 61400, 43500, 56500, 46400, 53200, 68400, 49500, 456500, 61100, 56700, 60000, 20000, 149500, 55600, 142500, 59300, 57800, 22500, 57300, 52400, 305300]
T2 = [0, 0, 0, 0, 0, 0, 0, 0, 0, 0, 0, 0, 0, 0, 0, 0, 0, 0, 0, 0, 0, 0, 0, 0, 0, 0, 0, 0, 0, 0]

id 87
F = [114, 107, 292, 116, 311, 89, 104, 96, 313, 106, 110, 100, 97, 109, 106, 114, 124, 96, 98, 89, 120, 88, 78, 28, 35, 121, 106, 93, 109, 109]
F2 = [0, 0, 0, 0, 0, 0, 0, 0, 0, 0, 0, 0, 0, 0, 0, 0, 0, 0, 0, 0, 0, 0, 0, 0, 0, 0, 0, 0, 0, 0]
T = [60400, 56000, 136000, 58000, 142100, 45600, 65800, 52300, 145600, 56600, 53600, 59300, 48400, 62000, 58700, 57400, 60800, 52300, 48900, 46800, 61500, 45000, 40400, 19300, 24200, 62300, 54400, 46900, 67900, 64700]
T2 = [0, 0, 0, 0, 0, 0, 0, 0, 0, 0, 0, 0, 0, 0, 0, 0, 0, 0, 0, 0, 0, 0, 0, 0, 0, 0, 0, 0, 0, 0]

id 88
F = [24, 123, 157, 85, 111, 95, 98, 520, 102, 110, 265, 92, 110, 92, 114, 93, 32, 139, 108, 129, 415, 102, 519, 22, 307, 103, 120, 115, 94, 105]
F2 = [0, 0, 0, 0, 0, 0, 0, 0, 0, 0, 0, 0, 0, 0, 0, 0, 0, 0, 0, 0, 0, 0, 0, 0, 0, 0, 0, 0, 0, 0]
T = [18300, 66500, 76600, 49500, 59400, 63800, 53000, 259700, 52300, 55800, 133000, 48300, 58100, 48100, 60000, 58600, 21400, 69400, 57300, 72500, 199500, 56900, 235800, 15000, 142800, 51800, 59000, 61000, 49400, 54500]
T2 = [0, 0, 0, 0, 0, 0, 0, 0, 0, 0, 0, 0, 0, 0, 0, 0, 0, 0, 0, 0, 0, 0, 0, 0, 0, 0, 0, 0, 0, 0]

id 89
F = [77, 109, 100, 29, 31, 99, 128, 114, 24, 110, 33, 119, 107, 99, 111, 105, 115, 147, 94, 111, 476, 77, 89, 97, 117, 534, 107, 109, 109, 68]
F2 = [0, 0, 0, 0, 0, 0, 0, 0, 0, 0, 0, 0, 0, 0, 0, 0, 0, 0, 0, 0, 0, 0, 0, 0, 0, 0, 0, 0, 0, 0]
T = [38800, 57000, 58300, 17300, 17200, 59200, 68300, 57900, 16000, 60300, 19100, 59800, 65200, 51400, 72700, 55600, 71100, 73500, 49300, 55100, 223600, 41000, 47200, 49800, 82800, 233900, 52400, 61600, 64200, 37400]
T2 = [0, 0, 0, 0, 0, 0, 0, 0, 0, 0, 0, 0, 0, 0, 0, 0, 0, 0, 0, 0, 0, 0, 0, 0, 0, 0, 0, 0, 0, 0]

id 90
F = [110, 99, 140, 102, 121, 32, 117, 486, 93, 107, 120, 120, 113, 113, 132, 116, 112, 91, 102, 150, 80, 102, 98, 104, 28, 97, 87, 511, 102, 109]
F2 = [0, 0, 0, 0, 0, 0, 0, 0, 0, 0, 0, 0, 0, 0, 0, 0, 0, 0, 0, 0, 0, 0, 0, 0, 0, 0, 0, 0, 0, 0]
T = [58300, 48600, 73200, 51100, 62500, 20600, 60400, 209900, 48300, 56200, 61200, 60200, 55900, 63600, 64800, 66500, 56400, 52500, 71400, 76500, 47300, 52700, 49100, 122400, 21800, 50800, 52700, 241100, 50300, 53500]
T2 = [0, 0, 0, 0, 0, 0, 0, 0, 0, 0, 0, 0, 0, 0, 0, 0, 0, 0, 0, 0, 0, 0, 0, 0, 0, 0, 0, 0, 0, 0]

id 91
F = [292, 27, 503, 97, 104, 300, 35, 85, 78, 101, 320, 78, 31, 26, 96, 107, 28, 31, 111, 115, 122, 86, 75, 114, 120, 113, 104, 94, 26, 108]
F2 = [0, 0, 0, 0, 0, 0, 0, 0, 0, 0, 0, 0, 0, 0, 0, 0, 0, 0, 0, 0, 0, 0, 0, 0, 0, 0, 0, 0, 0, 0]
T = [149500, 18000, 236100, 50600, 64100, 147500, 20300, 44800, 41600, 50800, 163300, 55800, 18300, 17200, 57200, 55600, 17700, 29900, 56700, 64100, 60400, 46100, 39200, 57600, 59400, 76100, 75200, 48200, 17300, 57000]
T2 = [0, 0, 0, 0, 0, 0, 0, 0, 0, 0, 0, 0, 0, 0, 0, 0, 0, 0, 0, 0, 0, 0, 0, 0, 0, 0, 0, 0, 0, 0]

id 92
F = [108, 27, 82, 118, 116, 111, 116, 93, 120, 107, 178, 32, 113, 104, 114, 108, 92, 105, 99, 102, 23, 104, 74, 86, 108, 115, 84, 104, 30, 99]
F2 = [0, 0, 0, 0, 0, 0, 0, 0, 0, 0, 0, 0, 0, 0, 0, 0, 0, 0, 0, 0, 0, 0, 0, 0, 0, 0, 0, 0, 0, 0]
T = [54800, 22100, 41700, 60100, 61300, 56600, 59200, 51600, 66300, 52600, 91700, 18700, 59900, 51100, 56500, 57000, 59300, 68500, 54900, 52700, 25600, 58100, 41600, 51800, 62800, 87700, 56700, 55100, 30300, 52200]
T2 = [0, 0, 0, 0, 0, 0, 0, 0, 0, 0, 0, 0, 0, 0, 0, 0, 0, 0, 0, 0, 0, 0, 0, 0, 0, 0, 0, 0, 0, 0]

id 93
F = [32, 99, 109, 24, 153, 140, 102, 116, 155, 97, 99, 297, 99, 102, 106, 100, 293, 98, 394, 118, 98, 31, 76, 23, 132, 108, 88, 98, 26, 530]
F2 = [0, 0, 0, 0, 0, 0, 0, 0, 0, 0, 0, 0, 0, 0, 0, 0, 0, 0, 0, 0, 0, 0, 0, 0, 0, 0, 0, 0, 0, 0]
T = [17800, 49100, 54100, 16400, 78600, 68000, 70000, 59300, 83500, 57900, 52300, 154900, 49300, 56000, 53100, 59200, 136200, 58200, 176600, 59200, 49900, 20400, 41800, 13900, 70900, 53100, 45500, 50800, 15200, 281300]
T2 = [0, 0, 0, 0, 0, 0, 0, 0, 0, 0, 0, 0, 0, 0, 0, 0, 0, 0, 0, 0, 0, 0, 0, 0, 0, 0, 0, 0, 0, 0]

id 94
F = [114, 120, 110, 78, 87, 115, 84, 99, 116, 95, 108, 115, 116, 99, 138, 30, 104, 106, 102, 285, 509, 32, 119, 113, 95, 25, 29, 109, 102, 80]
F2 = [0, 0, 0, 0, 0, 0, 0, 0, 0, 0, 0, 0, 0, 0, 0, 0, 0, 0, 0, 0, 0, 0, 0, 0, 0, 0, 0, 0, 0, 0]
T = [57800, 69300, 54500, 41500, 44000, 56800, 42400, 53700, 60000, 48000, 56300, 64400, 68700, 50200, 68100, 24900, 53100, 55200, 50900, 132700, 237800, 23200, 87200, 60700, 58700, 16500, 17700, 55600, 54000, 41600]
T2 = [0, 0, 0, 0, 0, 0, 0, 0, 0, 0, 0, 0, 0, 0, 0, 0, 0, 0, 0, 0, 0, 0, 0, 0, 0, 0, 0, 0, 0, 0]

id 95
F = [110, 29, 72, 484, 107, 124, 80, 82, 104, 490, 105, 106, 133, 107, 109, 88, 98, 99, 148, 23, 97, 105, 105, 104, 94, 23, 106, 122, 289, 109]
F2 = [0, 0, 0, 0, 0, 0, 0, 0, 0, 0, 0, 0, 0, 0, 0, 0, 0, 0, 0, 0, 0, 0, 0, 0, 0, 0, 0, 0, 0, 0]
T = [55800, 17100, 41200, 219200, 51700, 64800, 41200, 42500, 52000, 217600, 52100, 52500, 67000, 54700, 55700, 45700, 49200, 49200, 74000, 13300, 49500, 64600, 54100, 60000, 68400, 15600, 57800, 96600, 138600, 61400]
T2 = [0, 0, 0, 0, 0, 0, 0, 0, 0, 0, 0, 0, 0, 0, 0, 0, 0, 0, 0, 0, 0, 0, 0, 0, 0, 0, 0, 0, 0, 0]

id 96
F = [107, 22, 110, 117, 100, 312, 532, 113, 106, 91, 98, 117, 100, 29, 291, 285, 123, 103, 109, 114, 107, 94, 412, 101, 110, 102, 113, 106, 98, 93]
F2 = [0, 0, 0, 0, 0, 0, 0, 0, 0, 0, 0, 0, 0, 0, 0, 0, 0, 0, 0, 0, 0, 0, 0, 0, 0, 0, 0, 0, 0, 0]
T = [115600, 13400, 71800, 57700, 52000, 146200, 228200, 70800, 80400, 47200, 52000, 58000, 159300, 40500, 138700, 139300, 60900, 53900, 54300, 57500, 59500, 48300, 234400, 71800, 62200, 61200, 61500, 62900, 52300, 48700]
T2 = [0, 0, 0, 0, 0, 0, 0, 0, 0, 0, 0, 0, 0, 0, 0, 0, 0, 0, 0, 0, 0, 0, 0, 0, 0, 0, 0, 0, 0, 0]

id 97
F = [76, 142, 123, 104, 107, 106, 105, 123, 112, 105, 103, 112, 110, 110, 105, 102, 112, 98, 114, 27, 29, 121, 103, 95, 27, 492, 120, 116, 116, 110]
F2 = [0, 0, 0, 0, 0, 0, 0, 0, 0, 0, 0, 0, 0, 0, 0, 0, 0, 0, 0, 0, 0, 0, 0, 0, 0, 0, 0, 0, 0, 0]
T = [52300, 102000, 61400, 83900, 67700, 87800, 55000, 75800, 56600, 66300, 71200, 68900, 111500, 59400, 53600, 50700, 72700, 53400, 67400, 15900, 20600, 61000, 52300, 54000, 17900, 226600, 60000, 61800, 76700, 60100]
T2 = [0, 0, 0, 0, 0, 0, 0, 0, 0, 0, 0, 0, 0, 0, 0, 0, 0, 0, 0, 0, 0, 0, 0, 0, 0, 0, 0, 0, 0, 0]

id 98
F = [23, 94, 101, 546, 122, 110, 80, 33, 108, 533, 28, 107, 25, 26, 108, 102, 100, 84, 108, 97, 101, 96, 77, 104, 26, 138, 114, 98, 126, 24]
F2 = [0, 0, 0, 0, 0, 0, 0, 0, 0, 0, 0, 0, 0, 0, 0, 0, 0, 0, 0, 0, 0, 0, 0, 0, 0, 0, 0, 0, 0, 0]
T = [18100, 48500, 83700, 247800, 70100, 57500, 41500, 19200, 52600, 266200, 19200, 59000, 18300, 15700, 66200, 53000, 57900, 44100, 54300, 124200, 52400, 49200, 41200, 56400, 21700, 67500, 57400, 50500, 67800, 14600]
T2 = [0, 0, 0, 0, 0, 0, 0, 0, 0, 0, 0, 0, 0, 0, 0, 0, 0, 0, 0, 0, 0, 0, 0, 0, 0, 0, 0, 0, 0, 0]

id 99
F = [469, 113, 111, 87, 19, 74, 97, 87, 121, 304, 114, 141, 299, 77, 82, 117, 112, 30, 113, 93, 119, 104, 102, 35, 24, 118, 109, 109, 115, 108]
F2 = [0, 0, 0, 0, 0, 0, 0, 0, 0, 0, 0, 0, 0, 0, 0, 0, 0, 0, 0, 0, 0, 0, 0, 0, 0, 0, 0, 0, 0, 0]
T = [210600, 59700, 68400, 46000, 12800, 43900, 51500, 43900, 68200, 140600, 57700, 79400, 141300, 40200, 46200, 58900, 62500, 22600, 56700, 47300, 61700, 52300, 66800, 23600, 14600, 62600, 54000, 54400, 59200, 58500]
T2 = [0, 0, 0, 0, 0, 0, 0, 0, 0, 0, 0, 0, 0, 0, 0, 0, 0, 0, 0, 0, 0, 0, 0, 0, 0, 0, 0, 0, 0, 0]

