id 0
F = [154, 28, 109, 130, 125, 111, 100, 104, 146, 28, 100, 24, 91, 299, 105, 93, 285, 97, 144, 122, 29, 111, 93, 136, 85, 95, 102, 26, 117, 109]
F2 = [0, 0, 0, 0, 0, 0, 0, 0, 0, 0, 0, 0, 0, 0, 0, 0, 0, 0, 0, 0, 0, 0, 0, 0, 0, 0, 0, 0, 0, 0]
T = [1029900, 171100, 389700, 243700, 90900, 85000, 79000, 74500, 75300, 29600, 51200, 13200, 69200, 171500, 73700, 184700, 112900, 89300, 100700, 98400, 44400, 76600, 70900, 122400, 65800, 71100, 47500, 31600, 223500, 54600]
T2 = [0, 0, 0, 0, 0, 0, 0, 0, 0, 0, 0, 0, 0, 0, 0, 0, 0, 0, 0, 0, 0, 0, 0, 0, 0, 0, 0, 0, 0, 0]

id 1
F = [99, 504, 109, 110, 25, 114, 114, 97, 99, 111, 106, 117, 92, 96, 109, 106, 292, 160, 86, 92, 23, 107, 32, 23, 98, 105, 104, 99, 28, 94]
F2 = [0, 0, 0, 0, 0, 0, 0, 0, 0, 0, 0, 0, 0, 0, 0, 0, 0, 0, 0, 0, 0, 0, 0, 0, 0, 0, 0, 0, 0, 0]
T = [115400, 377600, 137900, 130800, 35200, 45900, 48800, 39400, 44400, 48000, 44300, 61000, 32700, 49300, 122400, 114000, 106000, 51700, 38800, 38600, 16600, 34500, 20400, 35000, 36200, 35200, 32600, 32500, 26000, 104700]
T2 = [0, 0, 0, 0, 0, 0, 0, 0, 0, 0, 0, 0, 0, 0, 0, 0, 0, 0, 0, 0, 0, 0, 0, 0, 0, 0, 0, 0, 0, 0]

id 2
F = [111, 84, 502, 100, 114, 280, 121, 108, 120, 84, 118, 114, 126, 26, 513, 325, 108, 151, 106, 120, 823, 127, 120, 96, 29, 108, 282, 112, 572, 82]
F2 = [0, 0, 0, 0, 0, 0, 0, 0, 0, 0, 0, 0, 0, 0, 0, 0, 0, 0, 0, 0, 0, 0, 0, 0, 0, 0, 0, 0, 0, 0]
T = [53800, 31800, 149900, 52600, 65700, 92000, 160100, 63500, 44000, 35800, 45400, 49300, 45300, 12300, 169300, 174300, 43900, 60500, 49900, 92000, 293100, 45800, 44200, 36000, 22700, 125800, 100000, 46500, 255000, 35000]
T2 = [0, 0, 0, 0, 0, 0, 0, 0, 0, 0, 0, 0, 0, 0, 0, 0, 0, 0, 0, 0, 0, 0, 0, 0, 0, 0, 0, 0, 0, 0]

id 3
F = [101, 21, 80, 110, 91, 109, 92, 33, 84, 106, 118, 121, 104, 122, 108, 94, 27, 96, 117, 102, 88, 121, 81, 102, 102, 100, 27, 116, 116, 112]
F2 = [0, 0, 0, 0, 0, 0, 0, 0, 0, 0, 0, 0, 0, 0, 0, 0, 0, 0, 0, 0, 0, 0, 0, 0, 0, 0, 0, 0, 0, 0]
T = [69600, 30200, 35400, 79800, 34900, 51400, 34300, 41000, 62700, 40500, 65800, 61100, 51600, 64100, 44400, 47700, 20500, 52300, 48700, 50100, 80100, 60500, 47100, 52000, 78100, 117200, 36400, 60700, 61000, 59300]
T2 = [0, 0, 0, 0, 0, 0, 0, 0, 0, 0, 0, 0, 0, 0, 0, 0, 0, 0, 0, 0, 0, 0, 0, 0, 0, 0, 0, 0, 0, 0]

id 4
F = [108, 102, 270, 90, 100, 84, 108, 104, 118, 25, 84, 300, 81, 113, 86, 116, 119, 108, 84, 108, 107, 114, 82, 461, 109, 103, 26, 102, 101, 111]
F2 = [0, 0, 0, 0, 0, 0, 0, 0, 0, 0, 0, 0, 0, 0, 0, 0, 0, 0, 0, 0, 0, 0, 0, 0, 0, 0, 0, 0, 0, 0]
T = [70800, 56100, 137000, 45900, 83000, 44300, 76300, 92300, 103400, 13800, 68500, 114600, 74800, 61300, 45600, 55700, 64900, 52200, 44000, 44200, 42700, 47400, 55300, 184400, 63700, 54900, 18200, 41600, 63900, 41800]
T2 = [0, 0, 0, 0, 0, 0, 0, 0, 0, 0, 0, 0, 0, 0, 0, 0, 0, 0, 0, 0, 0, 0, 0, 0, 0, 0, 0, 0, 0, 0]

id 5
F = [310, 84, 122, 111, 31, 26, 91, 27, 112, 125, 75, 114, 119, 102, 27, 107, 146, 24, 27, 82, 101, 112, 108, 104, 105, 116, 108, 110, 90, 76]
F2 = [0, 0, 0, 0, 0, 0, 0, 0, 0, 0, 0, 0, 0, 0, 0, 0, 0, 0, 0, 0, 0, 0, 0, 0, 0, 0, 0, 0, 0, 0]
T = [174600, 30500, 39800, 36400, 9600, 20300, 34800, 9700, 34000, 44600, 33400, 55500, 53600, 34000, 9900, 52500, 63900, 12500, 16400, 27700, 44800, 39200, 47400, 45200, 43300, 46900, 61100, 39000, 32700, 24900]
T2 = [0, 0, 0, 0, 0, 0, 0, 0, 0, 0, 0, 0, 0, 0, 0, 0, 0, 0, 0, 0, 0, 0, 0, 0, 0, 0, 0, 0, 0, 0]

id 6
F = [553, 111, 114, 31, 106, 112, 119, 106, 627, 109, 103, 111, 115, 86, 102, 27, 26, 25, 86, 131, 82, 94, 111, 107, 79, 108, 99, 109, 73, 22]
F2 = [0, 0, 0, 0, 0, 0, 0, 0, 0, 0, 0, 0, 0, 0, 0, 0, 0, 0, 0, 0, 0, 0, 0, 0, 0, 0, 0, 0, 0, 0]
T = [173200, 45400, 32700, 13100, 32000, 34200, 38900, 30000, 219500, 38300, 33400, 29100, 37700, 33800, 38800, 9400, 14600, 16500, 25800, 51300, 36900, 31300, 91500, 45800, 49000, 64100, 42800, 49100, 24600, 9700]
T2 = [0, 0, 0, 0, 0, 0, 0, 0, 0, 0, 0, 0, 0, 0, 0, 0, 0, 0, 0, 0, 0, 0, 0, 0, 0, 0, 0, 0, 0, 0]

id 7
F = [101, 84, 274, 109, 115, 111, 115, 111, 95, 101, 22, 111, 0, 88, 85, 0, 120, 29, 94, 27, 114, 88, 110, 85, 101, 104, 108, 108, 109, 117]
F2 = [0, 0, 0, 0, 0, 0, 0, 0, 0, 0, 0, 0, 0, 0, 0, 0, 0, 0, 0, 0, 0, 0, 0, 0, 0, 0, 0, 0, 0, 0]
T = [62000, 26800, 163100, 72100, 71700, 40400, 46400, 78600, 31300, 36700, 11700, 50000, 66247300, 26700, 25100, 34712000, 71000, 22500, 40100, 14900, 59000, 48900, 55700, 43600, 50900, 53500, 54300, 55000, 54700, 61200]
T2 = [0, 0, 0, 0, 0, 0, 0, 0, 0, 0, 0, 0, 0, 0, 0, 0, 0, 0, 0, 0, 0, 0, 0, 0, 0, 0, 0, 0, 0, 0]

id 8
F = [118, 100, 110, 27, 91, 107, 97, 96, 105, 92, 128, 112, 116, 123, 127, 100, 101, 83, 106, 104, 126, 0, 24, 121, 120, 111, 105, 29, 98, 139]
F2 = [0, 0, 0, 0, 0, 0, 0, 0, 0, 0, 0, 0, 0, 0, 0, 0, 0, 0, 0, 0, 0, 0, 0, 0, 0, 0, 0, 0, 0, 0]
T = [156500, 59100, 55100, 28700, 72200, 121600, 60700, 55800, 60400, 64000, 135100, 83200, 84800, 164500, 147900, 76300, 123800, 64600, 119900, 74900, 121100, 112548100, 21600, 73200, 72700, 64400, 105600, 17700, 298600, 84200]
T2 = [0, 0, 0, 0, 0, 0, 0, 0, 0, 0, 0, 0, 0, 0, 0, 0, 0, 0, 0, 0, 0, 0, 0, 0, 0, 0, 0, 0, 0, 0]

id 9
F = [122, 25, 110, 146, 104, 101, 31, 114, 75, 108, 24, 0, 98, 115, 24, 97, 69, 157, 109, 99, 99, 94, 92, 114, 24, 90, 291, 0, 537, 109]
F2 = [0, 0, 0, 0, 0, 0, 0, 0, 0, 0, 0, 0, 0, 0, 0, 0, 0, 0, 0, 0, 0, 0, 0, 0, 0, 0, 0, 0, 0, 0]
T = [98800, 17400, 73100, 87100, 61100, 83000, 50600, 112200, 61000, 98900, 76200, 91152400, 91100, 76300, 14600, 130800, 44200, 115400, 85400, 71200, 68700, 49500, 48400, 58500, 14100, 47600, 138600, 84317100, 250800, 56600]
T2 = [0, 0, 0, 0, 0, 0, 0, 0, 0, 0, 0, 0, 0, 0, 0, 0, 0, 0, 0, 0, 0, 0, 0, 0, 0, 0, 0, 0, 0, 0]

id 10
F = [107, 107, 98, 90, 84, 112, 97, 116, 94, 507, 109, 302, 112, 98, 103, 96, 94, 113, 118, 121, 0, 105, 95, 121, 0, 0, 116, 90, 291, 113]
F2 = [0, 0, 0, 0, 0, 0, 0, 0, 0, 0, 0, 0, 0, 0, 0, 0, 0, 0, 0, 0, 0, 0, 0, 0, 0, 0, 0, 0, 0, 0]
T = [88300, 56200, 54200, 46100, 47000, 55000, 62600, 59300, 48900, 237400, 60000, 144500, 58200, 50000, 59500, 49700, 49400, 56900, 59500, 61800, 85625300, 48400, 42600, 51900, 74267400, 88554400, 57600, 51600, 140100, 58700]
T2 = [0, 0, 0, 0, 0, 0, 0, 0, 0, 0, 0, 0, 0, 0, 0, 0, 0, 0, 0, 0, 0, 0, 0, 0, 0, 0, 0, 0, 0, 0]

id 11
F = [107, 112, 115, 109, 146, 122, 113, 29, 116, 25, 30, 38, 109, 136, 112, 107, 99, 113, 110, 110, 101, 115, 123, 114, 23, 29, 30, 108, 482, 92]
F2 = [0, 0, 0, 0, 0, 0, 0, 0, 0, 0, 0, 0, 0, 0, 0, 0, 0, 0, 0, 0, 0, 0, 0, 0, 0, 0, 0, 0, 0, 0]
T = [56600, 54700, 57600, 54500, 71300, 61300, 57200, 15700, 76200, 14000, 16700, 21600, 54100, 66300, 57400, 53800, 51400, 56500, 65100, 59100, 58300, 61700, 61100, 89200, 131400, 16400, 43500, 57000, 221300, 66600]
T2 = [0, 0, 0, 0, 0, 0, 0, 0, 0, 0, 0, 0, 0, 0, 0, 0, 0, 0, 0, 0, 0, 0, 0, 0, 0, 0, 0, 0, 0, 0]

id 12
F = [94, 124, 307, 88, 28, 104, 119, 148, 24, 112, 27, 0, 117, 109, 93, 148, 100, 29, 108, 111, 104, 94, 298, 107, 106, 29, 452, 95, 315, 114]
F2 = [0, 0, 0, 0, 0, 0, 0, 0, 0, 0, 0, 0, 0, 0, 0, 0, 0, 0, 0, 0, 0, 0, 0, 0, 0, 0, 0, 0, 0, 0]
T = [61800, 65100, 154800, 43400, 15300, 51000, 65200, 92300, 13700, 71800, 17300, 94024400, 65700, 58700, 51900, 97700, 53800, 23500, 59700, 55300, 49100, 51700, 155900, 73300, 59700, 16400, 227300, 50600, 148700, 64300]
T2 = [0, 0, 0, 0, 0, 0, 0, 0, 0, 0, 0, 0, 0, 0, 0, 0, 0, 0, 0, 0, 0, 0, 0, 0, 0, 0, 0, 0, 0, 0]

id 13
F = [92, 320, 97, 107, 112, 97, 111, 107, 119, 116, 0, 116, 116, 101, 104, 27, 0, 28, 111, 122, 822, 104, 95, 95, 29, 80, 90, 77, 109, 826]
F2 = [0, 0, 0, 0, 0, 0, 0, 0, 0, 0, 0, 0, 0, 0, 0, 0, 0, 0, 0, 0, 0, 0, 0, 0, 0, 0, 0, 0, 0, 0]
T = [48600, 299400, 49500, 54900, 61100, 54000, 101000, 53600, 86500, 79300, 90652000, 63300, 64600, 52800, 53600, 14200, 85020900, 16400, 60000, 65800, 399600, 51900, 52600, 50200, 20700, 39900, 47700, 46300, 53800, 372100]
T2 = [0, 0, 0, 0, 0, 0, 0, 0, 0, 0, 0, 0, 0, 0, 0, 0, 0, 0, 0, 0, 0, 0, 0, 0, 0, 0, 0, 0, 0, 0]

id 14
F = [106, 111, 116, 111, 326, 121, 74, 112, 87, 124, 85, 85, 121, 92, 33, 115, 109, 30, 110, 100, 121, 289, 111, 33, 29, 35, 111, 0, 25, 315]
F2 = [0, 0, 0, 0, 0, 0, 0, 0, 0, 0, 0, 0, 0, 0, 0, 0, 0, 0, 0, 0, 0, 0, 0, 0, 0, 0, 0, 0, 0, 0]
T = [73000, 56100, 57700, 59100, 155300, 62900, 37200, 60200, 50100, 78300, 43700, 48400, 61800, 47400, 19300, 58600, 65200, 20000, 54500, 86300, 71600, 145300, 54600, 18300, 16200, 18800, 64900, 93933400, 13000, 148400]
T2 = [0, 0, 0, 0, 0, 0, 0, 0, 0, 0, 0, 0, 0, 0, 0, 0, 0, 0, 0, 0, 0, 0, 0, 0, 0, 0, 0, 0, 0, 0]

id 15
F = [97, 101, 114, 111, 78, 550, 21, 29, 301, 110, 99, 86, 123, 0, 24, 0, 95, 109, 116, 116, 116, 88, 0, 27, 121, 304, 110, 103, 0, 26]
F2 = [0, 0, 0, 0, 0, 0, 0, 0, 0, 0, 0, 0, 0, 0, 0, 0, 0, 0, 0, 0, 0, 0, 0, 0, 0, 0, 0, 0, 0, 0]
T = [48600, 50100, 57200, 55100, 40800, 245400, 12400, 16000, 143700, 99100, 49300, 43500, 61500, 84045800, 14700, 87411800, 52700, 54500, 57200, 57900, 58300, 45900, 84563600, 14400, 65700, 146000, 55100, 51600, 88763000, 14800]
T2 = [0, 0, 0, 0, 0, 0, 0, 0, 0, 0, 0, 0, 0, 0, 0, 0, 0, 0, 0, 0, 0, 0, 0, 0, 0, 0, 0, 0, 0, 0]

id 16
F = [94, 33, 107, 108, 35, 93, 117, 517, 87, 95, 545, 505, 85, 83, 114, 103, 110, 97, 74, 96, 105, 508, 105, 109, 114, 115, 80, 81, 118, 26]
F2 = [0, 0, 0, 0, 0, 0, 0, 0, 0, 0, 0, 0, 0, 0, 0, 0, 0, 0, 0, 0, 0, 0, 0, 0, 0, 0, 0, 0, 0, 0]
T = [46200, 18700, 52700, 55700, 17900, 55200, 57000, 236300, 43200, 47100, 241300, 230800, 42000, 43700, 55100, 54800, 53800, 48800, 37100, 49600, 67300, 250900, 54500, 54700, 55600, 63000, 44600, 42600, 58400, 16200]
T2 = [0, 0, 0, 0, 0, 0, 0, 0, 0, 0, 0, 0, 0, 0, 0, 0, 0, 0, 0, 0, 0, 0, 0, 0, 0, 0, 0, 0, 0, 0]

id 17
F = [78, 95, 301, 142, 91, 23, 134, 102, 114, 141, 102, 295, 24, 111, 97, 501, 101, 0, 539, 109, 279, 108, 110, 89, 31, 110, 106, 111, 105, 29]
F2 = [0, 0, 0, 0, 0, 0, 0, 0, 0, 0, 0, 0, 0, 0, 0, 0, 0, 0, 0, 0, 0, 0, 0, 0, 0, 0, 0, 0, 0, 0]
T = [40800, 46900, 143900, 74800, 45900, 12700, 65500, 52200, 56500, 77100, 52500, 157300, 13200, 54900, 50000, 225100, 50600, 84673000, 241300, 55000, 134900, 55300, 54200, 44300, 16400, 55600, 52900, 55400, 51700, 17100]
T2 = [0, 0, 0, 0, 0, 0, 0, 0, 0, 0, 0, 0, 0, 0, 0, 0, 0, 0, 0, 0, 0, 0, 0, 0, 0, 0, 0, 0, 0, 0]

id 18
F = [318, 33, 108, 87, 81, 101, 31, 112, 85, 91, 336, 130, 313, 103, 478, 113, 141, 122, 103, 110, 94, 125, 142, 101, 0, 116, 116, 119, 0, 99]
F2 = [0, 0, 0, 0, 0, 0, 0, 0, 0, 0, 0, 0, 0, 0, 0, 0, 0, 0, 0, 0, 0, 0, 0, 0, 0, 0, 0, 0, 0, 0]
T = [177300, 17800, 58000, 45500, 47100, 65000, 15900, 73700, 59100, 44700, 159700, 63600, 149500, 55300, 217000, 55100, 78600, 59800, 59900, 66400, 48100, 61500, 69500, 57300, 83908000, 58500, 58400, 57900, 83896000, 49500]
T2 = [0, 0, 0, 0, 0, 0, 0, 0, 0, 0, 0, 0, 0, 0, 0, 0, 0, 0, 0, 0, 0, 0, 0, 0, 0, 0, 0, 0, 0, 0]

id 19
F = [100, 108, 67, 96, 109, 24, 0, 118, 113, 119, 117, 95, 105, 98, 143, 123, 124, 26, 531, 291, 107, 99, 21, 102, 96, 102, 94, 94, 27, 116]
F2 = [0, 0, 0, 0, 0, 0, 0, 0, 0, 0, 0, 0, 0, 0, 0, 0, 0, 0, 0, 0, 0, 0, 0, 0, 0, 0, 0, 0, 0, 0]
T = [49800, 53400, 33800, 52600, 66200, 13400, 83539900, 58800, 56900, 61900, 57600, 54100, 57900, 53100, 77400, 60900, 62100, 13900, 245600, 137900, 58900, 53000, 14900, 51300, 48400, 51800, 47700, 49000, 15500, 55800]
T2 = [0, 0, 0, 0, 0, 0, 0, 0, 0, 0, 0, 0, 0, 0, 0, 0, 0, 0, 0, 0, 0, 0, 0, 0, 0, 0, 0, 0, 0, 0]

id 20
F = [323, 86, 115, 29, 88, 117, 28, 120, 96, 76, 105, 137, 83, 35, 84, 116, 108, 25, 105, 32, 107, 0, 91, 118, 88, 100, 27, 29, 109, 102]
F2 = [0, 0, 0, 0, 0, 0, 0, 0, 0, 0, 0, 0, 0, 0, 0, 0, 0, 0, 0, 0, 0, 0, 0, 0, 0, 0, 0, 0, 0, 0]
T = [152800, 43300, 58200, 20200, 51200, 59700, 16400, 59300, 49300, 47800, 51900, 66700, 45600, 18900, 40900, 72500, 54400, 13700, 51100, 17300, 53500, 84297500, 99900, 59500, 49500, 50300, 17100, 15100, 59000, 52000]
T2 = [0, 0, 0, 0, 0, 0, 0, 0, 0, 0, 0, 0, 0, 0, 0, 0, 0, 0, 0, 0, 0, 0, 0, 0, 0, 0, 0, 0, 0, 0]

id 21
F = [96, 26, 110, 80, 87, 111, 147, 103, 117, 99, 0, 124, 30, 289, 148, 112, 98, 113, 76, 33, 20, 0, 21, 89, 92, 146, 129, 0, 0, 309]
F2 = [0, 0, 0, 0, 0, 0, 0, 0, 0, 0, 0, 0, 0, 0, 0, 0, 0, 0, 0, 0, 0, 0, 0, 0, 0, 0, 0, 0, 0, 0]
T = [48400, 13500, 57000, 39700, 53400, 54300, 74500, 92100, 60400, 49100, 86740000, 69200, 16100, 176800, 72900, 136100, 49000, 55700, 39100, 17700, 12400, 82615500, 11600, 95100, 49900, 84400, 78900, 83648800, 94835000, 145000]
T2 = [0, 0, 0, 0, 0, 0, 0, 0, 0, 0, 0, 0, 0, 0, 0, 0, 0, 0, 0, 0, 0, 0, 0, 0, 0, 0, 0, 0, 0, 0]

id 22
F = [107, 104, 87, 79, 137, 106, 90, 84, 108, 0, 137, 81, 25, 31, 112, 116, 103, 499, 509, 94, 155, 124, 499, 89, 108, 140, 113, 23, 159, 101]
F2 = [0, 0, 0, 0, 0, 0, 0, 0, 0, 0, 0, 0, 0, 0, 0, 0, 0, 0, 0, 0, 0, 0, 0, 0, 0, 0, 0, 0, 0, 0]
T = [53600, 51100, 45800, 40500, 67400, 55000, 46700, 43400, 52100, 85372500, 69700, 42000, 13300, 21300, 98200, 78600, 51800, 222500, 255200, 51100, 76400, 62500, 234500, 50800, 53300, 93700, 55700, 13500, 77500, 57600]
T2 = [0, 0, 0, 0, 0, 0, 0, 0, 0, 0, 0, 0, 0, 0, 0, 0, 0, 0, 0, 0, 0, 0, 0, 0, 0, 0, 0, 0, 0, 0]

id 23
F = [28, 152, 103, 504, 80, 26, 114, 116, 107, 107, 88, 98, 112, 83, 111, 99, 79, 119, 123, 113, 106, 94, 268, 517, 89, 105, 97, 98, 95, 129]
F2 = [0, 0, 0, 0, 0, 0, 0, 0, 0, 0, 0, 0, 0, 0, 0, 0, 0, 0, 0, 0, 0, 0, 0, 0, 0, 0, 0, 0, 0, 0]
T = [15600, 75200, 57900, 226900, 47700, 14900, 56600, 66500, 59100, 57500, 45600, 49700, 54600, 46900, 59800, 49100, 39800, 59600, 61800, 55900, 53000, 46600, 127300, 255500, 43700, 52500, 55400, 84100, 47200, 66700]
T2 = [0, 0, 0, 0, 0, 0, 0, 0, 0, 0, 0, 0, 0, 0, 0, 0, 0, 0, 0, 0, 0, 0, 0, 0, 0, 0, 0, 0, 0, 0]

id 24
F = [118, 105, 31, 100, 109, 109, 115, 277, 119, 29, 28, 117, 525, 0, 160, 313, 102, 99, 28, 114, 118, 21, 121, 98, 24, 88, 104, 82, 105, 0]
F2 = [0, 0, 0, 0, 0, 0, 0, 0, 0, 0, 0, 0, 0, 0, 0, 0, 0, 0, 0, 0, 0, 0, 0, 0, 0, 0, 0, 0, 0, 0]
T = [80000, 51300, 23600, 54600, 56900, 55100, 57700, 131400, 58500, 15700, 16300, 84700, 236700, 98553000, 88400, 167700, 55300, 48800, 15700, 56200, 59000, 12100, 60300, 48700, 17800, 45200, 56300, 42000, 51600, 91713400]
T2 = [0, 0, 0, 0, 0, 0, 0, 0, 0, 0, 0, 0, 0, 0, 0, 0, 0, 0, 0, 0, 0, 0, 0, 0, 0, 0, 0, 0, 0, 0]

id 25
F = [90, 100, 27, 23, 117, 31, 85, 0, 97, 27, 26, 98, 22, 101, 94, 116, 23, 27, 119, 97, 119, 311, 105, 116, 84, 25, 111, 303, 109, 112]
F2 = [0, 0, 0, 0, 0, 0, 0, 0, 0, 0, 0, 0, 0, 0, 0, 0, 0, 0, 0, 0, 0, 0, 0, 0, 0, 0, 0, 0, 0, 0]
T = [48100, 49700, 14400, 13400, 58400, 16400, 44600, 82736600, 56400, 23300, 14400, 50300, 12500, 49300, 46500, 62200, 14800, 17000, 60300, 68700, 57600, 169900, 51800, 60400, 42700, 16200, 54800, 147500, 56700, 55600]
T2 = [0, 0, 0, 0, 0, 0, 0, 0, 0, 0, 0, 0, 0, 0, 0, 0, 0, 0, 0, 0, 0, 0, 0, 0, 0, 0, 0, 0, 0, 0]

id 26
F = [508, 29, 90, 500, 106, 97, 99, 82, 126, 114, 107, 108, 32, 20, 118, 95, 118, 115, 120, 108, 113, 93, 296, 105, 21, 34, 103, 97, 108, 111]
F2 = [0, 0, 0, 0, 0, 0, 0, 0, 0, 0, 0, 0, 0, 0, 0, 0, 0, 0, 0, 0, 0, 0, 0, 0, 0, 0, 0, 0, 0, 0]
T = [230800, 15400, 45300, 231100, 65800, 53100, 75800, 43000, 63800, 55900, 58300, 54500, 16600, 11100, 58400, 46800, 62900, 59600, 61300, 53400, 57100, 47400, 243600, 51200, 13000, 20900, 52000, 47700, 62900, 55200]
T2 = [0, 0, 0, 0, 0, 0, 0, 0, 0, 0, 0, 0, 0, 0, 0, 0, 0, 0, 0, 0, 0, 0, 0, 0, 0, 0, 0, 0, 0, 0]

id 27
F = [98, 108, 22, 113, 119, 107, 98, 101, 23, 820, 102, 83, 86, 21, 106, 29, 120, 288, 26, 523, 106, 101, 500, 85, 102, 292, 114, 28, 104, 103]
F2 = [0, 0, 0, 0, 0, 0, 0, 0, 0, 0, 0, 0, 0, 0, 0, 0, 0, 0, 0, 0, 0, 0, 0, 0, 0, 0, 0, 0, 0, 0]
T = [49600, 53500, 12200, 66200, 62300, 62600, 48400, 51000, 12400, 395500, 49700, 43100, 43000, 12700, 52900, 15800, 62400, 134600, 14200, 255100, 52800, 50400, 226800, 59400, 56300, 142100, 57900, 15700, 52400, 51100]
T2 = [0, 0, 0, 0, 0, 0, 0, 0, 0, 0, 0, 0, 0, 0, 0, 0, 0, 0, 0, 0, 0, 0, 0, 0, 0, 0, 0, 0, 0, 0]

id 28
F = [87, 108, 95, 98, 115, 119, 76, 152, 116, 141, 23, 502, 272, 112, 104, 150, 446, 102, 93, 42, 537, 87, 712, 92, 104, 110, 104, 116, 83, 106]
F2 = [0, 0, 0, 0, 0, 0, 0, 0, 0, 0, 0, 0, 0, 0, 0, 0, 0, 0, 0, 0, 0, 0, 0, 0, 0, 0, 0, 0, 0, 0]
T = [43900, 60100, 47200, 49900, 58800, 63400, 37300, 78200, 56700, 69300, 15500, 249400, 129500, 59400, 50700, 83300, 204900, 73600, 54800, 25700, 242900, 44600, 314100, 47400, 54700, 54900, 54200, 58200, 44100, 51700]
T2 = [0, 0, 0, 0, 0, 0, 0, 0, 0, 0, 0, 0, 0, 0, 0, 0, 0, 0, 0, 0, 0, 0, 0, 0, 0, 0, 0, 0, 0, 0]

id 29
F = [122, 114, 111, 103, 328, 87, 116, 117, 0, 116, 314, 88, 435, 100, 133, 101, 105, 125, 98, 77, 117, 85, 109, 110, 86, 85, 101, 28, 92, 111]
F2 = [0, 0, 0, 0, 0, 0, 0, 0, 0, 0, 0, 0, 0, 0, 0, 0, 0, 0, 0, 0, 0, 0, 0, 0, 0, 0, 0, 0, 0, 0]
T = [61800, 62600, 55800, 50600, 155400, 44100, 68100, 65900, 85056700, 62000, 146800, 63400, 244200, 49100, 68700, 52300, 53600, 62600, 59200, 45600, 58000, 45600, 55300, 54200, 43200, 47800, 50700, 15900, 46400, 55700]
T2 = [0, 0, 0, 0, 0, 0, 0, 0, 0, 0, 0, 0, 0, 0, 0, 0, 0, 0, 0, 0, 0, 0, 0, 0, 0, 0, 0, 0, 0, 0]

id 30
F = [310, 101, 120, 107, 118, 29, 109, 101, 511, 26, 110, 113, 92, 81, 106, 148, 95, 91, 31, 284, 100, 164, 117, 105, 112, 119, 101, 302, 94, 102]
F2 = [0, 0, 0, 0, 0, 0, 0, 0, 0, 0, 0, 0, 0, 0, 0, 0, 0, 0, 0, 0, 0, 0, 0, 0, 0, 0, 0, 0, 0, 0]
T = [145800, 51200, 58800, 54000, 64200, 17500, 74000, 51400, 300200, 14500, 57800, 76400, 51500, 41900, 55800, 72800, 47200, 48300, 22600, 154300, 52400, 81200, 60600, 52000, 56100, 58000, 53800, 146500, 49000, 55900]
T2 = [0, 0, 0, 0, 0, 0, 0, 0, 0, 0, 0, 0, 0, 0, 0, 0, 0, 0, 0, 0, 0, 0, 0, 0, 0, 0, 0, 0, 0, 0]

id 31
F = [106, 101, 108, 111, 467, 108, 124, 496, 111, 89, 95, 107, 473, 97, 471, 105, 98, 27, 95, 481, 112, 96, 0, 105, 82, 27, 159, 0, 102, 26]
F2 = [0, 0, 0, 0, 0, 0, 0, 0, 0, 0, 0, 0, 0, 0, 0, 0, 0, 0, 0, 0, 0, 0, 0, 0, 0, 0, 0, 0, 0, 0]
T = [59900, 51200, 65200, 82700, 223300, 53800, 61800, 221800, 54700, 47900, 49400, 52300, 258300, 48400, 221300, 51500, 57800, 15900, 50000, 236000, 55600, 49900, 85175500, 51100, 46200, 15200, 119200, 82808000, 51200, 17500]
T2 = [0, 0, 0, 0, 0, 0, 0, 0, 0, 0, 0, 0, 0, 0, 0, 0, 0, 0, 0, 0, 0, 0, 0, 0, 0, 0, 0, 0, 0, 0]

id 32
F = [141, 0, 114, 33, 97, 0, 110, 80, 116, 117, 77, 90, 73, 292, 39, 85, 134, 97, 28, 105, 80, 110, 37, 287, 111, 112, 140, 116, 108, 105]
F2 = [0, 0, 0, 0, 0, 0, 0, 0, 0, 0, 0, 0, 0, 0, 0, 0, 0, 0, 0, 0, 0, 0, 0, 0, 0, 0, 0, 0, 0, 0]
T = [70000, 84014900, 57400, 17500, 48400, 82948700, 58600, 40500, 70700, 56500, 38000, 43900, 39300, 138100, 20200, 42600, 66400, 48100, 16900, 51600, 41100, 54700, 19500, 137700, 55200, 55400, 69100, 57600, 53400, 65700]
T2 = [0, 0, 0, 0, 0, 0, 0, 0, 0, 0, 0, 0, 0, 0, 0, 0, 0, 0, 0, 0, 0, 0, 0, 0, 0, 0, 0, 0, 0, 0]

id 33
F = [143, 114, 106, 25, 120, 102, 116, 837, 116, 287, 98, 302, 0, 98, 126, 103, 285, 0, 104, 117, 109, 20, 23, 117, 108, 515, 87, 109, 0, 31]
F2 = [0, 0, 0, 0, 0, 0, 0, 0, 0, 0, 0, 0, 0, 0, 0, 0, 0, 0, 0, 0, 0, 0, 0, 0, 0, 0, 0, 0, 0, 0]
T = [77000, 57100, 52800, 13600, 71200, 52400, 59300, 346000, 65500, 167800, 48300, 150900, 89302400, 50600, 62200, 52100, 135200, 82653600, 51100, 58500, 54200, 12800, 12500, 67000, 54900, 268800, 44400, 53900, 82283700, 18000]
T2 = [0, 0, 0, 0, 0, 0, 0, 0, 0, 0, 0, 0, 0, 0, 0, 0, 0, 0, 0, 0, 0, 0, 0, 0, 0, 0, 0, 0, 0, 0]

id 34
F = [124, 30, 81, 0, 112, 108, 108, 525, 104, 109, 98, 108, 116, 23, 27, 99, 99, 91, 105, 112, 118, 115, 107, 119, 99, 100, 107, 84, 24, 91]
F2 = [0, 0, 0, 0, 0, 0, 0, 0, 0, 0, 0, 0, 0, 0, 0, 0, 0, 0, 0, 0, 0, 0, 0, 0, 0, 0, 0, 0, 0, 0]
T = [61800, 16500, 45600, 84482100, 56900, 56900, 55300, 240100, 52200, 56800, 60300, 55300, 57000, 12500, 14600, 54600, 49500, 48900, 53900, 65800, 58900, 58800, 52300, 59800, 49600, 49300, 53700, 42900, 15700, 45700]
T2 = [0, 0, 0, 0, 0, 0, 0, 0, 0, 0, 0, 0, 0, 0, 0, 0, 0, 0, 0, 0, 0, 0, 0, 0, 0, 0, 0, 0, 0, 0]

id 35
F = [98, 107, 98, 111, 100, 0, 105, 143, 79, 26, 102, 112, 94, 121, 117, 31, 0, 107, 26, 79, 0, 102, 26, 78, 29, 105, 90, 95, 290, 136]
F2 = [0, 0, 0, 0, 0, 0, 0, 0, 0, 0, 0, 0, 0, 0, 0, 0, 0, 0, 0, 0, 0, 0, 0, 0, 0, 0, 0, 0, 0, 0]
T = [51500, 64500, 75000, 56800, 55200, 85148000, 61000, 71800, 39200, 17600, 50000, 75200, 177900, 64100, 62400, 17700, 83641000, 52600, 14600, 39800, 83277700, 50500, 14400, 38600, 17900, 52900, 46100, 47200, 137400, 68100]
T2 = [0, 0, 0, 0, 0, 0, 0, 0, 0, 0, 0, 0, 0, 0, 0, 0, 0, 0, 0, 0, 0, 0, 0, 0, 0, 0, 0, 0, 0, 0]

id 36
F = [108, 25, 87, 0, 118, 107, 97, 115, 87, 81, 292, 23, 97, 98, 115, 160, 119, 111, 108, 97, 103, 292, 32, 23, 108, 517, 117, 128, 103, 119]
F2 = [0, 0, 0, 0, 0, 0, 0, 0, 0, 0, 0, 0, 0, 0, 0, 0, 0, 0, 0, 0, 0, 0, 0, 0, 0, 0, 0, 0, 0, 0]
T = [56700, 14600, 43500, 84449500, 67100, 54100, 48600, 56900, 44700, 40900, 166800, 13500, 213500, 51300, 76400, 80000, 59100, 54800, 55200, 47900, 55700, 140400, 18100, 12300, 53900, 228400, 57200, 63700, 58500, 111800]
T2 = [0, 0, 0, 0, 0, 0, 0, 0, 0, 0, 0, 0, 0, 0, 0, 0, 0, 0, 0, 0, 0, 0, 0, 0, 0, 0, 0, 0, 0, 0]

id 37
F = [118, 112, 106, 105, 144, 106, 97, 141, 0, 108, 279, 68, 23, 91, 22, 120, 94, 23, 89, 131, 100, 105, 106, 81, 124, 115, 108, 138, 105, 0]
F2 = [0, 0, 0, 0, 0, 0, 0, 0, 0, 0, 0, 0, 0, 0, 0, 0, 0, 0, 0, 0, 0, 0, 0, 0, 0, 0, 0, 0, 0, 0]
T = [149100, 56600, 54900, 53400, 117200, 54200, 55000, 70100, 87577500, 61600, 152600, 38300, 17000, 51300, 20100, 60500, 48900, 12800, 44000, 72100, 58800, 69300, 52100, 40800, 61000, 59400, 108400, 67800, 107600, 84097100]
T2 = [0, 0, 0, 0, 0, 0, 0, 0, 0, 0, 0, 0, 0, 0, 0, 0, 0, 0, 0, 0, 0, 0, 0, 0, 0, 0, 0, 0, 0, 0]

id 38
F = [525, 126, 26, 107, 82, 24, 146, 302, 21, 107, 303, 93, 79, 0, 142, 98, 80, 101, 104, 114, 322, 92, 107, 76, 113, 113, 111, 104, 89, 125]
F2 = [0, 0, 0, 0, 0, 0, 0, 0, 0, 0, 0, 0, 0, 0, 0, 0, 0, 0, 0, 0, 0, 0, 0, 0, 0, 0, 0, 0, 0, 0]
T = [237900, 64800, 14000, 59500, 41300, 12300, 82300, 158700, 15700, 53200, 140200, 46800, 39100, 85133300, 79900, 57800, 41900, 57800, 54400, 56800, 152800, 46200, 53200, 38600, 56500, 56000, 56300, 57800, 44600, 60700]
T2 = [0, 0, 0, 0, 0, 0, 0, 0, 0, 0, 0, 0, 0, 0, 0, 0, 0, 0, 0, 0, 0, 0, 0, 0, 0, 0, 0, 0, 0, 0]

id 39
F = [111, 111, 86, 147, 111, 105, 118, 112, 107, 117, 131, 500, 28, 108, 111, 97, 106, 102, 125, 293, 80, 103, 28, 123, 0, 160, 103, 142, 92, 104]
F2 = [0, 0, 0, 0, 0, 0, 0, 0, 0, 0, 0, 0, 0, 0, 0, 0, 0, 0, 0, 0, 0, 0, 0, 0, 0, 0, 0, 0, 0, 0]
T = [55800, 58100, 43300, 71700, 56300, 59200, 64800, 69800, 52300, 56600, 76100, 280800, 17200, 57100, 54600, 47900, 51800, 52100, 63800, 153500, 40400, 50300, 19700, 60500, 90147000, 80500, 50900, 70900, 45100, 51600]
T2 = [0, 0, 0, 0, 0, 0, 0, 0, 0, 0, 0, 0, 0, 0, 0, 0, 0, 0, 0, 0, 0, 0, 0, 0, 0, 0, 0, 0, 0, 0]

id 40
F = [120, 130, 98, 134, 533, 274, 88, 96, 0, 98, 110, 87, 294, 130, 22, 100, 125, 80, 111, 118, 102, 113, 34, 122, 283, 112, 152, 73, 31, 153]
F2 = [0, 0, 0, 0, 0, 0, 0, 0, 0, 0, 0, 0, 0, 0, 0, 0, 0, 0, 0, 0, 0, 0, 0, 0, 0, 0, 0, 0, 0, 0]
T = [58900, 72800, 47800, 67200, 242100, 141600, 44600, 48500, 89431200, 49500, 53900, 47400, 139700, 75700, 12100, 49100, 62300, 40700, 55800, 58500, 52400, 57000, 19600, 59500, 135400, 55400, 88300, 37600, 18400, 74400]
T2 = [0, 0, 0, 0, 0, 0, 0, 0, 0, 0, 0, 0, 0, 0, 0, 0, 0, 0, 0, 0, 0, 0, 0, 0, 0, 0, 0, 0, 0, 0]

id 41
F = [22, 107, 94, 114, 101, 22, 125, 103, 98, 100, 98, 122, 99, 89, 28, 24, 107, 90, 94, 106, 107, 108, 112, 0, 295, 95, 101, 82, 74, 25]
F2 = [0, 0, 0, 0, 0, 0, 0, 0, 0, 0, 0, 0, 0, 0, 0, 0, 0, 0, 0, 0, 0, 0, 0, 0, 0, 0, 0, 0, 0, 0]
T = [12600, 57600, 50200, 85700, 57100, 24900, 60900, 56600, 51100, 56100, 49500, 70700, 58000, 49200, 22200, 12700, 51500, 55900, 60800, 62800, 68600, 67000, 89600, 85219100, 151000, 49800, 51200, 76600, 37300, 17400]
T2 = [0, 0, 0, 0, 0, 0, 0, 0, 0, 0, 0, 0, 0, 0, 0, 0, 0, 0, 0, 0, 0, 0, 0, 0, 0, 0, 0, 0, 0, 0]

id 42
F = [26, 106, 23, 313, 90, 114, 23, 96, 571, 111, 85, 99, 103, 114, 106, 109, 142, 104, 105, 113, 114, 317, 90, 42, 82, 104, 111, 121, 117, 111]
F2 = [0, 0, 0, 0, 0, 0, 0, 0, 0, 0, 0, 0, 0, 0, 0, 0, 0, 0, 0, 0, 0, 0, 0, 0, 0, 0, 0, 0, 0, 0]
T = [16300, 53700, 13200, 161400, 45500, 57100, 13200, 56800, 263700, 58800, 46600, 49700, 53900, 55700, 57700, 54300, 73400, 54400, 51600, 56500, 56500, 156400, 47200, 46500, 41500, 51900, 58100, 59600, 58200, 55100]
T2 = [0, 0, 0, 0, 0, 0, 0, 0, 0, 0, 0, 0, 0, 0, 0, 0, 0, 0, 0, 0, 0, 0, 0, 0, 0, 0, 0, 0, 0, 0]

id 43
F = [103, 111, 302, 106, 133, 79, 104, 105, 105, 110, 111, 101, 23, 100, 154, 106, 519, 114, 105, 116, 111, 112, 35, 88, 101, 100, 83, 0, 120, 101]
F2 = [0, 0, 0, 0, 0, 0, 0, 0, 0, 0, 0, 0, 0, 0, 0, 0, 0, 0, 0, 0, 0, 0, 0, 0, 0, 0, 0, 0, 0, 0]
T = [50400, 55300, 154200, 54000, 65600, 40300, 58100, 53800, 52900, 58400, 54900, 59700, 13200, 50400, 74900, 56700, 231400, 57500, 51600, 60600, 57400, 61000, 18000, 66400, 51700, 53300, 41500, 84254000, 60000, 52200]
T2 = [0, 0, 0, 0, 0, 0, 0, 0, 0, 0, 0, 0, 0, 0, 0, 0, 0, 0, 0, 0, 0, 0, 0, 0, 0, 0, 0, 0, 0, 0]

id 44
F = [119, 118, 26, 125, 28, 103, 22, 120, 147, 116, 137, 108, 103, 114, 100, 102, 102, 81, 144, 153, 146, 107, 306, 101, 118, 96, 307, 28, 89, 111]
F2 = [0, 0, 0, 0, 0, 0, 0, 0, 0, 0, 0, 0, 0, 0, 0, 0, 0, 0, 0, 0, 0, 0, 0, 0, 0, 0, 0, 0, 0, 0]
T = [59200, 58900, 14300, 82200, 15500, 56700, 11900, 64200, 71600, 60000, 67500, 69400, 53100, 62400, 50200, 60300, 51000, 41900, 77000, 77400, 72500, 53700, 145000, 49900, 66500, 48400, 144500, 15000, 44400, 54900]
T2 = [0, 0, 0, 0, 0, 0, 0, 0, 0, 0, 0, 0, 0, 0, 0, 0, 0, 0, 0, 0, 0, 0, 0, 0, 0, 0, 0, 0, 0, 0]

id 45
F = [292, 96, 111, 112, 0, 108, 534, 303, 95, 107, 141, 109, 277, 102, 112, 115, 101, 108, 106, 302, 111, 27, 113, 99, 111, 0, 34, 110, 22, 0]
F2 = [0, 0, 0, 0, 0, 0, 0, 0, 0, 0, 0, 0, 0, 0, 0, 0, 0, 0, 0, 0, 0, 0, 0, 0, 0, 0, 0, 0, 0, 0]
T = [158000, 47900, 55700, 55100, 82860400, 54300, 239500, 146700, 46900, 82300, 70100, 66000, 139400, 52900, 55900, 62600, 49600, 54500, 52200, 144800, 56000, 16300, 56700, 50200, 56100, 88264100, 26100, 75300, 12900, 101617100]
T2 = [0, 0, 0, 0, 0, 0, 0, 0, 0, 0, 0, 0, 0, 0, 0, 0, 0, 0, 0, 0, 0, 0, 0, 0, 0, 0, 0, 0, 0, 0]

id 46
F = [102, 86, 114, 103, 511, 94, 0, 26, 286, 84, 24, 0, 105, 33, 24, 99, 116, 92, 846, 111, 29, 113, 106, 100, 135, 89, 107, 102, 99, 311]
F2 = [0, 0, 0, 0, 0, 0, 0, 0, 0, 0, 0, 0, 0, 0, 0, 0, 0, 0, 0, 0, 0, 0, 0, 0, 0, 0, 0, 0, 0, 0]
T = [63400, 78500, 77300, 42400, 189400, 41200, 80204500, 17100, 170100, 54400, 15600, 88758900, 53900, 19300, 15500, 51700, 56700, 48600, 348500, 54400, 20800, 59800, 57200, 58400, 88100, 55600, 59600, 51400, 67600, 158200]
T2 = [0, 0, 0, 0, 0, 0, 0, 0, 0, 0, 0, 0, 0, 0, 0, 0, 0, 0, 0, 0, 0, 0, 0, 0, 0, 0, 0, 0, 0, 0]

id 47
F = [79, 0, 104, 317, 149, 289, 89, 108, 120, 89, 101, 92, 110, 113, 100, 106, 119, 109, 92, 90, 138, 114, 30, 23, 114, 107, 111, 521, 92, 100]
F2 = [0, 0, 0, 0, 0, 0, 0, 0, 0, 0, 0, 0, 0, 0, 0, 0, 0, 0, 0, 0, 0, 0, 0, 0, 0, 0, 0, 0, 0, 0]
T = [43300, 87489500, 64900, 148900, 75800, 152200, 43700, 58200, 59700, 44900, 75300, 45200, 58500, 62500, 49500, 55300, 57600, 53700, 46000, 53900, 66600, 57100, 15900, 13500, 55000, 65700, 54000, 241900, 46400, 51500]
T2 = [0, 0, 0, 0, 0, 0, 0, 0, 0, 0, 0, 0, 0, 0, 0, 0, 0, 0, 0, 0, 0, 0, 0, 0, 0, 0, 0, 0, 0, 0]

id 48
F = [153, 439, 31, 0, 112, 111, 88, 97, 81, 285, 484, 96, 122, 112, 106, 281, 103, 29, 126, 121, 109, 104, 108, 77, 104, 99, 107, 103, 102, 114]
F2 = [0, 0, 0, 0, 0, 0, 0, 0, 0, 0, 0, 0, 0, 0, 0, 0, 0, 0, 0, 0, 0, 0, 0, 0, 0, 0, 0, 0, 0, 0]
T = [76500, 253600, 16600, 85549900, 60700, 56600, 47700, 47100, 48800, 135200, 231800, 47300, 63200, 55200, 54800, 135200, 50800, 15900, 63600, 74600, 54400, 54200, 53900, 38700, 52200, 51400, 54200, 53100, 52500, 64400]
T2 = [0, 0, 0, 0, 0, 0, 0, 0, 0, 0, 0, 0, 0, 0, 0, 0, 0, 0, 0, 0, 0, 0, 0, 0, 0, 0, 0, 0, 0, 0]

id 49
F = [107, 31, 116, 36, 101, 27, 84, 105, 462, 83, 0, 513, 99, 113, 119, 112, 108, 80, 100, 120, 113, 162, 105, 167, 110, 91, 112, 81, 0, 89]
F2 = [0, 0, 0, 0, 0, 0, 0, 0, 0, 0, 0, 0, 0, 0, 0, 0, 0, 0, 0, 0, 0, 0, 0, 0, 0, 0, 0, 0, 0, 0]
T = [53900, 16600, 61600, 24900, 49800, 14200, 60500, 77500, 255400, 42300, 83825300, 233100, 50100, 55700, 60900, 56100, 54500, 40400, 49500, 58900, 57200, 78200, 51900, 177700, 55200, 45300, 55500, 39900, 90626900, 45700]
T2 = [0, 0, 0, 0, 0, 0, 0, 0, 0, 0, 0, 0, 0, 0, 0, 0, 0, 0, 0, 0, 0, 0, 0, 0, 0, 0, 0, 0, 0, 0]

id 50
F = [89, 107, 27, 0, 480, 23, 28, 109, 85, 95, 110, 299, 93, 148, 328, 99, 112, 31, 96, 295, 0, 120, 83, 101, 168, 97, 27, 111, 116, 118]
F2 = [0, 0, 0, 0, 0, 0, 0, 0, 0, 0, 0, 0, 0, 0, 0, 0, 0, 0, 0, 0, 0, 0, 0, 0, 0, 0, 0, 0, 0, 0]
T = [44600, 56800, 23600, 86197700, 227900, 15000, 15000, 53500, 43300, 48900, 56500, 165600, 51000, 83500, 152800, 51700, 56700, 17100, 60300, 144200, 92798200, 59200, 45600, 51600, 81000, 51700, 15100, 55100, 59800, 62400]
T2 = [0, 0, 0, 0, 0, 0, 0, 0, 0, 0, 0, 0, 0, 0, 0, 0, 0, 0, 0, 0, 0, 0, 0, 0, 0, 0, 0, 0, 0, 0]

id 51
F = [104, 110, 28, 112, 118, 29, 105, 103, 89, 21, 33, 0, 0, 103, 88, 101, 111, 103, 147, 81, 107, 25, 0, 83, 26, 102, 112, 543, 87, 109]
F2 = [0, 0, 0, 0, 0, 0, 0, 0, 0, 0, 0, 0, 0, 0, 0, 0, 0, 0, 0, 0, 0, 0, 0, 0, 0, 0, 0, 0, 0, 0]
T = [56500, 57800, 15700, 63300, 58300, 16800, 51900, 51400, 47900, 11500, 18200, 95144200, 83388400, 53300, 57900, 50900, 62500, 52100, 71300, 45400, 53500, 16400, 85266100, 41600, 14300, 51200, 55700, 242800, 44200, 54100]
T2 = [0, 0, 0, 0, 0, 0, 0, 0, 0, 0, 0, 0, 0, 0, 0, 0, 0, 0, 0, 0, 0, 0, 0, 0, 0, 0, 0, 0, 0, 0]

id 52
F = [0, 109, 85, 29, 116, 98, 106, 89, 85, 113, 34, 111, 0, 109, 103, 483, 25, 0, 122, 118, 101, 82, 112, 104, 105, 111, 114, 129, 115, 113]
F2 = [0, 0, 0, 0, 0, 0, 0, 0, 0, 0, 0, 0, 0, 0, 0, 0, 0, 0, 0, 0, 0, 0, 0, 0, 0, 0, 0, 0, 0, 0]
T = [84094000, 54500, 41700, 18900, 57000, 50700, 53000, 46300, 41400, 67100, 18100, 57200, 85251300, 61200, 52300, 250900, 13300, 86516400, 60100, 58100, 72700, 41100, 56500, 51900, 52200, 59900, 58300, 63900, 60900, 54800]
T2 = [0, 0, 0, 0, 0, 0, 0, 0, 0, 0, 0, 0, 0, 0, 0, 0, 0, 0, 0, 0, 0, 0, 0, 0, 0, 0, 0, 0, 0, 0]

id 53
F = [515, 138, 109, 99, 96, 122, 104, 97, 104, 29, 118, 118, 117, 83, 88, 24, 98, 106, 115, 92, 330, 25, 79, 551, 516, 281, 98, 156, 132, 94]
F2 = [0, 0, 0, 0, 0, 0, 0, 0, 0, 0, 0, 0, 0, 0, 0, 0, 0, 0, 0, 0, 0, 0, 0, 0, 0, 0, 0, 0, 0, 0]
T = [236300, 67900, 52800, 50600, 47000, 60700, 52300, 52900, 53700, 15300, 58200, 58900, 58900, 40800, 50900, 20200, 49000, 61400, 59200, 51500, 174000, 14100, 45500, 243400, 231700, 134000, 73400, 80900, 68200, 50400]
T2 = [0, 0, 0, 0, 0, 0, 0, 0, 0, 0, 0, 0, 0, 0, 0, 0, 0, 0, 0, 0, 0, 0, 0, 0, 0, 0, 0, 0, 0, 0]

id 54
F = [97, 23, 99, 104, 102, 107, 0, 106, 98, 108, 116, 111, 36, 107, 824, 164, 31, 111, 104, 109, 106, 22, 307, 528, 145, 82, 23, 84, 101, 492]
F2 = [0, 0, 0, 0, 0, 0, 0, 0, 0, 0, 0, 0, 0, 0, 0, 0, 0, 0, 0, 0, 0, 0, 0, 0, 0, 0, 0, 0, 0, 0]
T = [48300, 12500, 49200, 69700, 49400, 53800, 86085100, 52400, 49000, 53100, 71400, 60400, 26100, 52900, 442700, 85800, 16600, 56000, 51800, 54600, 53800, 12400, 144000, 234600, 74400, 41500, 14200, 44200, 50500, 224600]
T2 = [0, 0, 0, 0, 0, 0, 0, 0, 0, 0, 0, 0, 0, 0, 0, 0, 0, 0, 0, 0, 0, 0, 0, 0, 0, 0, 0, 0, 0, 0]

id 55
F = [26, 102, 84, 109, 78, 108, 91, 120, 294, 495, 121, 114, 332, 88, 98, 85, 85, 116, 109, 136, 106, 104, 115, 104, 105, 38, 92, 109, 78, 115]
F2 = [0, 0, 0, 0, 0, 0, 0, 0, 0, 0, 0, 0, 0, 0, 0, 0, 0, 0, 0, 0, 0, 0, 0, 0, 0, 0, 0, 0, 0, 0]
T = [14100, 53500, 42100, 54100, 39400, 54400, 66000, 61700, 159800, 237400, 70200, 60800, 156900, 52900, 48500, 44000, 43800, 58800, 54800, 71200, 59400, 51700, 56800, 54600, 75300, 22400, 50900, 57200, 41300, 59100]
T2 = [0, 0, 0, 0, 0, 0, 0, 0, 0, 0, 0, 0, 0, 0, 0, 0, 0, 0, 0, 0, 0, 0, 0, 0, 0, 0, 0, 0, 0, 0]

id 56
F = [122, 27, 23, 108, 110, 117, 114, 106, 102, 28, 106, 159, 109, 28, 487, 112, 110, 155, 137, 84, 104, 105, 23, 100, 485, 109, 95, 119, 92, 80]
F2 = [0, 0, 0, 0, 0, 0, 0, 0, 0, 0, 0, 0, 0, 0, 0, 0, 0, 0, 0, 0, 0, 0, 0, 0, 0, 0, 0, 0, 0, 0]
T = [66100, 14700, 13500, 61000, 54400, 62900, 56800, 54400, 58100, 15100, 58100, 78000, 55000, 15000, 216900, 54800, 57100, 75400, 67100, 43600, 59700, 64900, 14000, 57300, 220300, 54300, 47700, 58300, 81100, 40700]
T2 = [0, 0, 0, 0, 0, 0, 0, 0, 0, 0, 0, 0, 0, 0, 0, 0, 0, 0, 0, 0, 0, 0, 0, 0, 0, 0, 0, 0, 0, 0]

id 57
F = [106, 34, 111, 24, 145, 134, 79, 102, 493, 81, 37, 107, 77, 24, 107, 105, 538, 27, 28, 102, 105, 107, 111, 113, 111, 103, 93, 88, 292, 85]
F2 = [0, 0, 0, 0, 0, 0, 0, 0, 0, 0, 0, 0, 0, 0, 0, 0, 0, 0, 0, 0, 0, 0, 0, 0, 0, 0, 0, 0, 0, 0]
T = [52700, 21100, 59100, 12700, 83700, 65800, 39800, 54100, 247000, 42900, 18000, 55200, 37200, 14600, 52000, 52100, 237600, 51700, 17100, 51400, 51700, 53000, 56100, 54900, 56100, 50600, 45900, 46400, 144400, 51800]
T2 = [0, 0, 0, 0, 0, 0, 0, 0, 0, 0, 0, 0, 0, 0, 0, 0, 0, 0, 0, 0, 0, 0, 0, 0, 0, 0, 0, 0, 0, 0]

id 58
F = [112, 107, 106, 101, 103, 117, 0, 110, 25, 110, 31, 19, 24, 118, 83, 109, 19, 28, 128, 117, 78, 481, 29, 105, 490, 80, 107, 97, 100, 491]
F2 = [0, 0, 0, 0, 0, 0, 0, 0, 0, 0, 0, 0, 0, 0, 0, 0, 0, 0, 0, 0, 0, 0, 0, 0, 0, 0, 0, 0, 0, 0]
T = [56800, 54100, 53300, 51300, 53800, 59100, 101975700, 114300, 15100, 54800, 16300, 12400, 13300, 77800, 41900, 53700, 11000, 14800, 71500, 62400, 39800, 221300, 16300, 52300, 223900, 40300, 55300, 51900, 49200, 230200]
T2 = [0, 0, 0, 0, 0, 0, 0, 0, 0, 0, 0, 0, 0, 0, 0, 0, 0, 0, 0, 0, 0, 0, 0, 0, 0, 0, 0, 0, 0, 0]

id 59
F = [112, 134, 150, 117, 112, 24, 97, 100, 112, 103, 85, 107, 141, 68, 77, 82, 118, 93, 80, 74, 166, 156, 95, 23, 113, 129, 25, 267, 104, 112]
F2 = [0, 0, 0, 0, 0, 0, 0, 0, 0, 0, 0, 0, 0, 0, 0, 0, 0, 0, 0, 0, 0, 0, 0, 0, 0, 0, 0, 0, 0, 0]
T = [58200, 69600, 72200, 58600, 55700, 12900, 47600, 49900, 54900, 52200, 42900, 52100, 70300, 33800, 40300, 41300, 60600, 46400, 40700, 57300, 83000, 76400, 46900, 12700, 55800, 64400, 13700, 133000, 51700, 55400]
T2 = [0, 0, 0, 0, 0, 0, 0, 0, 0, 0, 0, 0, 0, 0, 0, 0, 0, 0, 0, 0, 0, 0, 0, 0, 0, 0, 0, 0, 0, 0]

id 60
F = [112, 292, 94, 23, 107, 118, 93, 115, 28, 122, 21, 108, 147, 82, 26, 104, 111, 134, 111, 874, 82, 115, 110, 506, 0, 0, 411, 0, 29, 131]
F2 = [0, 0, 0, 0, 0, 0, 0, 0, 0, 0, 0, 0, 0, 0, 0, 0, 0, 0, 0, 0, 0, 0, 0, 0, 0, 0, 0, 0, 0, 0]
T = [66100, 140200, 46700, 14200, 52300, 59700, 51100, 57300, 15100, 60100, 11400, 52000, 71600, 41500, 14800, 53300, 55800, 76500, 55900, 373400, 41100, 58400, 54700, 227300, 83633300, 81090800, 187200, 84183200, 16500, 69000]
T2 = [0, 0, 0, 0, 0, 0, 0, 0, 0, 0, 0, 0, 0, 0, 0, 0, 0, 0, 0, 0, 0, 0, 0, 0, 0, 0, 0, 0, 0, 0]

id 61
F = [103, 117, 107, 508, 93, 102, 112, 127, 109, 97, 34, 101, 110, 100, 100, 101, 118, 310, 104, 101, 144, 115, 80, 96, 99, 118, 90, 86, 111, 123]
F2 = [0, 0, 0, 0, 0, 0, 0, 0, 0, 0, 0, 0, 0, 0, 0, 0, 0, 0, 0, 0, 0, 0, 0, 0, 0, 0, 0, 0, 0, 0]
T = [55000, 57200, 54500, 230400, 46400, 65000, 56200, 63800, 54600, 47500, 17600, 48500, 54200, 50300, 49900, 49900, 57800, 144300, 52300, 61600, 72600, 56100, 41900, 48300, 51900, 59000, 50400, 42800, 62000, 63200]
T2 = [0, 0, 0, 0, 0, 0, 0, 0, 0, 0, 0, 0, 0, 0, 0, 0, 0, 0, 0, 0, 0, 0, 0, 0, 0, 0, 0, 0, 0, 0]

id 62
F = [102, 288, 22, 29, 84, 28, 101, 31, 97, 96, 99, 106, 273, 96, 0, 95, 122, 30, 109, 121, 287, 132, 112, 26, 295, 108, 119, 406, 105, 0]
F2 = [0, 0, 0, 0, 0, 0, 0, 0, 0, 0, 0, 0, 0, 0, 0, 0, 0, 0, 0, 0, 0, 0, 0, 0, 0, 0, 0, 0, 0, 0]
T = [51700, 143500, 11900, 22100, 43600, 17100, 54200, 17800, 68600, 47400, 52800, 55000, 134700, 58000, 98808200, 49700, 65100, 22200, 91900, 65100, 134400, 64200, 184800, 14300, 141600, 54000, 62700, 155900, 65400, 94117200]
T2 = [0, 0, 0, 0, 0, 0, 0, 0, 0, 0, 0, 0, 0, 0, 0, 0, 0, 0, 0, 0, 0, 0, 0, 0, 0, 0, 0, 0, 0, 0]

id 63
F = [97, 113, 545, 23, 108, 21, 530, 24, 104, 108, 99, 113, 131, 106, 109, 95, 106, 521, 27, 113, 105, 115, 495, 94, 107, 111, 29, 0, 99, 110]
F2 = [0, 0, 0, 0, 0, 0, 0, 0, 0, 0, 0, 0, 0, 0, 0, 0, 0, 0, 0, 0, 0, 0, 0, 0, 0, 0, 0, 0, 0, 0]
T = [60800, 56100, 246400, 13300, 61300, 12300, 243800, 12900, 52100, 54200, 49700, 55600, 65300, 53000, 63500, 48700, 52200, 236300, 13600, 61700, 51400, 56200, 237700, 47600, 52900, 57200, 16200, 86855300, 51300, 54900]
T2 = [0, 0, 0, 0, 0, 0, 0, 0, 0, 0, 0, 0, 0, 0, 0, 0, 0, 0, 0, 0, 0, 0, 0, 0, 0, 0, 0, 0, 0, 0]

id 64
F = [116, 103, 88, 108, 112, 142, 104, 124, 30, 105, 96, 116, 124, 92, 302, 328, 115, 148, 96, 72, 103, 105, 105, 117, 98, 84, 32, 131, 104, 33]
F2 = [0, 0, 0, 0, 0, 0, 0, 0, 0, 0, 0, 0, 0, 0, 0, 0, 0, 0, 0, 0, 0, 0, 0, 0, 0, 0, 0, 0, 0, 0]
T = [57000, 50400, 45800, 54400, 66200, 120300, 58600, 61300, 16700, 60400, 49300, 57500, 76300, 47000, 151800, 153100, 57400, 72100, 49000, 36100, 51200, 52500, 53200, 96400, 48500, 44600, 18800, 67100, 52700, 18000]
T2 = [0, 0, 0, 0, 0, 0, 0, 0, 0, 0, 0, 0, 0, 0, 0, 0, 0, 0, 0, 0, 0, 0, 0, 0, 0, 0, 0, 0, 0, 0]

id 65
F = [109, 82, 105, 103, 114, 74, 98, 0, 90, 118, 25, 104, 145, 103, 22, 90, 87, 119, 302, 126, 266, 115, 130, 98, 843, 82, 92, 26, 110, 108]
F2 = [0, 0, 0, 0, 0, 0, 0, 0, 0, 0, 0, 0, 0, 0, 0, 0, 0, 0, 0, 0, 0, 0, 0, 0, 0, 0, 0, 0, 0, 0]
T = [225600, 45400, 58600, 60900, 64800, 44500, 50600, 83262000, 44700, 60800, 14000, 50700, 139800, 51900, 12000, 48400, 42700, 64400, 146200, 62600, 127600, 56400, 65900, 48900, 354300, 68000, 46600, 15200, 108200, 53400]
T2 = [0, 0, 0, 0, 0, 0, 0, 0, 0, 0, 0, 0, 0, 0, 0, 0, 0, 0, 0, 0, 0, 0, 0, 0, 0, 0, 0, 0, 0, 0]

id 66
F = [103, 81, 28, 31, 111, 104, 140, 121, 98, 76, 150, 107, 257, 111, 102, 83, 82, 110, 102, 123, 95, 309, 312, 110, 0, 115, 118, 83, 291, 299]
F2 = [0, 0, 0, 0, 0, 0, 0, 0, 0, 0, 0, 0, 0, 0, 0, 0, 0, 0, 0, 0, 0, 0, 0, 0, 0, 0, 0, 0, 0, 0]
T = [58200, 44900, 15600, 16400, 55500, 53000, 69300, 60100, 51000, 37500, 73300, 53100, 123600, 56800, 50000, 43200, 41500, 54900, 50500, 60300, 47600, 145300, 150100, 54400, 79930200, 56000, 58700, 41400, 140600, 144900]
T2 = [0, 0, 0, 0, 0, 0, 0, 0, 0, 0, 0, 0, 0, 0, 0, 0, 0, 0, 0, 0, 0, 0, 0, 0, 0, 0, 0, 0, 0, 0]

id 67
F = [121, 103, 104, 87, 143, 97, 122, 115, 124, 105, 121, 122, 118, 305, 112, 27, 120, 90, 111, 300, 30, 112, 93, 111, 112, 115, 105, 104, 95, 100]
F2 = [0, 0, 0, 0, 0, 0, 0, 0, 0, 0, 0, 0, 0, 0, 0, 0, 0, 0, 0, 0, 0, 0, 0, 0, 0, 0, 0, 0, 0, 0]
T = [61500, 65100, 54100, 44500, 70900, 48400, 61900, 57800, 61800, 52500, 62600, 61600, 62900, 146600, 55500, 14500, 60900, 44500, 55000, 139700, 15700, 55100, 48600, 55500, 56300, 56200, 66400, 53500, 48300, 49800]
T2 = [0, 0, 0, 0, 0, 0, 0, 0, 0, 0, 0, 0, 0, 0, 0, 0, 0, 0, 0, 0, 0, 0, 0, 0, 0, 0, 0, 0, 0, 0]

id 68
F = [36, 26, 84, 102, 107, 106, 104, 92, 67, 303, 493, 25, 101, 100, 121, 0, 106, 126, 120, 94, 94, 559, 25, 121, 28, 103, 107, 26, 92, 163]
F2 = [0, 0, 0, 0, 0, 0, 0, 0, 0, 0, 0, 0, 0, 0, 0, 0, 0, 0, 0, 0, 0, 0, 0, 0, 0, 0, 0, 0, 0, 0]
T = [19200, 15400, 43000, 52300, 52200, 55400, 51900, 45600, 41500, 145200, 224500, 13800, 49800, 49200, 58600, 81742500, 53400, 62600, 89700, 48200, 48200, 250200, 13600, 59200, 17200, 51400, 52500, 15900, 55200, 80500]
T2 = [0, 0, 0, 0, 0, 0, 0, 0, 0, 0, 0, 0, 0, 0, 0, 0, 0, 0, 0, 0, 0, 0, 0, 0, 0, 0, 0, 0, 0, 0]

id 69
F = [25, 31, 107, 112, 97, 283, 33, 127, 92, 27, 25, 95, 87, 105, 287, 139, 128, 90, 100, 100, 110, 101, 32, 140, 584, 28, 108, 112, 104, 94]
F2 = [0, 0, 0, 0, 0, 0, 0, 0, 0, 0, 0, 0, 0, 0, 0, 0, 0, 0, 0, 0, 0, 0, 0, 0, 0, 0, 0, 0, 0, 0]
T = [13800, 15700, 52700, 68800, 47500, 139700, 17000, 63700, 45900, 21000, 13500, 57400, 43800, 58100, 138800, 67900, 63600, 45200, 52200, 50200, 59000, 51000, 21300, 70100, 257400, 15400, 56900, 57700, 52100, 45600]
T2 = [0, 0, 0, 0, 0, 0, 0, 0, 0, 0, 0, 0, 0, 0, 0, 0, 0, 0, 0, 0, 0, 0, 0, 0, 0, 0, 0, 0, 0, 0]

id 70
F = [109, 108, 461, 81, 159, 111, 107, 105, 99, 25, 76, 146, 142, 0, 146, 130, 98, 91, 480, 33, 88, 33, 117, 77, 153, 479, 78, 99, 96, 85]
F2 = [0, 0, 0, 0, 0, 0, 0, 0, 0, 0, 0, 0, 0, 0, 0, 0, 0, 0, 0, 0, 0, 0, 0, 0, 0, 0, 0, 0, 0, 0]
T = [54500, 98000, 208600, 42700, 76300, 136000, 51300, 52600, 102100, 17500, 39400, 224000, 69200, 82349100, 72300, 67300, 51200, 47300, 242800, 17400, 49400, 17100, 60300, 39600, 74400, 218700, 44800, 49100, 47900, 43300]
T2 = [0, 0, 0, 0, 0, 0, 0, 0, 0, 0, 0, 0, 0, 0, 0, 0, 0, 0, 0, 0, 0, 0, 0, 0, 0, 0, 0, 0, 0, 0]

id 71
F = [475, 116, 116, 107, 25, 113, 26, 143, 115, 106, 23, 110, 127, 148, 21, 105, 116, 28, 112, 100, 100, 33, 98, 100, 107, 100, 98, 101, 102, 123]
F2 = [0, 0, 0, 0, 0, 0, 0, 0, 0, 0, 0, 0, 0, 0, 0, 0, 0, 0, 0, 0, 0, 0, 0, 0, 0, 0, 0, 0, 0, 0]
T = [219500, 55300, 60000, 53300, 14200, 55400, 14200, 70200, 58600, 52700, 16300, 54700, 74900, 73700, 18400, 54600, 57000, 15200, 56200, 56700, 49600, 18300, 66400, 74000, 53800, 49300, 54700, 50300, 51000, 63200]
T2 = [0, 0, 0, 0, 0, 0, 0, 0, 0, 0, 0, 0, 0, 0, 0, 0, 0, 0, 0, 0, 0, 0, 0, 0, 0, 0, 0, 0, 0, 0]

id 72
F = [104, 83, 24, 106, 111, 92, 112, 151, 98, 115, 145, 122, 118, 85, 102, 119, 23, 28, 109, 92, 97, 24, 110, 0, 26, 27, 290, 24, 630, 90]
F2 = [0, 0, 0, 0, 0, 0, 0, 0, 0, 0, 0, 0, 0, 0, 0, 0, 0, 0, 0, 0, 0, 0, 0, 0, 0, 0, 0, 0, 0, 0]
T = [70300, 57400, 16000, 51800, 55800, 46300, 55300, 95200, 53500, 58200, 75200, 63000, 58100, 44000, 51000, 62200, 13300, 16400, 54000, 46700, 48200, 14000, 55300, 84350800, 14100, 15400, 139600, 13000, 271700, 45100]
T2 = [0, 0, 0, 0, 0, 0, 0, 0, 0, 0, 0, 0, 0, 0, 0, 0, 0, 0, 0, 0, 0, 0, 0, 0, 0, 0, 0, 0, 0, 0]

id 73
F = [269, 106, 84, 136, 484, 80, 30, 495, 97, 119, 114, 110, 112, 89, 82, 108, 102, 114, 28, 97, 79, 105, 30, 105, 107, 110, 95, 105, 96, 119]
F2 = [0, 0, 0, 0, 0, 0, 0, 0, 0, 0, 0, 0, 0, 0, 0, 0, 0, 0, 0, 0, 0, 0, 0, 0, 0, 0, 0, 0, 0, 0]
T = [128300, 52600, 62200, 66900, 218700, 42300, 24700, 226400, 48000, 58400, 63900, 59200, 56000, 44500, 41300, 52400, 52000, 56000, 15100, 53100, 38800, 54800, 16000, 52100, 52300, 95500, 48500, 606100, 280700, 69100]
T2 = [0, 0, 0, 0, 0, 0, 0, 0, 0, 0, 0, 0, 0, 0, 0, 0, 0, 0, 0, 0, 0, 0, 0, 0, 0, 0, 0, 0, 0, 0]

id 74
F = [108, 485, 110, 0, 111, 71, 108, 127, 101, 0, 108, 77, 294, 115, 110, 104, 0, 116, 109, 149, 124, 118, 95, 116, 94, 285, 99, 93, 109, 104]
F2 = [0, 0, 0, 0, 0, 0, 0, 0, 0, 0, 0, 0, 0, 0, 0, 0, 0, 0, 0, 0, 0, 0, 0, 0, 0, 0, 0, 0, 0, 0]
T = [55900, 220300, 54600, 87601500, 54800, 36000, 54300, 63100, 59400, 84612600, 53600, 40600, 139600, 58500, 54900, 57600, 82921000, 57300, 53300, 112900, 60500, 56900, 51700, 60300, 47900, 208200, 50100, 47400, 103100, 52600]
T2 = [0, 0, 0, 0, 0, 0, 0, 0, 0, 0, 0, 0, 0, 0, 0, 0, 0, 0, 0, 0, 0, 0, 0, 0, 0, 0, 0, 0, 0, 0]

id 75
F = [477, 88, 103, 103, 108, 103, 104, 28, 110, 149, 141, 110, 90, 110, 103, 544, 109, 94, 82, 315, 33, 113, 498, 300, 96, 519, 111, 106, 490, 86]
F2 = [0, 0, 0, 0, 0, 0, 0, 0, 0, 0, 0, 0, 0, 0, 0, 0, 0, 0, 0, 0, 0, 0, 0, 0, 0, 0, 0, 0, 0, 0]
T = [212900, 43300, 50700, 52200, 59800, 53400, 51900, 15400, 53800, 88500, 70100, 56400, 45300, 57600, 51900, 257900, 57900, 71500, 40900, 185300, 17800, 56800, 239200, 156700, 52700, 236800, 55300, 51900, 252500, 43600]
T2 = [0, 0, 0, 0, 0, 0, 0, 0, 0, 0, 0, 0, 0, 0, 0, 0, 0, 0, 0, 0, 0, 0, 0, 0, 0, 0, 0, 0, 0, 0]

id 76
F = [116, 162, 272, 116, 88, 108, 100, 83, 115, 97, 94, 100, 107, 100, 23, 108, 29, 97, 108, 111, 103, 97, 103, 111, 500, 105, 110, 524, 120, 103]
F2 = [0, 0, 0, 0, 0, 0, 0, 0, 0, 0, 0, 0, 0, 0, 0, 0, 0, 0, 0, 0, 0, 0, 0, 0, 0, 0, 0, 0, 0, 0]
T = [62300, 81800, 129800, 57100, 57800, 57800, 63700, 46400, 57800, 49400, 46800, 52900, 52900, 58900, 12700, 61200, 16900, 57900, 54000, 72200, 51400, 51300, 60200, 54500, 228000, 52400, 59900, 230200, 66100, 51200]
T2 = [0, 0, 0, 0, 0, 0, 0, 0, 0, 0, 0, 0, 0, 0, 0, 0, 0, 0, 0, 0, 0, 0, 0, 0, 0, 0, 0, 0, 0, 0]

id 77
F = [97, 118, 103, 473, 102, 106, 99, 117, 25, 93, 97, 89, 78, 26, 101, 122, 297, 99, 72, 103, 0, 27, 120, 113, 108, 107, 111, 105, 20, 27]
F2 = [0, 0, 0, 0, 0, 0, 0, 0, 0, 0, 0, 0, 0, 0, 0, 0, 0, 0, 0, 0, 0, 0, 0, 0, 0, 0, 0, 0, 0, 0]
T = [52700, 66200, 57900, 257100, 58000, 68600, 51900, 57500, 15400, 55300, 48200, 49600, 40400, 14000, 51500, 61500, 151900, 51600, 41000, 50400, 83848300, 14000, 59500, 56400, 54800, 52900, 58800, 53600, 11600, 17900]
T2 = [0, 0, 0, 0, 0, 0, 0, 0, 0, 0, 0, 0, 0, 0, 0, 0, 0, 0, 0, 0, 0, 0, 0, 0, 0, 0, 0, 0, 0, 0]

id 78
F = [115, 0, 79, 33, 871, 102, 106, 111, 110, 86, 113, 116, 118, 110, 98, 556, 114, 23, 490, 140, 105, 115, 38, 30, 105, 509, 118, 104, 0, 81]
F2 = [0, 0, 0, 0, 0, 0, 0, 0, 0, 0, 0, 0, 0, 0, 0, 0, 0, 0, 0, 0, 0, 0, 0, 0, 0, 0, 0, 0, 0, 0]
T = [57500, 84948800, 41500, 23000, 362700, 147400, 52900, 69400, 69800, 43600, 62000, 68600, 58800, 59900, 48900, 327400, 55900, 14300, 234900, 71000, 51900, 56300, 19400, 16300, 56800, 226600, 57700, 52100, 86835000, 40600]
T2 = [0, 0, 0, 0, 0, 0, 0, 0, 0, 0, 0, 0, 0, 0, 0, 0, 0, 0, 0, 0, 0, 0, 0, 0, 0, 0, 0, 0, 0, 0]

id 79
F = [135, 103, 0, 115, 94, 481, 98, 29, 118, 104, 100, 98, 147, 472, 143, 297, 122, 20, 84, 109, 120, 83, 484, 91, 121, 112, 97, 112, 109, 109]
F2 = [0, 0, 0, 0, 0, 0, 0, 0, 0, 0, 0, 0, 0, 0, 0, 0, 0, 0, 0, 0, 0, 0, 0, 0, 0, 0, 0, 0, 0, 0]
T = [66300, 51400, 84352300, 58400, 46900, 218400, 48800, 15600, 58600, 52800, 50400, 49200, 134200, 240300, 71800, 140600, 59300, 12600, 41900, 55000, 60200, 41000, 331000, 45700, 60700, 56100, 49300, 55300, 57200, 111000]
T2 = [0, 0, 0, 0, 0, 0, 0, 0, 0, 0, 0, 0, 0, 0, 0, 0, 0, 0, 0, 0, 0, 0, 0, 0, 0, 0, 0, 0, 0, 0]

id 80
F = [98, 99, 100, 145, 103, 34, 81, 89, 26, 100, 120, 84, 93, 98, 124, 85, 100, 30, 100, 76, 94, 88, 89, 112, 98, 121, 87, 93, 105, 115]
F2 = [0, 0, 0, 0, 0, 0, 0, 0, 0, 0, 0, 0, 0, 0, 0, 0, 0, 0, 0, 0, 0, 0, 0, 0, 0, 0, 0, 0, 0, 0]
T = [56500, 50200, 50100, 85900, 50100, 24400, 95800, 44200, 14400, 51800, 56900, 47500, 47700, 49700, 61600, 43100, 48800, 20300, 52700, 39300, 52800, 47000, 48000, 56900, 50400, 64700, 47700, 45400, 51800, 58300]
T2 = [0, 0, 0, 0, 0, 0, 0, 0, 0, 0, 0, 0, 0, 0, 0, 0, 0, 0, 0, 0, 0, 0, 0, 0, 0, 0, 0, 0, 0, 0]

id 81
F = [34, 104, 157, 110, 88, 27, 106, 93, 104, 117, 121, 88, 90, 96, 77, 85, 102, 85, 116, 114, 93, 102, 149, 0, 265, 106, 86, 104, 109, 79]
F2 = [0, 0, 0, 0, 0, 0, 0, 0, 0, 0, 0, 0, 0, 0, 0, 0, 0, 0, 0, 0, 0, 0, 0, 0, 0, 0, 0, 0, 0, 0]
T = [18800, 58100, 77500, 56700, 143900, 18700, 53000, 47500, 51800, 66300, 59400, 44500, 45800, 48600, 40200, 43500, 52500, 45800, 58800, 60000, 46400, 50400, 87900, 84074600, 174100, 65200, 54900, 91000, 54200, 39700]
T2 = [0, 0, 0, 0, 0, 0, 0, 0, 0, 0, 0, 0, 0, 0, 0, 0, 0, 0, 0, 0, 0, 0, 0, 0, 0, 0, 0, 0, 0, 0]

id 82
F = [27, 103, 96, 502, 104, 100, 103, 92, 102, 114, 103, 109, 286, 116, 74, 91, 97, 0, 111, 89, 115, 0, 84, 122, 109, 92, 108, 101, 110, 107]
F2 = [0, 0, 0, 0, 0, 0, 0, 0, 0, 0, 0, 0, 0, 0, 0, 0, 0, 0, 0, 0, 0, 0, 0, 0, 0, 0, 0, 0, 0, 0]
T = [19500, 52700, 50500, 224000, 56500, 49900, 98300, 46600, 50800, 57100, 50500, 62400, 136800, 58200, 37300, 46200, 47900, 85180000, 56800, 44000, 57900, 82198100, 58900, 60500, 76400, 52100, 55500, 49300, 76000, 77600]
T2 = [0, 0, 0, 0, 0, 0, 0, 0, 0, 0, 0, 0, 0, 0, 0, 0, 0, 0, 0, 0, 0, 0, 0, 0, 0, 0, 0, 0, 0, 0]

id 83
F = [107, 26, 74, 137, 110, 101, 298, 97, 100, 29, 92, 117, 105, 107, 152, 122, 123, 110, 122, 110, 127, 29, 107, 154, 104, 93, 529, 115, 0, 151]
F2 = [0, 0, 0, 0, 0, 0, 0, 0, 0, 0, 0, 0, 0, 0, 0, 0, 0, 0, 0, 0, 0, 0, 0, 0, 0, 0, 0, 0, 0, 0]
T = [55800, 14100, 39100, 68800, 55800, 50900, 146700, 47800, 50600, 16200, 46700, 57600, 62600, 52900, 76700, 60200, 77200, 54500, 64200, 57000, 68300, 16000, 56500, 87600, 52600, 47200, 278900, 57000, 84795300, 99900]
T2 = [0, 0, 0, 0, 0, 0, 0, 0, 0, 0, 0, 0, 0, 0, 0, 0, 0, 0, 0, 0, 0, 0, 0, 0, 0, 0, 0, 0, 0, 0]

id 84
F = [20, 114, 106, 26, 513, 105, 540, 277, 489, 111, 31, 31, 98, 84, 30, 100, 106, 79, 80, 103, 88, 89, 89, 105, 96, 116, 24, 92, 488, 521]
F2 = [0, 0, 0, 0, 0, 0, 0, 0, 0, 0, 0, 0, 0, 0, 0, 0, 0, 0, 0, 0, 0, 0, 0, 0, 0, 0, 0, 0, 0, 0]
T = [12300, 56400, 52300, 15800, 250600, 54600, 256000, 130900, 223200, 55200, 19900, 16800, 48400, 42700, 16200, 49600, 53000, 40000, 39800, 51700, 44500, 46800, 45300, 52800, 47500, 58900, 16500, 46600, 310200, 236200]
T2 = [0, 0, 0, 0, 0, 0, 0, 0, 0, 0, 0, 0, 0, 0, 0, 0, 0, 0, 0, 0, 0, 0, 0, 0, 0, 0, 0, 0, 0, 0]

id 85
F = [24, 123, 76, 115, 92, 84, 106, 279, 100, 122, 105, 140, 109, 110, 99, 110, 99, 92, 483, 539, 101, 121, 110, 265, 0, 105, 109, 24, 109, 104]
F2 = [0, 0, 0, 0, 0, 0, 0, 0, 0, 0, 0, 0, 0, 0, 0, 0, 0, 0, 0, 0, 0, 0, 0, 0, 0, 0, 0, 0, 0, 0]
T = [13700, 116000, 38500, 60000, 45400, 42700, 51800, 161400, 50900, 59800, 51900, 75800, 54200, 55800, 56600, 58300, 50400, 45700, 221700, 245900, 51300, 58800, 54600, 124500, 82695800, 55400, 56900, 13000, 53800, 52700]
T2 = [0, 0, 0, 0, 0, 0, 0, 0, 0, 0, 0, 0, 0, 0, 0, 0, 0, 0, 0, 0, 0, 0, 0, 0, 0, 0, 0, 0, 0, 0]

id 86
F = [101, 102, 109, 24, 106, 98, 96, 114, 118, 86, 508, 108, 102, 115, 93, 146, 124, 162, 111, 114, 0, 112, 103, 27, 93, 29, 111, 415, 0, 32]
F2 = [0, 0, 0, 0, 0, 0, 0, 0, 0, 0, 0, 0, 0, 0, 0, 0, 0, 0, 0, 0, 0, 0, 0, 0, 0, 0, 0, 0, 0, 0]
T = [87200, 52700, 56800, 13600, 57600, 49300, 54500, 56000, 59500, 43100, 229900, 54500, 51900, 56000, 47800, 71000, 62900, 78900, 59500, 56900, 86168100, 54800, 53200, 19500, 46600, 16700, 56500, 194900, 83294900, 16200]
T2 = [0, 0, 0, 0, 0, 0, 0, 0, 0, 0, 0, 0, 0, 0, 0, 0, 0, 0, 0, 0, 0, 0, 0, 0, 0, 0, 0, 0, 0, 0]

id 87
F = [105, 305, 107, 94, 114, 135, 103, 118, 114, 136, 118, 113, 108, 88, 120, 83, 0, 507, 92, 105, 24, 290, 110, 105, 112, 104, 292, 82, 290, 165]
F2 = [0, 0, 0, 0, 0, 0, 0, 0, 0, 0, 0, 0, 0, 0, 0, 0, 0, 0, 0, 0, 0, 0, 0, 0, 0, 0, 0, 0, 0, 0]
T = [52000, 145200, 53500, 47400, 55200, 68900, 52100, 64900, 56400, 72500, 59400, 56600, 54700, 64200, 59200, 43900, 83220100, 230800, 53100, 53300, 14500, 138300, 54600, 67700, 55800, 50400, 139100, 41100, 150900, 87900]
T2 = [0, 0, 0, 0, 0, 0, 0, 0, 0, 0, 0, 0, 0, 0, 0, 0, 0, 0, 0, 0, 0, 0, 0, 0, 0, 0, 0, 0, 0, 0]

id 88
F = [33, 99, 0, 92, 26, 140, 101, 89, 98, 93, 83, 147, 22, 121, 0, 99, 112, 163, 153, 134, 111, 488, 118, 139, 99, 103, 110, 109, 115, 534]
F2 = [0, 0, 0, 0, 0, 0, 0, 0, 0, 0, 0, 0, 0, 0, 0, 0, 0, 0, 0, 0, 0, 0, 0, 0, 0, 0, 0, 0, 0, 0]
T = [18000, 50000, 87662100, 44700, 15900, 68700, 51800, 45000, 48700, 48300, 41700, 78100, 11300, 60100, 83859900, 49200, 66800, 168700, 92500, 65200, 56600, 221300, 56600, 71800, 49100, 52200, 56000, 55400, 55400, 242000]
T2 = [0, 0, 0, 0, 0, 0, 0, 0, 0, 0, 0, 0, 0, 0, 0, 0, 0, 0, 0, 0, 0, 0, 0, 0, 0, 0, 0, 0, 0, 0]

id 89
F = [101, 108, 116, 139, 108, 518, 89, 105, 119, 24, 111, 103, 25, 267, 95, 97, 151, 101, 23, 104, 307, 123, 108, 85, 106, 99, 109, 118, 112, 108]
F2 = [0, 0, 0, 0, 0, 0, 0, 0, 0, 0, 0, 0, 0, 0, 0, 0, 0, 0, 0, 0, 0, 0, 0, 0, 0, 0, 0, 0, 0, 0]
T = [50800, 54900, 57800, 68800, 52700, 232900, 52600, 56600, 59900, 19500, 56400, 53300, 13200, 129000, 46700, 51200, 77400, 54900, 15600, 52700, 151700, 60900, 55100, 42300, 54700, 49300, 54600, 57700, 59400, 54100]
T2 = [0, 0, 0, 0, 0, 0, 0, 0, 0, 0, 0, 0, 0, 0, 0, 0, 0, 0, 0, 0, 0, 0, 0, 0, 0, 0, 0, 0, 0, 0]

id 90
F = [98, 299, 23, 90, 105, 121, 25, 99, 106, 109, 91, 106, 108, 122, 103, 296, 85, 116, 104, 120, 113, 483, 105, 104, 106, 103, 80, 96, 137, 478]
F2 = [0, 0, 0, 0, 0, 0, 0, 0, 0, 0, 0, 0, 0, 0, 0, 0, 0, 0, 0, 0, 0, 0, 0, 0, 0, 0, 0, 0, 0, 0]
T = [48900, 141100, 14400, 51400, 53900, 83100, 13000, 52000, 95600, 53800, 49800, 52400, 55400, 66700, 56000, 141400, 43100, 66200, 51700, 59800, 55000, 358900, 55300, 53200, 55800, 52200, 47800, 50900, 67200, 270400]
T2 = [0, 0, 0, 0, 0, 0, 0, 0, 0, 0, 0, 0, 0, 0, 0, 0, 0, 0, 0, 0, 0, 0, 0, 0, 0, 0, 0, 0, 0, 0]

id 91
F = [112, 86, 96, 24, 89, 153, 112, 22, 104, 78, 159, 109, 115, 114, 103, 103, 114, 27, 87, 27, 139, 0, 409, 92, 144, 146, 90, 112, 111, 499]
F2 = [0, 0, 0, 0, 0, 0, 0, 0, 0, 0, 0, 0, 0, 0, 0, 0, 0, 0, 0, 0, 0, 0, 0, 0, 0, 0, 0, 0, 0, 0]
T = [57900, 57900, 48400, 14900, 44800, 112000, 54900, 12200, 52000, 46400, 78300, 57100, 62900, 165700, 51700, 50200, 66600, 15500, 45600, 17200, 71800, 85113300, 195700, 45500, 73000, 78000, 63900, 55700, 58400, 225800]
T2 = [0, 0, 0, 0, 0, 0, 0, 0, 0, 0, 0, 0, 0, 0, 0, 0, 0, 0, 0, 0, 0, 0, 0, 0, 0, 0, 0, 0, 0, 0]

id 92
F = [318, 97, 101, 86, 105, 115, 30, 115, 97, 0, 27, 106, 329, 113, 84, 79, 107, 523, 106, 106, 106, 114, 108, 106, 292, 105, 113, 116, 89, 29]
F2 = [0, 0, 0, 0, 0, 0, 0, 0, 0, 0, 0, 0, 0, 0, 0, 0, 0, 0, 0, 0, 0, 0, 0, 0, 0, 0, 0, 0, 0, 0]
T = [149000, 50900, 49400, 43200, 52400, 59100, 15800, 57100, 49000, 87011700, 15900, 58300, 167500, 55500, 45000, 40100, 53100, 241400, 53300, 52800, 60000, 75100, 52500, 56500, 135800, 53600, 55400, 61600, 43900, 15900]
T2 = [0, 0, 0, 0, 0, 0, 0, 0, 0, 0, 0, 0, 0, 0, 0, 0, 0, 0, 0, 0, 0, 0, 0, 0, 0, 0, 0, 0, 0, 0]

id 93
F = [297, 29, 0, 275, 152, 128, 26, 85, 92, 93, 87, 75, 98, 110, 25, 79, 155, 23, 118, 109, 95, 30, 141, 118, 97, 27, 115, 101, 104, 467]
F2 = [0, 0, 0, 0, 0, 0, 0, 0, 0, 0, 0, 0, 0, 0, 0, 0, 0, 0, 0, 0, 0, 0, 0, 0, 0, 0, 0, 0, 0, 0]
T = [155400, 15300, 84639800, 130600, 85000, 62400, 14700, 42200, 47000, 47300, 43800, 43500, 53100, 56300, 14000, 39900, 76100, 12700, 58200, 92900, 46600, 19000, 69700, 60500, 49800, 15200, 58500, 54700, 60100, 219000]
T2 = [0, 0, 0, 0, 0, 0, 0, 0, 0, 0, 0, 0, 0, 0, 0, 0, 0, 0, 0, 0, 0, 0, 0, 0, 0, 0, 0, 0, 0, 0]

id 94
F = [99, 112, 107, 106, 126, 136, 93, 106, 105, 77, 493, 103, 28, 28, 105, 105, 103, 282, 123, 105, 90, 109, 104, 490, 107, 109, 24, 40, 80, 71]
F2 = [0, 0, 0, 0, 0, 0, 0, 0, 0, 0, 0, 0, 0, 0, 0, 0, 0, 0, 0, 0, 0, 0, 0, 0, 0, 0, 0, 0, 0, 0]
T = [51800, 58200, 56500, 52800, 60700, 69200, 47100, 52700, 52900, 39000, 251300, 50700, 16900, 14400, 57600, 51700, 56700, 133500, 61700, 53400, 48300, 53500, 53800, 448900, 53200, 57000, 14100, 22400, 40300, 40800]
T2 = [0, 0, 0, 0, 0, 0, 0, 0, 0, 0, 0, 0, 0, 0, 0, 0, 0, 0, 0, 0, 0, 0, 0, 0, 0, 0, 0, 0, 0, 0]

id 95
F = [134, 0, 88, 78, 120, 255, 96, 148, 97, 121, 103, 23, 110, 146, 86, 90, 113, 144, 269, 149, 103, 111, 114, 106, 82, 99, 132, 94, 95, 95]
F2 = [0, 0, 0, 0, 0, 0, 0, 0, 0, 0, 0, 0, 0, 0, 0, 0, 0, 0, 0, 0, 0, 0, 0, 0, 0, 0, 0, 0, 0, 0]
T = [67700, 88369200, 47200, 48900, 58900, 140400, 50000, 83900, 52600, 61400, 51700, 38500, 55000, 77000, 42400, 57500, 69300, 59500, 426500, 61500, 64300, 66900, 69900, 67700, 53500, 41100, 82700, 59700, 58700, 47300]
T2 = [0, 0, 0, 0, 0, 0, 0, 0, 0, 0, 0, 0, 0, 0, 0, 0, 0, 0, 0, 0, 0, 0, 0, 0, 0, 0, 0, 0, 0, 0]

id 96
F = [100, 101, 284, 105, 493, 519, 75, 90, 28, 90, 110, 115, 100, 91, 104, 88, 459, 86, 104, 115, 0, 117, 113, 120, 95, 29, 105, 112, 26, 27]
F2 = [0, 0, 0, 0, 0, 0, 0, 0, 0, 0, 0, 0, 0, 0, 0, 0, 0, 0, 0, 0, 0, 0, 0, 0, 0, 0, 0, 0, 0, 0]
T = [64200, 44100, 176000, 63100, 275800, 287200, 39300, 44800, 14600, 44800, 55600, 56100, 84000, 45900, 55600, 43900, 235000, 45700, 83800, 56800, 85317900, 58000, 56700, 60200, 52800, 15300, 53600, 56200, 14600, 14900]
T2 = [0, 0, 0, 0, 0, 0, 0, 0, 0, 0, 0, 0, 0, 0, 0, 0, 0, 0, 0, 0, 0, 0, 0, 0, 0, 0, 0, 0, 0, 0]

id 97
F = [498, 308, 104, 0, 104, 0, 103, 114, 28, 99, 90, 108, 164, 81, 103, 119, 102, 111, 112, 89, 111, 101, 132, 108, 159, 524, 105, 99, 112, 104]
F2 = [0, 0, 0, 0, 0, 0, 0, 0, 0, 0, 0, 0, 0, 0, 0, 0, 0, 0, 0, 0, 0, 0, 0, 0, 0, 0, 0, 0, 0, 0]
T = [224800, 150700, 50700, 84250100, 57700, 84948300, 50700, 55900, 15600, 67600, 46200, 55300, 80300, 63300, 50900, 89900, 50000, 55700, 55300, 49000, 55900, 54000, 64000, 64100, 84600, 293100, 51300, 49700, 54900, 52000]
T2 = [0, 0, 0, 0, 0, 0, 0, 0, 0, 0, 0, 0, 0, 0, 0, 0, 0, 0, 0, 0, 0, 0, 0, 0, 0, 0, 0, 0, 0, 0]

id 98
F = [104, 102, 84, 0, 124, 106, 106, 88, 111, 116, 0, 121, 116, 88, 21, 100, 144, 111, 88, 97, 99, 106, 115, 94, 90, 130, 86, 101, 0, 110]
F2 = [0, 0, 0, 0, 0, 0, 0, 0, 0, 0, 0, 0, 0, 0, 0, 0, 0, 0, 0, 0, 0, 0, 0, 0, 0, 0, 0, 0, 0, 0]
T = [52000, 53000, 43100, 85881200, 66400, 52700, 51600, 42900, 55500, 57900, 82009500, 71100, 56400, 43500, 15000, 52100, 72700, 57800, 55800, 55100, 49500, 168000, 57200, 83000, 45000, 66400, 45800, 52000, 86504100, 54100]
T2 = [0, 0, 0, 0, 0, 0, 0, 0, 0, 0, 0, 0, 0, 0, 0, 0, 0, 0, 0, 0, 0, 0, 0, 0, 0, 0, 0, 0, 0, 0]

id 99
F = [87, 30, 110, 124, 102, 83, 115, 21, 29, 98, 79, 124, 144, 88, 25, 514, 105, 106, 22, 160, 116, 95, 0, 110, 27, 97, 75, 20, 90, 91]
F2 = [0, 0, 0, 0, 0, 0, 0, 0, 0, 0, 0, 0, 0, 0, 0, 0, 0, 0, 0, 0, 0, 0, 0, 0, 0, 0, 0, 0, 0, 0]
T = [44800, 15500, 55200, 59800, 51500, 44900, 66600, 11500, 16500, 48900, 40300, 61300, 71800, 43500, 15000, 235300, 53600, 53000, 13700, 76300, 76300, 46900, 85806600, 53900, 14900, 51200, 40200, 13800, 44100, 46700]
T2 = [0, 0, 0, 0, 0, 0, 0, 0, 0, 0, 0, 0, 0, 0, 0, 0, 0, 0, 0, 0, 0, 0, 0, 0, 0, 0, 0, 0, 0, 0]

