id 0
F = [22, 537, 94, 102, 26, 286, 759, 80, 111, 112, 100, 511, 111, 21, 129, 27, 104, 88, 97, 304, 92, 90, 93, 94, 113, 104, 113, 76, 126, 87]
F2 = [0, 0, 0, 0, 0, 0, 0, 0, 0, 0, 0, 0, 0, 0, 0, 0, 0, 0, 0, 0, 0, 0, 0, 0, 0, 0, 0, 0, 0, 0]
T = [302200, 581200, 111200, 106800, 21600, 237300, 441600, 28700, 38200, 38800, 35700, 172200, 38000, 8900, 43700, 10300, 41900, 30300, 34000, 105400, 31900, 31600, 33800, 33900, 38600, 36500, 47200, 31600, 43900, 46500]
T2 = [0, 0, 0, 0, 0, 0, 0, 0, 0, 0, 0, 0, 0, 0, 0, 0, 0, 0, 0, 0, 0, 0, 0, 0, 0, 0, 0, 0, 0, 0]

id 1
F = [88, 1170, 151, 104, 77, 1361, 111, 104, 26, 259, 101, 503, 90, 128, 108, 106, 134, 96, 91, 118, 105, 470, 106, 121, 111, 117, 300, 116, 291, 121]
F2 = [0, 0, 0, 0, 0, 0, 0, 0, 0, 0, 0, 0, 0, 0, 0, 0, 0, 0, 0, 0, 0, 0, 0, 0, 0, 0, 0, 0, 0, 0]
T = [43600, 397000, 53000, 34400, 30700, 462600, 38800, 35900, 10100, 87600, 35100, 169000, 30600, 43600, 37800, 37300, 45800, 32300, 33000, 40900, 37900, 164900, 53800, 41000, 45200, 40400, 102800, 41500, 96800, 44700]
T2 = [0, 0, 0, 0, 0, 0, 0, 0, 0, 0, 0, 0, 0, 0, 0, 0, 0, 0, 0, 0, 0, 0, 0, 0, 0, 0, 0, 0, 0, 0]

id 2
F = [108, 77, 87, 110, 291, 277, 115, 85, 104, 26, 92, 84, 86, 106, 111, 89, 112, 97, 28, 116, 83, 294, 111, 107, 113, 110, 106, 97, 140, 112]
F2 = [0, 0, 0, 0, 0, 0, 0, 0, 0, 0, 0, 0, 0, 0, 0, 0, 0, 0, 0, 0, 0, 0, 0, 0, 0, 0, 0, 0, 0, 0]
T = [38000, 26500, 30300, 37900, 103300, 97100, 39800, 30400, 36500, 10500, 31200, 29400, 29700, 41800, 38000, 30500, 38400, 37600, 10200, 47300, 35700, 99600, 38400, 37700, 39600, 38200, 36500, 32800, 48000, 37800]
T2 = [0, 0, 0, 0, 0, 0, 0, 0, 0, 0, 0, 0, 0, 0, 0, 0, 0, 0, 0, 0, 0, 0, 0, 0, 0, 0, 0, 0, 0, 0]

id 3
F = [490, 110, 108, 105, 98, 494, 102, 480, 100, 119, 1344, 113, 869, 116, 491, 89, 82, 112, 81, 136, 304, 117, 122, 26, 87, 79, 26, 25, 94, 115]
F2 = [0, 0, 0, 0, 0, 0, 0, 0, 0, 0, 0, 0, 0, 0, 0, 0, 0, 0, 0, 0, 0, 0, 0, 0, 0, 0, 0, 0, 0, 0]
T = [165600, 39200, 39000, 36200, 38300, 163100, 35100, 163600, 34600, 40700, 453000, 40900, 292800, 40500, 164000, 40600, 32000, 38800, 31000, 52100, 102100, 40400, 54600, 10800, 41900, 29700, 13100, 9800, 36500, 40500]
T2 = [0, 0, 0, 0, 0, 0, 0, 0, 0, 0, 0, 0, 0, 0, 0, 0, 0, 0, 0, 0, 0, 0, 0, 0, 0, 0, 0, 0, 0, 0]

id 4
F = [113, 79, 90, 289, 92, 114, 115, 109, 119, 71, 147, 86, 145, 110, 97, 106, 111, 143, 401, 94, 96, 24, 108, 104, 26, 98, 117, 115, 1341, 101]
F2 = [0, 0, 0, 0, 0, 0, 0, 0, 0, 0, 0, 0, 0, 0, 0, 0, 0, 0, 0, 0, 0, 0, 0, 0, 0, 0, 0, 0, 0, 0]
T = [48400, 27600, 30800, 98600, 31500, 41700, 39500, 40100, 39900, 24900, 53200, 36100, 48500, 39100, 33200, 38000, 39200, 52000, 135100, 35200, 36000, 8800, 37300, 36100, 10300, 37900, 40700, 43100, 467800, 35000]
T2 = [0, 0, 0, 0, 0, 0, 0, 0, 0, 0, 0, 0, 0, 0, 0, 0, 0, 0, 0, 0, 0, 0, 0, 0, 0, 0, 0, 0, 0, 0]

id 5
F = [97, 35, 23, 138, 487, 104, 104, 109, 99, 111, 104, 94, 293, 156, 81, 31, 100, 90, 89, 117, 28, 29, 110, 27, 116, 22, 100, 819, 141, 81]
F2 = [0, 0, 0, 0, 0, 0, 0, 0, 0, 0, 0, 0, 0, 0, 0, 0, 0, 0, 0, 0, 0, 0, 0, 0, 0, 0, 0, 0, 0, 0]
T = [33600, 13700, 8700, 51500, 180200, 41100, 36000, 38400, 34100, 40000, 42400, 33000, 123800, 59200, 39300, 12000, 39700, 32100, 31500, 40400, 15500, 11600, 37800, 10700, 40600, 8700, 35800, 288400, 50100, 28600]
T2 = [0, 0, 0, 0, 0, 0, 0, 0, 0, 0, 0, 0, 0, 0, 0, 0, 0, 0, 0, 0, 0, 0, 0, 0, 0, 0, 0, 0, 0, 0]

id 6
F = [119, 119, 106, 82, 313, 101, 98, 452, 115, 151, 150, 110, 120, 150, 302, 89, 103, 97, 93, 109, 111, 111, 103, 104, 106, 113, 109, 104, 110, 112]
F2 = [0, 0, 0, 0, 0, 0, 0, 0, 0, 0, 0, 0, 0, 0, 0, 0, 0, 0, 0, 0, 0, 0, 0, 0, 0, 0, 0, 0, 0, 0]
T = [42700, 42200, 36100, 28500, 104700, 35900, 32700, 152600, 38700, 52000, 50400, 38200, 41400, 54800, 101900, 32200, 35000, 35900, 32600, 38600, 39500, 38600, 35100, 36700, 36300, 39300, 37100, 35500, 39300, 38900]
T2 = [0, 0, 0, 0, 0, 0, 0, 0, 0, 0, 0, 0, 0, 0, 0, 0, 0, 0, 0, 0, 0, 0, 0, 0, 0, 0, 0, 0, 0, 0]

id 7
F = [23, 99, 294, 109, 82, 115, 153, 101, 105, 30, 97, 17, 86, 112, 117, 26, 114, 79, 114, 92, 24, 22, 309, 104, 109, 99, 83, 85, 100, 122]
F2 = [0, 0, 0, 0, 0, 0, 0, 0, 0, 0, 0, 0, 0, 0, 0, 0, 0, 0, 0, 0, 0, 0, 0, 0, 0, 0, 0, 0, 0, 0]
T = [9600, 34500, 100900, 44300, 30600, 42000, 51700, 35700, 37200, 14400, 36800, 7000, 31600, 46000, 45500, 12600, 38300, 26800, 39400, 31800, 10000, 8700, 103700, 39200, 38600, 37400, 28400, 29500, 33800, 43900]
T2 = [0, 0, 0, 0, 0, 0, 0, 0, 0, 0, 0, 0, 0, 0, 0, 0, 0, 0, 0, 0, 0, 0, 0, 0, 0, 0, 0, 0, 0, 0]

id 8
F = [120, 102, 108, 113, 119, 107, 108, 110, 109, 113, 29, 110, 98, 96, 84, 268, 118, 119, 24, 97, 109, 86, 112, 106, 462, 107, 108, 110, 93, 112]
F2 = [0, 0, 0, 0, 0, 0, 0, 0, 0, 0, 0, 0, 0, 0, 0, 0, 0, 0, 0, 0, 0, 0, 0, 0, 0, 0, 0, 0, 0, 0]
T = [50900, 34600, 38600, 38600, 41500, 36800, 38100, 38100, 37800, 39200, 10500, 37500, 36900, 32600, 29700, 90100, 39900, 49100, 10600, 34400, 37700, 29500, 38700, 36300, 155400, 38600, 48700, 38100, 32800, 38800]
T2 = [0, 0, 0, 0, 0, 0, 0, 0, 0, 0, 0, 0, 0, 0, 0, 0, 0, 0, 0, 0, 0, 0, 0, 0, 0, 0, 0, 0, 0, 0]

id 9
F = [92, 32, 112, 34, 92, 509, 118, 110, 523, 98, 95, 87, 98, 134, 94, 553, 1671, 76, 124, 108, 91, 80, 323, 32, 119, 27, 150, 104, 34, 31]
F2 = [0, 0, 0, 0, 0, 0, 0, 0, 0, 0, 0, 0, 0, 0, 0, 0, 0, 0, 0, 0, 0, 0, 0, 0, 0, 0, 0, 0, 0, 0]
T = [32300, 20200, 40800, 12800, 31000, 171500, 40500, 37800, 176900, 33600, 34400, 30700, 34000, 47700, 33100, 196300, 585900, 27800, 41100, 37400, 36500, 27300, 109100, 12800, 41100, 10700, 52900, 35900, 14800, 12300]
T2 = [0, 0, 0, 0, 0, 0, 0, 0, 0, 0, 0, 0, 0, 0, 0, 0, 0, 0, 0, 0, 0, 0, 0, 0, 0, 0, 0, 0, 0, 0]

id 10
F = [95, 508, 110, 92, 104, 21, 808, 885, 107, 104, 324, 106, 1234, 501, 78, 128, 1195, 413, 88, 110, 87, 103, 90, 91, 88, 117, 484, 94, 77, 78]
F2 = [0, 0, 0, 0, 0, 0, 0, 0, 0, 0, 0, 0, 0, 0, 0, 0, 0, 0, 0, 0, 0, 0, 0, 0, 0, 0, 0, 0, 0, 0]
T = [33400, 170700, 46500, 31800, 36500, 8300, 271400, 310200, 39600, 38900, 107100, 57800, 451500, 167500, 27700, 43500, 408200, 140500, 32500, 37600, 29900, 35000, 56200, 31400, 31100, 56600, 196600, 32600, 27400, 27100]
T2 = [0, 0, 0, 0, 0, 0, 0, 0, 0, 0, 0, 0, 0, 0, 0, 0, 0, 0, 0, 0, 0, 0, 0, 0, 0, 0, 0, 0, 0, 0]

id 11
F = [151, 104, 106, 109, 101, 89, 28, 116, 264, 648, 108, 116, 121, 103, 108, 282, 28, 101, 100, 115, 104, 291, 314, 111, 92, 88, 110, 85, 99, 113]
F2 = [0, 0, 0, 0, 0, 0, 0, 0, 0, 0, 0, 0, 0, 0, 0, 0, 0, 0, 0, 0, 0, 0, 0, 0, 0, 0, 0, 0, 0, 0]
T = [50400, 35600, 40200, 37900, 35600, 38000, 11500, 153800, 88700, 217900, 37100, 44100, 42700, 35500, 41600, 95400, 12500, 34500, 36900, 40300, 35700, 107600, 105200, 38300, 31700, 30300, 37300, 29100, 34800, 38900]
T2 = [0, 0, 0, 0, 0, 0, 0, 0, 0, 0, 0, 0, 0, 0, 0, 0, 0, 0, 0, 0, 0, 0, 0, 0, 0, 0, 0, 0, 0, 0]

id 12
F = [23, 128, 27, 107, 76, 1181, 93, 98, 106, 119, 106, 79, 95, 108, 31, 1368, 98, 847, 104, 105, 86, 35, 96, 859, 86, 507, 22, 106, 104, 90]
F2 = [0, 0, 0, 0, 0, 0, 0, 0, 0, 0, 0, 0, 0, 0, 0, 0, 0, 0, 0, 0, 0, 0, 0, 0, 0, 0, 0, 0, 0, 0]
T = [8900, 43400, 14200, 48000, 26600, 430200, 35500, 33300, 44300, 107400, 37700, 73500, 33700, 37500, 11300, 458000, 34000, 297800, 37400, 37300, 30600, 12800, 32500, 603200, 29200, 185200, 9400, 38400, 47000, 31400]
T2 = [0, 0, 0, 0, 0, 0, 0, 0, 0, 0, 0, 0, 0, 0, 0, 0, 0, 0, 0, 0, 0, 0, 0, 0, 0, 0, 0, 0, 0, 0]

id 13
F = [315, 25, 88, 683, 107, 105, 27, 98, 116, 120, 104, 277, 78, 110, 100, 24, 100, 24, 21, 106, 124, 99, 103, 112, 95, 470, 105, 92, 30, 89]
F2 = [0, 0, 0, 0, 0, 0, 0, 0, 0, 0, 0, 0, 0, 0, 0, 0, 0, 0, 0, 0, 0, 0, 0, 0, 0, 0, 0, 0, 0, 0]
T = [106300, 10400, 31600, 227700, 37200, 37600, 10200, 32600, 39800, 40400, 35100, 93500, 28000, 38100, 35000, 9300, 34500, 9100, 7800, 36700, 44700, 35800, 36800, 52400, 34400, 169700, 36700, 34500, 12300, 32500]
T2 = [0, 0, 0, 0, 0, 0, 0, 0, 0, 0, 0, 0, 0, 0, 0, 0, 0, 0, 0, 0, 0, 0, 0, 0, 0, 0, 0, 0, 0, 0]

id 14
F = [26, 22, 110, 103, 110, 109, 486, 84, 305, 33, 841, 527, 95, 99, 97, 110, 101, 101, 122, 513, 80, 285, 299, 99, 869, 120, 285, 84, 94, 82]
F2 = [0, 0, 0, 0, 0, 0, 0, 0, 0, 0, 0, 0, 0, 0, 0, 0, 0, 0, 0, 0, 0, 0, 0, 0, 0, 0, 0, 0, 0, 0]
T = [9400, 8800, 38200, 35700, 38600, 38000, 163400, 28500, 102000, 12100, 336900, 306700, 33600, 34000, 59600, 37000, 52600, 40600, 51300, 171800, 38800, 118900, 105000, 36900, 300600, 41800, 95800, 29700, 44300, 29000]
T2 = [0, 0, 0, 0, 0, 0, 0, 0, 0, 0, 0, 0, 0, 0, 0, 0, 0, 0, 0, 0, 0, 0, 0, 0, 0, 0, 0, 0, 0, 0]

id 15
F = [831, 92, 116, 112, 122, 121, 111, 111, 688, 296, 28, 107, 99, 82, 86, 690, 107, 103, 113, 22, 309, 113, 117, 109, 141, 97, 108, 119, 101, 36]
F2 = [0, 0, 0, 0, 0, 0, 0, 0, 0, 0, 0, 0, 0, 0, 0, 0, 0, 0, 0, 0, 0, 0, 0, 0, 0, 0, 0, 0, 0, 0]
T = [392900, 31700, 47600, 43200, 49900, 41600, 38000, 37900, 248000, 129200, 9900, 38800, 35600, 28600, 32500, 233000, 46400, 36500, 40100, 9900, 107200, 39800, 41900, 36900, 69600, 33800, 37300, 40200, 39600, 12700]
T2 = [0, 0, 0, 0, 0, 0, 0, 0, 0, 0, 0, 0, 0, 0, 0, 0, 0, 0, 0, 0, 0, 0, 0, 0, 0, 0, 0, 0, 0, 0]

id 16
F = [119, 107, 125, 85, 80, 117, 107, 152, 101, 86, 28, 28, 113, 106, 97, 104, 85, 122, 86, 106, 91, 29, 79, 109, 107, 127, 105, 91, 119, 104]
F2 = [0, 0, 0, 0, 0, 0, 0, 0, 0, 0, 0, 0, 0, 0, 0, 0, 0, 0, 0, 0, 0, 0, 0, 0, 0, 0, 0, 0, 0, 0]
T = [50000, 35800, 43200, 31500, 32800, 43400, 48100, 50500, 35000, 43000, 10400, 11200, 39800, 35700, 33400, 35400, 30500, 41600, 33700, 62800, 31800, 11200, 27900, 44400, 36600, 44000, 36200, 31800, 41400, 46300]
T2 = [0, 0, 0, 0, 0, 0, 0, 0, 0, 0, 0, 0, 0, 0, 0, 0, 0, 0, 0, 0, 0, 0, 0, 0, 0, 0, 0, 0, 0, 0]

id 17
F = [117, 111, 123, 292, 24, 107, 293, 99, 85, 122, 72, 137, 117, 111, 93, 98, 154, 99, 104, 87, 484, 84, 131, 104, 83, 280, 136, 144, 116, 34]
F2 = [0, 0, 0, 0, 0, 0, 0, 0, 0, 0, 0, 0, 0, 0, 0, 0, 0, 0, 0, 0, 0, 0, 0, 0, 0, 0, 0, 0, 0, 0]
T = [45100, 36200, 41900, 104000, 10700, 36100, 100700, 54800, 29700, 42000, 25400, 46700, 41000, 37300, 32300, 34300, 57300, 33700, 37800, 30400, 167900, 36800, 44200, 43600, 28300, 94900, 45400, 64300, 41300, 12700]
T2 = [0, 0, 0, 0, 0, 0, 0, 0, 0, 0, 0, 0, 0, 0, 0, 0, 0, 0, 0, 0, 0, 0, 0, 0, 0, 0, 0, 0, 0, 0]

id 18
F = [92, 107, 104, 98, 109, 26, 74, 1162, 98, 105, 99, 98, 98, 297, 97, 88, 101, 87, 111, 114, 116, 102, 125, 116, 82, 308, 87, 102, 83, 105]
F2 = [0, 0, 0, 0, 0, 0, 0, 0, 0, 0, 0, 0, 0, 0, 0, 0, 0, 0, 0, 0, 0, 0, 0, 0, 0, 0, 0, 0, 0, 0]
T = [47600, 55900, 45600, 33200, 41900, 15200, 25500, 386300, 33800, 36300, 34800, 45500, 62000, 100100, 35200, 37400, 34800, 34600, 39000, 55600, 39700, 34200, 43800, 39300, 29800, 126200, 29700, 35700, 29000, 42200]
T2 = [0, 0, 0, 0, 0, 0, 0, 0, 0, 0, 0, 0, 0, 0, 0, 0, 0, 0, 0, 0, 0, 0, 0, 0, 0, 0, 0, 0, 0, 0]

id 19
F = [89, 103, 835, 136, 90, 103, 104, 114, 99, 75, 105, 93, 104, 78, 1195, 98, 96, 408, 28, 26, 93, 278, 84, 878, 114, 25, 28, 107, 109, 111]
F2 = [0, 0, 0, 0, 0, 0, 0, 0, 0, 0, 0, 0, 0, 0, 0, 0, 0, 0, 0, 0, 0, 0, 0, 0, 0, 0, 0, 0, 0, 0]
T = [30600, 35800, 287900, 72900, 30700, 49500, 36700, 46100, 35900, 27500, 42500, 34300, 39600, 30800, 398400, 33400, 44700, 137500, 10200, 10600, 32000, 93600, 31900, 297400, 100900, 9800, 11100, 37000, 38800, 42900]
T2 = [0, 0, 0, 0, 0, 0, 0, 0, 0, 0, 0, 0, 0, 0, 0, 0, 0, 0, 0, 0, 0, 0, 0, 0, 0, 0, 0, 0, 0, 0]

id 20
F = [101, 548, 116, 110, 83, 25, 106, 106, 24, 29, 106, 33, 96, 105, 106, 27, 115, 90, 118, 115, 126, 111, 111, 102, 133, 97, 88, 84, 113, 120]
F2 = [0, 0, 0, 0, 0, 0, 0, 0, 0, 0, 0, 0, 0, 0, 0, 0, 0, 0, 0, 0, 0, 0, 0, 0, 0, 0, 0, 0, 0, 0]
T = [35200, 202800, 39600, 42500, 29600, 9200, 37800, 36800, 9400, 11300, 36500, 15000, 33700, 36700, 36700, 9900, 42400, 34400, 40200, 42100, 44500, 38200, 40000, 43500, 45300, 37300, 30200, 29100, 40000, 47500]
T2 = [0, 0, 0, 0, 0, 0, 0, 0, 0, 0, 0, 0, 0, 0, 0, 0, 0, 0, 0, 0, 0, 0, 0, 0, 0, 0, 0, 0, 0, 0]

id 21
F = [115, 31, 113, 484, 135, 114, 101, 116, 107, 109, 87, 25, 27, 23, 102, 530, 88, 106, 29, 108, 310, 89, 112, 114, 26, 110, 305, 160, 114, 288]
F2 = [0, 0, 0, 0, 0, 0, 0, 0, 0, 0, 0, 0, 0, 0, 0, 0, 0, 0, 0, 0, 0, 0, 0, 0, 0, 0, 0, 0, 0, 0]
T = [40500, 11400, 38800, 161000, 49800, 39100, 36400, 49700, 43800, 38000, 30700, 10200, 11900, 11500, 34200, 185300, 30600, 36200, 10700, 37700, 127700, 30200, 59400, 46900, 10500, 37600, 108600, 55700, 39100, 97600]
T2 = [0, 0, 0, 0, 0, 0, 0, 0, 0, 0, 0, 0, 0, 0, 0, 0, 0, 0, 0, 0, 0, 0, 0, 0, 0, 0, 0, 0, 0, 0]

id 22
F = [139, 33, 113, 100, 113, 111, 98, 480, 99, 111, 87, 113, 28, 297, 138, 93, 87, 102, 107, 100, 100, 105, 86, 106, 26, 78, 106, 100, 108, 30]
F2 = [0, 0, 0, 0, 0, 0, 0, 0, 0, 0, 0, 0, 0, 0, 0, 0, 0, 0, 0, 0, 0, 0, 0, 0, 0, 0, 0, 0, 0, 0]
T = [48300, 11800, 41200, 35200, 39800, 43900, 33700, 183300, 33800, 38000, 47400, 38200, 9800, 165100, 50000, 30900, 33500, 34400, 36500, 34400, 46600, 36400, 29300, 37400, 10700, 29200, 36300, 34800, 37900, 11600]
T2 = [0, 0, 0, 0, 0, 0, 0, 0, 0, 0, 0, 0, 0, 0, 0, 0, 0, 0, 0, 0, 0, 0, 0, 0, 0, 0, 0, 0, 0, 0]

id 23
F = [107, 115, 110, 118, 117, 117, 105, 101, 30, 117, 99, 96, 80, 654, 297, 26, 69, 104, 107, 92, 86, 35, 531, 101, 109, 121, 502, 105, 84, 112]
F2 = [0, 0, 0, 0, 0, 0, 0, 0, 0, 0, 0, 0, 0, 0, 0, 0, 0, 0, 0, 0, 0, 0, 0, 0, 0, 0, 0, 0, 0, 0]
T = [37600, 39700, 37800, 40700, 43600, 50600, 36800, 60200, 13900, 41600, 54100, 34700, 28400, 229500, 98900, 14900, 26700, 36000, 40600, 169600, 37200, 15700, 232400, 42800, 43000, 54800, 226200, 100500, 34900, 75600]
T2 = [0, 0, 0, 0, 0, 0, 0, 0, 0, 0, 0, 0, 0, 0, 0, 0, 0, 0, 0, 0, 0, 0, 0, 0, 0, 0, 0, 0, 0, 0]

id 24
F = [86, 137, 111, 116, 85, 921, 112, 268, 88, 95, 21, 116, 110, 21, 92, 113, 111, 101, 92, 29, 24, 94, 28, 519, 508, 109, 112, 108, 141, 303]
F2 = [0, 0, 0, 0, 0, 0, 0, 0, 0, 0, 0, 0, 0, 0, 0, 0, 0, 0, 0, 0, 0, 0, 0, 0, 0, 0, 0, 0, 0, 0]
T = [30700, 77400, 65300, 39800, 30500, 308800, 42400, 89500, 31600, 36600, 8600, 40200, 41400, 8100, 33500, 39400, 37100, 37100, 30800, 11000, 9100, 32900, 10700, 179300, 176600, 41800, 37900, 38900, 49000, 102900]
T2 = [0, 0, 0, 0, 0, 0, 0, 0, 0, 0, 0, 0, 0, 0, 0, 0, 0, 0, 0, 0, 0, 0, 0, 0, 0, 0, 0, 0, 0, 0]

id 25
F = [111, 136, 114, 120, 100, 99, 96, 114, 104, 110, 101, 93, 19, 107, 115, 98, 101, 478, 26, 24, 104, 152, 103, 112, 106, 27, 125, 307, 88, 115]
F2 = [0, 0, 0, 0, 0, 0, 0, 0, 0, 0, 0, 0, 0, 0, 0, 0, 0, 0, 0, 0, 0, 0, 0, 0, 0, 0, 0, 0, 0, 0]
T = [38800, 47100, 45200, 47700, 44300, 99000, 32800, 40700, 39000, 42000, 35300, 32100, 7900, 39100, 40500, 34400, 35200, 262400, 9700, 9100, 35000, 52600, 35300, 39200, 37700, 9800, 56900, 102800, 31800, 39000]
T2 = [0, 0, 0, 0, 0, 0, 0, 0, 0, 0, 0, 0, 0, 0, 0, 0, 0, 0, 0, 0, 0, 0, 0, 0, 0, 0, 0, 0, 0, 0]

id 26
F = [155, 82, 119, 90, 26, 109, 144, 87, 111, 112, 78, 119, 95, 29, 89, 117, 100, 102, 80, 32, 96, 101, 27, 26, 110, 103, 114, 95, 118, 97]
F2 = [0, 0, 0, 0, 0, 0, 0, 0, 0, 0, 0, 0, 0, 0, 0, 0, 0, 0, 0, 0, 0, 0, 0, 0, 0, 0, 0, 0, 0, 0]
T = [51600, 45100, 41400, 31600, 15600, 37700, 52900, 30700, 38900, 38400, 28100, 41300, 34700, 10800, 38900, 40100, 42100, 59300, 35300, 12200, 32500, 34800, 11800, 10800, 65000, 40200, 69700, 32400, 42500, 37800]
T2 = [0, 0, 0, 0, 0, 0, 0, 0, 0, 0, 0, 0, 0, 0, 0, 0, 0, 0, 0, 0, 0, 0, 0, 0, 0, 0, 0, 0, 0, 0]

id 27
F = [93, 325, 148, 109, 284, 728, 287, 113, 95, 115, 77, 117, 108, 116, 119, 99, 132, 858, 103, 113, 110, 26, 115, 115, 90, 115, 103, 90, 96, 108]
F2 = [0, 0, 0, 0, 0, 0, 0, 0, 0, 0, 0, 0, 0, 0, 0, 0, 0, 0, 0, 0, 0, 0, 0, 0, 0, 0, 0, 0, 0, 0]
T = [33200, 108600, 57200, 37000, 102600, 276700, 96600, 44400, 32200, 39000, 27200, 41900, 37300, 54900, 40500, 55800, 49200, 319800, 46600, 39300, 37800, 10700, 40400, 39400, 32000, 54400, 36400, 36100, 34800, 40500]
T2 = [0, 0, 0, 0, 0, 0, 0, 0, 0, 0, 0, 0, 0, 0, 0, 0, 0, 0, 0, 0, 0, 0, 0, 0, 0, 0, 0, 0, 0, 0]

id 28
F = [107, 31, 116, 100, 151, 19, 108, 119, 118, 94, 441, 97, 95, 296, 89, 108, 85, 261, 114, 110, 110, 106, 509, 29, 81, 97, 96, 125, 137, 110]
F2 = [0, 0, 0, 0, 0, 0, 0, 0, 0, 0, 0, 0, 0, 0, 0, 0, 0, 0, 0, 0, 0, 0, 0, 0, 0, 0, 0, 0, 0, 0]
T = [37100, 12200, 39900, 34600, 94300, 7700, 37800, 43800, 73600, 33100, 170200, 42500, 33400, 142000, 30700, 36600, 29300, 89500, 42800, 38000, 41700, 36500, 169100, 11000, 27600, 38700, 45800, 52500, 53300, 42600]
T2 = [0, 0, 0, 0, 0, 0, 0, 0, 0, 0, 0, 0, 0, 0, 0, 0, 0, 0, 0, 0, 0, 0, 0, 0, 0, 0, 0, 0, 0, 0]

id 29
F = [528, 291, 141, 88, 88, 106, 90, 102, 143, 31, 71, 161, 101, 30, 97, 120, 418, 116, 95, 23, 150, 33, 120, 107, 124, 33, 116, 111, 120, 23]
F2 = [0, 0, 0, 0, 0, 0, 0, 0, 0, 0, 0, 0, 0, 0, 0, 0, 0, 0, 0, 0, 0, 0, 0, 0, 0, 0, 0, 0, 0, 0]
T = [265600, 97900, 53000, 30400, 96500, 39900, 31000, 35300, 49200, 11500, 25600, 54200, 36800, 10900, 39000, 41100, 184300, 39600, 33400, 18000, 57800, 12200, 40400, 42700, 42900, 13600, 40200, 39100, 40100, 11400]
T2 = [0, 0, 0, 0, 0, 0, 0, 0, 0, 0, 0, 0, 0, 0, 0, 0, 0, 0, 0, 0, 0, 0, 0, 0, 0, 0, 0, 0, 0, 0]

id 30
F = [102, 123, 111, 155, 99, 115, 113, 117, 83, 90, 91, 107, 110, 95, 111, 113, 115, 128, 102, 139, 110, 116, 27, 103, 83, 94, 104, 110, 36, 306]
F2 = [0, 0, 0, 0, 0, 0, 0, 0, 0, 0, 0, 0, 0, 0, 0, 0, 0, 0, 0, 0, 0, 0, 0, 0, 0, 0, 0, 0, 0, 0]
T = [34600, 41800, 280400, 53500, 33900, 158500, 39200, 40000, 32700, 31700, 37400, 40500, 45100, 33100, 38200, 38300, 40500, 44700, 35800, 68200, 37700, 42900, 10800, 55800, 28900, 33000, 39300, 37800, 12800, 102700]
T2 = [0, 0, 0, 0, 0, 0, 0, 0, 0, 0, 0, 0, 0, 0, 0, 0, 0, 0, 0, 0, 0, 0, 0, 0, 0, 0, 0, 0, 0, 0]

id 31
F = [486, 98, 107, 124, 30, 120, 125, 134, 29, 81, 118, 105, 29, 107, 102, 109, 101, 90, 117, 475, 22, 96, 159, 101, 148, 104, 112, 115, 503, 493]
F2 = [0, 0, 0, 0, 0, 0, 0, 0, 0, 0, 0, 0, 0, 0, 0, 0, 0, 0, 0, 0, 0, 0, 0, 0, 0, 0, 0, 0, 0, 0]
T = [161000, 34200, 45700, 43600, 11200, 66200, 43000, 57200, 10300, 34100, 40300, 39100, 10900, 55100, 34700, 38500, 36300, 30700, 39800, 158000, 9500, 36700, 53500, 35200, 51200, 35500, 42200, 48700, 167900, 189900]
T2 = [0, 0, 0, 0, 0, 0, 0, 0, 0, 0, 0, 0, 0, 0, 0, 0, 0, 0, 0, 0, 0, 0, 0, 0, 0, 0, 0, 0, 0, 0]

id 32
F = [114, 107, 122, 33, 113, 106, 119, 116, 115, 415, 72, 104, 95, 103, 110, 29, 108, 87, 28, 115, 104, 92, 27, 95, 108, 114, 114, 85, 100, 125]
F2 = [0, 0, 0, 0, 0, 0, 0, 0, 0, 0, 0, 0, 0, 0, 0, 0, 0, 0, 0, 0, 0, 0, 0, 0, 0, 0, 0, 0, 0, 0]
T = [48800, 37300, 43100, 17300, 39000, 38200, 46300, 40000, 39500, 145300, 25200, 43600, 33100, 38600, 37500, 12000, 36800, 30400, 10500, 53900, 35300, 34000, 9600, 33700, 36800, 50900, 40900, 29800, 34800, 42900]
T2 = [0, 0, 0, 0, 0, 0, 0, 0, 0, 0, 0, 0, 0, 0, 0, 0, 0, 0, 0, 0, 0, 0, 0, 0, 0, 0, 0, 0, 0, 0]

id 33
F = [119, 105, 24, 98, 840, 105, 83, 496, 76, 118, 93, 291, 98, 289, 114, 103, 111, 101, 96, 101, 104, 113, 27, 655, 112, 99, 98, 89, 118, 118]
F2 = [0, 0, 0, 0, 0, 0, 0, 0, 0, 0, 0, 0, 0, 0, 0, 0, 0, 0, 0, 0, 0, 0, 0, 0, 0, 0, 0, 0, 0, 0]
T = [42800, 40300, 9800, 42400, 287300, 45200, 28300, 166200, 29700, 43900, 31700, 99000, 35800, 169400, 39800, 38900, 38600, 56400, 38500, 37900, 37100, 49900, 21300, 247700, 38600, 33300, 34000, 30400, 63400, 42900]
T2 = [0, 0, 0, 0, 0, 0, 0, 0, 0, 0, 0, 0, 0, 0, 0, 0, 0, 0, 0, 0, 0, 0, 0, 0, 0, 0, 0, 0, 0, 0]

id 34
F = [537, 81, 82, 917, 87, 99, 87, 110, 95, 83, 314, 34, 523, 99, 95, 117, 23, 115, 96, 110, 115, 87, 109, 89, 147, 118, 99, 142, 27, 80]
F2 = [0, 0, 0, 0, 0, 0, 0, 0, 0, 0, 0, 0, 0, 0, 0, 0, 0, 0, 0, 0, 0, 0, 0, 0, 0, 0, 0, 0, 0, 0]
T = [185400, 30000, 28800, 323200, 31000, 42300, 30200, 37700, 34800, 29500, 104300, 12600, 193400, 38000, 32700, 61600, 8800, 39800, 34400, 53200, 42300, 31800, 41000, 31200, 49700, 40300, 38800, 115500, 13700, 35700]
T2 = [0, 0, 0, 0, 0, 0, 0, 0, 0, 0, 0, 0, 0, 0, 0, 0, 0, 0, 0, 0, 0, 0, 0, 0, 0, 0, 0, 0, 0, 0]

id 35
F = [115, 109, 92, 104, 106, 113, 95, 26, 26, 75, 105, 119, 108, 104, 35, 307, 115, 106, 90, 142, 107, 34, 141, 144, 106, 83, 104, 284, 120, 116]
F2 = [0, 0, 0, 0, 0, 0, 0, 0, 0, 0, 0, 0, 0, 0, 0, 0, 0, 0, 0, 0, 0, 0, 0, 0, 0, 0, 0, 0, 0, 0]
T = [41300, 37500, 32100, 35400, 40300, 42600, 32400, 11400, 10100, 26300, 36500, 40800, 37500, 35300, 14700, 112000, 40300, 40300, 31700, 47600, 38500, 13500, 57400, 54700, 38700, 30300, 36900, 98600, 41200, 48800]
T2 = [0, 0, 0, 0, 0, 0, 0, 0, 0, 0, 0, 0, 0, 0, 0, 0, 0, 0, 0, 0, 0, 0, 0, 0, 0, 0, 0, 0, 0, 0]

id 36
F = [291, 95, 102, 21, 119, 98, 97, 109, 105, 97, 112, 26, 914, 125, 104, 101, 121, 89, 109, 27, 109, 514, 86, 97, 120, 113, 105, 28, 101, 149]
F2 = [0, 0, 0, 0, 0, 0, 0, 0, 0, 0, 0, 0, 0, 0, 0, 0, 0, 0, 0, 0, 0, 0, 0, 0, 0, 0, 0, 0, 0, 0]
T = [114800, 34600, 35000, 8300, 41100, 33800, 32700, 37200, 36600, 33100, 43500, 9500, 309200, 46500, 37000, 54300, 43200, 32700, 36800, 11300, 69500, 186900, 73900, 41200, 56800, 46500, 35900, 10900, 38900, 50700]
T2 = [0, 0, 0, 0, 0, 0, 0, 0, 0, 0, 0, 0, 0, 0, 0, 0, 0, 0, 0, 0, 0, 0, 0, 0, 0, 0, 0, 0, 0, 0]

id 37
F = [31, 505, 26, 82, 109, 511, 115, 108, 24, 254, 32, 96, 109, 136, 116, 119, 24, 78, 100, 24, 112, 109, 100, 77, 115, 88, 25, 540, 80, 105]
F2 = [0, 0, 0, 0, 0, 0, 0, 0, 0, 0, 0, 0, 0, 0, 0, 0, 0, 0, 0, 0, 0, 0, 0, 0, 0, 0, 0, 0, 0, 0]
T = [14000, 172700, 10500, 40700, 51100, 385500, 39200, 38600, 10600, 103300, 11000, 34400, 40200, 47100, 41500, 40600, 11200, 27900, 37500, 32100, 39400, 49400, 34100, 31800, 39900, 63000, 9100, 193100, 30200, 38900]
T2 = [0, 0, 0, 0, 0, 0, 0, 0, 0, 0, 0, 0, 0, 0, 0, 0, 0, 0, 0, 0, 0, 0, 0, 0, 0, 0, 0, 0, 0, 0]

id 38
F = [18, 84, 118, 97, 144, 99, 24, 119, 123, 32, 82, 113, 114, 102, 106, 88, 99, 116, 99, 89, 107, 107, 114, 104, 114, 103, 1702, 99, 111, 116]
F2 = [0, 0, 0, 0, 0, 0, 0, 0, 0, 0, 0, 0, 0, 0, 0, 0, 0, 0, 0, 0, 0, 0, 0, 0, 0, 0, 0, 0, 0, 0]
T = [8200, 34500, 40000, 40200, 63300, 42500, 9400, 43700, 41600, 19500, 28200, 38500, 42400, 37000, 36900, 29500, 34700, 40300, 33200, 31800, 38800, 38300, 77800, 41600, 39600, 51800, 576500, 33200, 37700, 40500]
T2 = [0, 0, 0, 0, 0, 0, 0, 0, 0, 0, 0, 0, 0, 0, 0, 0, 0, 0, 0, 0, 0, 0, 0, 0, 0, 0, 0, 0, 0, 0]

id 39
F = [101, 90, 275, 91, 117, 115, 99, 100, 94, 107, 19, 28, 108, 98, 127, 84, 112, 27, 95, 282, 494, 107, 111, 27, 115, 96, 152, 81, 70, 105]
F2 = [0, 0, 0, 0, 0, 0, 0, 0, 0, 0, 0, 0, 0, 0, 0, 0, 0, 0, 0, 0, 0, 0, 0, 0, 0, 0, 0, 0, 0, 0]
T = [34600, 38500, 93000, 30400, 55000, 39000, 41400, 36500, 32700, 50300, 7200, 11900, 37800, 34900, 47300, 46900, 39300, 10300, 33100, 117100, 192000, 37700, 50000, 11900, 40900, 37700, 53100, 29000, 24400, 35600]
T2 = [0, 0, 0, 0, 0, 0, 0, 0, 0, 0, 0, 0, 0, 0, 0, 0, 0, 0, 0, 0, 0, 0, 0, 0, 0, 0, 0, 0, 0, 0]

id 40
F = [25, 80, 18, 114, 81, 113, 97, 116, 108, 799, 115, 94, 437, 118, 109, 106, 27, 89, 94, 33, 26, 87, 108, 287, 91, 89, 101, 126, 120, 122]
F2 = [0, 0, 0, 0, 0, 0, 0, 0, 0, 0, 0, 0, 0, 0, 0, 0, 0, 0, 0, 0, 0, 0, 0, 0, 0, 0, 0, 0, 0, 0]
T = [10600, 27000, 6800, 43900, 30100, 42800, 40800, 39900, 43200, 270200, 39500, 39000, 169600, 39600, 36600, 37400, 10100, 34200, 36100, 17000, 9200, 60100, 42500, 98500, 55700, 32700, 40100, 42600, 46300, 47000]
T2 = [0, 0, 0, 0, 0, 0, 0, 0, 0, 0, 0, 0, 0, 0, 0, 0, 0, 0, 0, 0, 0, 0, 0, 0, 0, 0, 0, 0, 0, 0]

id 41
F = [108, 508, 93, 107, 489, 115, 23, 111, 110, 26, 110, 90, 107, 110, 25, 119, 114, 84, 124, 667, 546, 22, 672, 94, 152, 112, 22, 104, 114, 122]
F2 = [0, 0, 0, 0, 0, 0, 0, 0, 0, 0, 0, 0, 0, 0, 0, 0, 0, 0, 0, 0, 0, 0, 0, 0, 0, 0, 0, 0, 0, 0]
T = [36900, 216200, 32300, 37000, 162300, 39700, 8200, 42300, 44800, 9400, 42500, 32100, 36500, 38900, 11800, 42000, 39200, 30500, 43000, 228100, 307200, 37600, 232100, 35800, 53600, 58600, 24400, 42000, 38800, 48400]
T2 = [0, 0, 0, 0, 0, 0, 0, 0, 0, 0, 0, 0, 0, 0, 0, 0, 0, 0, 0, 0, 0, 0, 0, 0, 0, 0, 0, 0, 0, 0]

id 42
F = [90, 106, 100, 90, 474, 96, 102, 102, 565, 30, 104, 155, 112, 117, 115, 90, 109, 102, 315, 853, 92, 30, 113, 108, 281, 114, 1366, 114, 108, 117]
F2 = [0, 0, 0, 0, 0, 0, 0, 0, 0, 0, 0, 0, 0, 0, 0, 0, 0, 0, 0, 0, 0, 0, 0, 0, 0, 0, 0, 0, 0, 0]
T = [31300, 38600, 37600, 32100, 166300, 33300, 38100, 34800, 236000, 13300, 35400, 54400, 38900, 48400, 65700, 49400, 57100, 56800, 143000, 310700, 31700, 11900, 39000, 43100, 108400, 39000, 464800, 38500, 37200, 48700]
T2 = [0, 0, 0, 0, 0, 0, 0, 0, 0, 0, 0, 0, 0, 0, 0, 0, 0, 0, 0, 0, 0, 0, 0, 0, 0, 0, 0, 0, 0, 0]

id 43
F = [1176, 33, 89, 111, 91, 91, 115, 104, 83, 92, 113, 495, 104, 473, 27, 111, 91, 102, 84, 94, 154, 108, 268, 93, 107, 98, 27, 281, 100, 112]
F2 = [0, 0, 0, 0, 0, 0, 0, 0, 0, 0, 0, 0, 0, 0, 0, 0, 0, 0, 0, 0, 0, 0, 0, 0, 0, 0, 0, 0, 0, 0]
T = [448000, 11900, 31400, 41700, 48900, 33700, 48500, 35800, 28500, 33000, 38600, 176700, 35200, 160700, 10600, 40000, 36500, 36300, 40400, 32400, 54200, 41800, 109000, 43200, 36800, 49100, 10800, 121000, 33100, 40100]
T2 = [0, 0, 0, 0, 0, 0, 0, 0, 0, 0, 0, 0, 0, 0, 0, 0, 0, 0, 0, 0, 0, 0, 0, 0, 0, 0, 0, 0, 0, 0]

id 44
F = [84, 103, 29, 90, 124, 93, 113, 102, 910, 885, 106, 128, 93, 105, 96, 84, 86, 91, 95, 116, 101, 132, 96, 119, 134, 115, 107, 82, 113, 102]
F2 = [0, 0, 0, 0, 0, 0, 0, 0, 0, 0, 0, 0, 0, 0, 0, 0, 0, 0, 0, 0, 0, 0, 0, 0, 0, 0, 0, 0, 0, 0]
T = [29400, 36300, 12900, 31200, 43300, 32800, 39000, 34400, 311300, 313300, 38300, 45700, 33300, 35700, 33300, 29600, 31300, 31400, 33000, 43800, 35800, 48500, 52000, 147700, 51200, 39400, 37400, 37400, 56400, 66700]
T2 = [0, 0, 0, 0, 0, 0, 0, 0, 0, 0, 0, 0, 0, 0, 0, 0, 0, 0, 0, 0, 0, 0, 0, 0, 0, 0, 0, 0, 0, 0]

id 45
F = [36, 105, 83, 86, 87, 128, 97, 90, 624, 88, 22, 26, 271, 95, 28, 141, 311, 113, 105, 104, 104, 30, 102, 111, 112, 126, 27, 106, 101, 108]
F2 = [0, 0, 0, 0, 0, 0, 0, 0, 0, 0, 0, 0, 0, 0, 0, 0, 0, 0, 0, 0, 0, 0, 0, 0, 0, 0, 0, 0, 0, 0]
T = [22500, 58300, 28200, 31900, 31200, 44800, 36300, 34900, 237200, 53100, 8500, 9600, 92100, 42800, 11100, 52100, 104600, 39400, 37000, 48900, 35400, 11800, 43100, 38000, 40100, 49000, 11800, 50300, 36400, 40600]
T2 = [0, 0, 0, 0, 0, 0, 0, 0, 0, 0, 0, 0, 0, 0, 0, 0, 0, 0, 0, 0, 0, 0, 0, 0, 0, 0, 0, 0, 0, 0]

id 46
F = [113, 118, 101, 313, 102, 115, 111, 108, 102, 280, 93, 107, 157, 116, 86, 111, 111, 107, 102, 94, 102, 95, 29, 27, 95, 106, 121, 22, 104, 110]
F2 = [0, 0, 0, 0, 0, 0, 0, 0, 0, 0, 0, 0, 0, 0, 0, 0, 0, 0, 0, 0, 0, 0, 0, 0, 0, 0, 0, 0, 0, 0]
T = [42200, 52500, 38800, 104400, 37300, 39000, 38100, 36600, 35900, 93500, 31900, 35100, 55000, 39500, 29300, 39300, 37200, 51900, 39200, 36300, 35900, 33800, 10600, 11300, 36600, 46100, 42300, 28700, 35900, 37700]
T2 = [0, 0, 0, 0, 0, 0, 0, 0, 0, 0, 0, 0, 0, 0, 0, 0, 0, 0, 0, 0, 0, 0, 0, 0, 0, 0, 0, 0, 0, 0]

id 47
F = [92, 506, 84, 131, 113, 101, 75, 110, 95, 101, 110, 141, 77, 30, 95, 75, 126, 116, 141, 98, 91, 93, 111, 113, 114, 135, 103, 29, 22, 115]
F2 = [0, 0, 0, 0, 0, 0, 0, 0, 0, 0, 0, 0, 0, 0, 0, 0, 0, 0, 0, 0, 0, 0, 0, 0, 0, 0, 0, 0, 0, 0]
T = [35000, 173500, 29700, 44500, 43400, 38800, 26500, 44600, 35200, 35900, 38700, 47900, 28100, 14300, 33100, 25700, 53800, 43800, 53900, 37300, 40800, 32700, 38400, 39500, 39700, 45800, 35100, 23000, 8600, 44300]
T2 = [0, 0, 0, 0, 0, 0, 0, 0, 0, 0, 0, 0, 0, 0, 0, 0, 0, 0, 0, 0, 0, 0, 0, 0, 0, 0, 0, 0, 0, 0]

id 48
F = [84, 98, 75, 27, 121, 88, 96, 111, 259, 294, 93, 104, 472, 150, 135, 106, 84, 110, 95, 26, 103, 114, 86, 78, 89, 101, 116, 525, 32, 117]
F2 = [0, 0, 0, 0, 0, 0, 0, 0, 0, 0, 0, 0, 0, 0, 0, 0, 0, 0, 0, 0, 0, 0, 0, 0, 0, 0, 0, 0, 0, 0]
T = [57200, 34000, 28000, 10700, 42400, 36700, 33400, 37900, 87500, 203400, 31800, 46400, 181000, 51700, 47700, 36800, 28900, 38800, 32200, 10300, 39800, 39400, 31200, 39900, 31000, 34800, 148800, 246900, 12000, 47800]
T2 = [0, 0, 0, 0, 0, 0, 0, 0, 0, 0, 0, 0, 0, 0, 0, 0, 0, 0, 0, 0, 0, 0, 0, 0, 0, 0, 0, 0, 0, 0]

id 49
F = [117, 80, 27, 298, 32, 109, 97, 538, 140, 152, 88, 94, 110, 109, 302, 105, 85, 117, 514, 30, 26, 522, 89, 119, 119, 308, 539, 109, 108, 24]
F2 = [0, 0, 0, 0, 0, 0, 0, 0, 0, 0, 0, 0, 0, 0, 0, 0, 0, 0, 0, 0, 0, 0, 0, 0, 0, 0, 0, 0, 0, 0]
T = [40300, 49500, 21700, 99900, 25100, 37900, 35400, 180500, 58000, 51300, 31300, 33600, 40400, 38300, 101300, 35500, 29600, 41900, 180000, 11200, 9700, 186000, 45200, 42800, 40800, 103900, 181600, 38100, 35400, 9000]
T2 = [0, 0, 0, 0, 0, 0, 0, 0, 0, 0, 0, 0, 0, 0, 0, 0, 0, 0, 0, 0, 0, 0, 0, 0, 0, 0, 0, 0, 0, 0]

