id 0
F = [7, 145, 129, 16, 9, 59, 148, 402, 34, 38, 127, 38, 36, 27, 11, 27, 11, 18, 10, 16, 37, 187, 44, 102, 42, 188, 37, 49, 143, 12]
F2 = [34, 294, 141, 168, 320, 82, 80, 78, 276, 15, 262, 101, 392, 197, 40, 2, 22, 20, 31, 257, 243, 308, 160, 24, 254, 96, 198, 87, 127, 23]
T = [164799, 410011, 169221, 35197, 131001, 47902, 66405, 141312, 25805, 47308, 74285, 29908, 47109, 37206, 122899, 39101, 87899, 26197, 20001, 23998, 57211, 105410, 39585, 142322, 113203, 75522, 31994, 34991, 61584, 16197]
T2 = [77100, 640981, 154597, 188715, 222089, 43999, 26892, 42211, 89605, 7805, 128319, 33696, 275071, 88290, 18603, 1197, 10301, 12497, 15590, 107782, 128007, 174186, 74899, 14004, 110206, 33920, 109308, 30503, 58011, 8095]

id 1
F = [12, 42, 37, 39, 193, 141, 127, 37, 38, 33, 43, 44, 19, 6, 117, 116, 223, 14, 37, 9, 53, 45, 291, 19, 13, 43, 46, 161, 38, 199]
F2 = [28, 97, 18, 155, 26, 89, 65, 139, 151, 185, 14, 187, 38, 33, 23, 12, 33, 32, 174, 26, 281, 2, 217, 137, 136, 97, 232, 246, 83, 91]
T = [15697, 58901, 22196, 14301, 159194, 48806, 57307, 20703, 17508, 21411, 16401, 16700, 10797, 6501, 54812, 55090, 70291, 7899, 17104, 7205, 25904, 16490, 91089, 8304, 15199, 21404, 23200, 57903, 15500, 68504]
T2 = [13089, 41694, 7696, 44511, 22001, 29303, 29195, 60785, 44601, 82024, 4598, 53993, 11492, 14384, 10301, 5802, 9608, 9302, 50803, 11794, 90977, 798, 63689, 39593, 89591, 42099, 100612, 76291, 24304, 33003]

id 2
F = [50, 48, 33, 154, 11, 7, 28, 36, 171, 297, 50, 32, 152, 186, 224, 36, 36, 13, 224, 194, 46, 34, 11, 45, 249, 35, 36, 15, 37, 60]
F2 = [361, 189, 9, 34, 181, 28, 8, 244, 135, 26, 161, 150, 49, 174, 259, 134, 157, 24, 283, 31, 2, 143, 28, 134, 101, 6, 12, 829, 13, 87]
T = [22403, 23307, 17807, 60201, 7500, 7403, 14200, 19512, 72098, 107563, 23105, 14904, 66092, 69701, 88215, 21995, 17998, 9500, 85571, 81412, 24605, 31902, 8699, 21497, 92105, 16198, 16796, 12002, 16498, 26398]
T2 = [131688, 66591, 3903, 12598, 63910, 10505, 3296, 90509, 51185, 8700, 56522, 64806, 17592, 60408, 91217, 47594, 59605, 8600, 99666, 11097, 1000, 73504, 10903, 47196, 35803, 2098, 4502, 292059, 4897, 39409]

id 3
F = [16, 32, 128, 14, 35, 135, 34, 31, 29, 31, 7, 165, 17, 17, 34, 38, 34, 218, 54, 53, 154, 42, 13, 40, 11, 235, 51, 17, 41, 220]
F2 = [326, 18, 702, 148, 3, 19, 145, 148, 265, 196, 25, 14, 25, 25, 2, 12, 14, 25, 150, 215, 345, 22, 272, 248, 27, 30, 77, 167, 13, 71]
T = [9205, 21001, 72200, 9599, 18501, 51414, 14998, 19595, 13001, 15604, 6502, 61497, 12606, 10406, 18106, 18787, 16713, 84397, 25294, 25887, 68312, 18194, 9395, 18795, 8707, 91403, 41405, 13598, 18690, 81623]
T2 = [114295, 7497, 283187, 55196, 1201, 7203, 51526, 54412, 92703, 68095, 9102, 5197, 9209, 8500, 900, 4497, 5302, 9006, 53791, 75695, 137891, 8902, 95525, 86688, 9904, 10702, 27201, 59413, 4800, 25196]

id 4
F = [48, 47, 129, 31, 194, 46, 53, 15, 8, 52, 32, 47, 119, 33, 54, 36, 35, 36, 11, 273, 37, 55, 53, 7, 302, 14, 39, 17, 54, 35]
F2 = [138, 88, 156, 164, 99, 72, 97, 32, 31, 2, 151, 284, 200, 89, 144, 13, 186, 384, 138, 534, 14, 93, 780, 31, 580, 146, 7, 136, 402, 170]
T = [33198, 19698, 74413, 14502, 73087, 39902, 24202, 11299, 8399, 23400, 14894, 25001, 45202, 22496, 23798, 24603, 16288, 18901, 9599, 102308, 24696, 27389, 22400, 7794, 122877, 31501, 101194, 12802, 47992, 21302]
T2 = [49082, 31998, 55088, 58899, 34685, 31799, 33503, 11705, 10795, 1997, 53783, 100477, 69814, 34896, 50889, 4700, 66905, 134213, 48210, 189386, 8496, 33214, 278683, 12999, 729926, 196504, 3103, 87190, 166404, 63094]

id 5
F = [183, 153, 32, 33, 136, 144, 137, 31, 216, 33, 153, 49, 8, 40, 141, 13, 507, 38, 8, 29, 195, 18, 63, 236, 146, 39, 10, 11, 117, 42]
F2 = [218, 149, 84, 107, 39, 42, 84, 183, 191, 456, 146, 12, 132, 2, 36, 184, 13, 224, 36, 417, 97, 30, 103, 128, 39, 2, 125, 196, 203, 179]
T = [88680, 84079, 22600, 19899, 55085, 90996, 107090, 19802, 91569, 30906, 83408, 84609, 11499, 17315, 54599, 8402, 181823, 19494, 6597, 20301, 82598, 9804, 25103, 108415, 56990, 18806, 7604, 15606, 46090, 23203]
T2 = [99325, 56796, 39818, 52402, 14699, 89796, 39507, 74123, 77408, 289622, 62709, 4504, 47387, 898, 12902, 65090, 4904, 92995, 12194, 173493, 55708, 10899, 36613, 57403, 14006, 799, 44984, 68114, 69797, 64287]

id 6
F = [33, 8, 7, 37, 36, 13, 32, 311, 35, 54, 35, 39, 202, 37, 309, 49, 13, 39, 45, 52, 459, 203, 51, 10, 220, 42, 41, 32, 135, 45]
F2 = [257, 25, 26, 146, 243, 33, 377, 211, 400, 136, 177, 151, 277, 5, 214, 11, 32, 144, 88, 89, 12, 96, 2, 23, 471, 194, 249, 118, 35, 26]
T = [18699, 11800, 5797, 18901, 25202, 9097, 21505, 157380, 19193, 139804, 29992, 19301, 156400, 16694, 117795, 29400, 10503, 18100, 19904, 23098, 166811, 81802, 23903, 8405, 84705, 32402, 21098, 15508, 55401, 26398]
T2 = [90304, 11292, 9302, 51005, 93199, 12000, 134595, 107007, 145081, 52718, 71797, 52311, 148302, 2002, 75197, 4303, 15506, 79887, 30618, 30690, 4298, 34608, 801, 8103, 164778, 68507, 99822, 41496, 12796, 8701]

id 7
F = [52, 236, 45, 176, 52, 261, 38, 50, 41, 121, 48, 39, 40, 55, 42, 157, 40, 42, 45, 121, 58, 31, 43, 37, 55, 40, 469, 54, 183, 38]
F2 = [95, 261, 195, 82, 430, 8, 138, 95, 185, 787, 12, 179, 136, 215, 145, 74, 3, 14, 142, 18, 463, 32, 2, 155, 81, 145, 30, 90, 242, 106]
T = [95201, 82496, 18892, 62899, 20799, 90987, 18186, 20701, 17902, 49706, 19307, 16892, 16203, 23098, 17202, 120901, 16613, 21706, 18602, 43698, 22697, 25302, 23794, 15896, 22503, 16001, 175812, 21791, 66804, 17905]
T2 = [32100, 88301, 66395, 28292, 144888, 2798, 47803, 32210, 62396, 298084, 4401, 71407, 46690, 74304, 48688, 54408, 1199, 5801, 48093, 6706, 157499, 13104, 3000, 54704, 27005, 50302, 10593, 30798, 81810, 40598]

id 8
F = [173, 34, 11, 45, 10, 40, 45, 147, 149, 15, 152, 194, 9, 35, 37, 33, 47, 34, 44, 11, 29, 56, 225, 60, 42, 270, 40, 55, 178, 12]
F2 = [309, 2, 302, 139, 24, 145, 132, 35, 339, 25, 44, 139, 123, 143, 389, 2, 186, 242, 410, 188, 8, 94, 102, 450, 143, 34, 236, 222, 17, 130]
T = [61402, 13601, 7501, 17596, 11504, 19088, 21100, 56588, 55497, 13296, 57185, 71280, 7503, 15191, 16010, 19907, 23698, 14594, 25707, 8697, 13803, 22899, 78395, 24195, 17704, 97428, 19204, 22098, 68788, 11002]
T2 = [119398, 900, 122105, 47404, 10993, 50704, 52197, 12307, 125312, 11505, 14998, 46386, 50295, 47999, 129808, 2302, 63787, 84805, 146596, 70711, 3697, 32702, 34409, 160536, 49590, 11701, 110810, 75698, 6300, 49604]

id 9
F = [12, 9, 17, 51, 255, 58, 12, 41, 144, 296, 42, 42, 40, 43, 180, 16, 60, 130, 37, 193, 51, 50, 65, 143, 141, 36, 14, 29, 45, 136]
F2 = [24, 20, 203, 2, 5, 93, 32, 15, 87, 67, 18, 95, 13, 352, 15, 259, 89, 199, 430, 168, 141, 10, 156, 44, 38, 89, 303, 186, 182, 69]
T = [7798, 8903, 8900, 25901, 135088, 23392, 8002, 19402, 54086, 111114, 17406, 17900, 16107, 19608, 61903, 11001, 23391, 48191, 18902, 72096, 23907, 21196, 28190, 51397, 54704, 16305, 14304, 17498, 20894, 53903]
T2 = [10103, 7504, 68189, 1099, 2097, 31087, 11586, 5298, 29486, 35199, 6699, 31793, 4999, 118588, 5498, 88212, 30105, 66906, 146008, 58623, 53301, 5599, 54001, 15086, 13200, 30703, 237499, 66994, 62512, 24694]

id 10
F = [52, 34, 32, 126, 50, 133, 43, 364, 42, 55, 56, 53, 49, 147, 34, 36, 26, 132, 174, 32, 8, 45, 53, 180, 36, 191, 208, 34, 50, 132]
F2 = [301, 113, 131, 404, 14, 228, 142, 106, 17, 464, 87, 134, 186, 146, 135, 18, 491, 137, 190, 262, 126, 180, 210, 182, 2, 107, 315, 175, 14, 40]
T = [21699, 14797, 13201, 52511, 19286, 65215, 25905, 126314, 19097, 21993, 25991, 22201, 24905, 52687, 17997, 26204, 13203, 53314, 61891, 14301, 6101, 17901, 30912, 64193, 17288, 73801, 72587, 14595, 20198, 86304]
T2 = [101388, 38598, 44391, 140916, 5000, 105410, 54383, 36605, 6302, 158997, 35990, 45695, 70873, 49796, 45697, 8100, 206761, 46893, 83716, 88101, 42196, 61016, 70689, 61599, 1302, 35501, 105797, 58594, 4997, 14098]

id 11
F = [46, 43, 51, 9, 15, 11, 12, 39, 15, 33, 34, 14, 36, 58, 42, 202, 145, 45, 12, 11, 37, 278, 224, 129, 153, 38, 137, 52, 227, 20]
F2 = [455, 2, 181, 32, 27, 33, 29, 2, 309, 22, 84, 33, 2, 77, 138, 461, 40, 135, 26, 481, 8, 31, 37, 75, 146, 150, 37, 272, 599, 26]
T = [24505, 19608, 24905, 8500, 8101, 6704, 7803, 15896, 10497, 13901, 14398, 9601, 18503, 25697, 16405, 73898, 51391, 19705, 7106, 7003, 22098, 100186, 77097, 47101, 59121, 20202, 48508, 20306, 81516, 8993]
T2 = [182512, 1102, 61497, 11396, 10501, 11993, 10601, 1000, 105999, 7703, 28889, 12410, 898, 25907, 50494, 156224, 13710, 49903, 10603, 216240, 4798, 10895, 12697, 25301, 49803, 83394, 12992, 91793, 205310, 9100]

id 12
F = [12, 30, 64, 32, 58, 57, 37, 130, 139, 168, 48, 42, 51, 11, 15, 13, 13, 192, 33, 55, 38, 45, 31, 141, 10, 10, 34, 129, 44, 117]
F2 = [139, 510, 135, 20, 255, 224, 138, 89, 266, 313, 164, 13, 142, 263, 25, 125, 19, 78, 420, 140, 150, 90, 2, 64, 25, 31, 2, 14, 15, 138]
T = [8600, 13195, 25199, 14098, 22595, 36398, 18402, 48089, 51714, 63109, 21608, 18906, 20299, 6098, 11705, 8400, 7901, 67192, 35292, 21212, 16106, 20189, 14405, 50599, 8297, 6900, 21100, 48510, 21293, 42717]
T2 = [48405, 172551, 45503, 7203, 87586, 79697, 46986, 33304, 91400, 115496, 55821, 4898, 48609, 88992, 9600, 43093, 7006, 27114, 141606, 47408, 50000, 34700, 1402, 21998, 9299, 11007, 1399, 5305, 5799, 47813]

id 13
F = [42, 38, 9, 15, 146, 206, 37, 12, 50, 199, 222, 9, 44, 34, 13, 11, 204, 40, 324, 13, 156, 39, 195, 161, 36, 9, 42, 57, 40, 39]
F2 = [155, 21, 29, 37, 159, 80, 19, 24, 89, 286, 238, 29, 2, 153, 30, 879, 139, 16, 164, 133, 233, 139, 98, 235, 192, 30, 12, 465, 8, 2]
T = [17209, 26692, 7899, 9701, 63007, 73703, 20209, 17107, 21197, 73418, 78898, 6104, 20703, 14689, 8801, 6298, 73880, 16400, 114498, 7105, 54770, 16410, 71487, 67292, 21798, 7697, 21604, 23598, 21097, 22296]
T2 = [52999, 9291, 10600, 13793, 62414, 27306, 7900, 13102, 30588, 98209, 81704, 10503, 1100, 52189, 12301, 294606, 48787, 7209, 55601, 44982, 79795, 47998, 34188, 79492, 65907, 12899, 5707, 157681, 3102, 2201]

id 14
F = [10, 37, 48, 190, 208, 129, 49, 210, 31, 11, 55, 12, 213, 14, 33, 31, 34, 31, 30, 33, 30, 12, 6, 151, 67, 301, 48, 12, 313, 6]
F2 = [20, 13, 3, 29, 95, 47, 96, 149, 17, 35, 224, 29, 27, 24, 136, 3, 135, 13, 496, 433, 141, 39, 488, 78, 92, 70, 480, 28, 204, 170]
T = [8700, 18003, 19998, 80307, 74512, 53805, 21399, 102695, 14896, 10999, 24902, 7798, 76784, 8797, 16705, 20198, 14698, 14895, 14504, 18105, 14803, 7399, 4802, 54393, 26302, 109597, 23001, 7802, 120893, 6598]
T2 = [7096, 4897, 1695, 10300, 33700, 18705, 32898, 67892, 6707, 13103, 98123, 12200, 10400, 9404, 50490, 2300, 56504, 4499, 167991, 148315, 47593, 13706, 170230, 27200, 31393, 24396, 275208, 10103, 69697, 83105]

id 15
F = [37, 149, 10, 189, 35, 65, 35, 30, 35, 273, 197, 32, 33, 13, 44, 39, 37, 12, 13, 39, 29, 45, 168, 47, 151, 188, 210, 43, 8, 185]
F2 = [264, 569, 33, 399, 164, 75, 2, 394, 21, 7, 143, 3, 21, 134, 15, 376, 405, 186, 18, 405, 6, 248, 308, 93, 47, 309, 263, 3, 24, 729]
T = [22095, 61299, 11403, 67088, 15406, 27902, 18892, 13010, 15505, 95796, 70005, 13999, 16203, 6900, 18994, 17507, 14805, 7408, 8101, 17204, 14607, 19098, 60406, 18188, 60304, 75104, 74699, 19803, 5205, 64890]
T2 = [90804, 190219, 14702, 138104, 67413, 26293, 1100, 131261, 7404, 2799, 49289, 1099, 9796, 45002, 5603, 125923, 137104, 74502, 6699, 135996, 2700, 94700, 106301, 31302, 17101, 104993, 88915, 1401, 9096, 246736]

id 16
F = [21, 174, 40, 177, 12, 39, 34, 38, 40, 15, 15, 501, 15, 35, 129, 198, 11, 34, 56, 144, 205, 67, 55, 205, 451, 124, 267, 13, 214, 9]
F2 = [31, 16, 2, 18, 125, 32, 194, 436, 178, 30, 28, 9, 130, 230, 163, 94, 29, 10, 260, 292, 300, 83, 93, 27, 70, 20, 31, 345, 136, 28]
T = [9995, 70489, 16100, 64814, 7196, 17499, 19800, 25297, 17000, 8404, 8700, 183394, 9703, 21694, 61885, 69599, 7303, 15296, 22700, 58896, 71304, 28596, 21309, 95589, 161233, 47503, 114190, 8203, 76515, 8696]
T2 = [11200, 5598, 900, 7798, 42796, 11396, 109315, 212307, 73610, 10801, 10104, 3399, 56098, 82293, 72900, 31900, 12802, 4305, 92081, 98311, 102906, 28011, 31603, 11592, 24804, 6801, 11506, 120994, 46311, 10006]

id 17
F = [36, 35, 106, 16, 238, 43, 13, 37, 46, 38, 42, 36, 9, 37, 35, 36, 284, 31, 37, 40, 38, 42, 60, 56, 316, 32, 53, 282, 10, 209]
F2 = [140, 200, 23, 132, 272, 173, 21, 88, 217, 182, 142, 364, 27, 142, 182, 2, 560, 13, 91, 3, 2, 143, 145, 167, 207, 2, 73, 28, 198, 110]
T = [21602, 15011, 42605, 8601, 92281, 19600, 10102, 19506, 22903, 16400, 24596, 23195, 6694, 18102, 15306, 18697, 102786, 14895, 15394, 18615, 15402, 16701, 32487, 31702, 110390, 14101, 22298, 99393, 7097, 74799]
T2 = [49088, 68100, 9002, 44809, 96499, 93194, 8807, 32401, 90801, 61998, 50694, 127292, 9804, 55698, 62308, 1099, 188880, 4598, 30207, 1304, 1201, 48484, 63310, 56702, 71713, 1001, 24998, 9900, 66001, 36900]

id 18
F = [322, 8, 41, 43, 10, 142, 43, 14, 11, 324, 44, 51, 10, 213, 179, 9, 13, 12, 122, 563, 49, 279, 63, 204, 35, 40, 38, 7, 44, 171]
F2 = [361, 311, 473, 358, 285, 32, 133, 33, 162, 114, 10, 86, 173, 268, 668, 492, 201, 31, 20, 256, 153, 9, 87, 107, 465, 9, 4, 163, 89, 620]
T = [126606, 12204, 17993, 21985, 8602, 58203, 33701, 13305, 8598, 115418, 20096, 36898, 6396, 76376, 64572, 8393, 7901, 6300, 46499, 191318, 19105, 96571, 25302, 75622, 17900, 22298, 15703, 7499, 19998, 74296]
T2 = [120496, 131288, 160294, 125713, 173517, 11799, 157098, 12694, 55716, 38317, 4000, 199180, 59216, 91016, 225683, 166294, 68499, 10598, 7199, 85611, 51707, 3504, 76900, 36305, 157932, 4805, 1602, 62423, 31203, 250366]

id 19
F = [202, 6, 289, 42, 17, 44, 32, 52, 217, 45, 52, 187, 47, 20, 40, 45, 314, 41, 33, 331, 46, 225, 32, 192, 36, 183, 12, 33, 44, 34]
F2 = [31, 18, 31, 360, 29, 86, 96, 252, 616, 161, 142, 277, 131, 29, 378, 139, 90, 250, 146, 107, 249, 311, 3, 22, 240, 150, 258, 214, 14, 98]
T = [72283, 4900, 102907, 20403, 12698, 18002, 23601, 29105, 90890, 21202, 21505, 67788, 19495, 19997, 29895, 19599, 114186, 18900, 24695, 118903, 28102, 100887, 22601, 67305, 16100, 69400, 7202, 16585, 18294, 14292]
T2 = [11101, 9201, 11104, 121786, 15301, 29292, 35799, 114383, 240935, 56406, 49194, 97225, 53411, 12895, 496911, 47890, 30502, 90610, 52593, 36503, 93889, 130602, 1798, 7999, 81704, 51210, 87303, 73183, 5104, 34398]

id 20
F = [44, 225, 11, 12, 221, 174, 36, 140, 9, 33, 32, 46, 197, 43, 33, 187, 176, 38, 29, 40, 221, 34, 149, 11, 10, 14, 140, 41, 44, 15]
F2 = [92, 561, 22, 27, 100, 150, 130, 45, 22, 18, 2, 15, 94, 138, 251, 93, 114, 83, 2, 137, 110, 151, 96, 198, 23, 24, 163, 18, 142, 182]
T = [18601, 79498, 6503, 8001, 165087, 64695, 14297, 56594, 5597, 15597, 13302, 44214, 77596, 17896, 16999, 73187, 62183, 20200, 14101, 17409, 106774, 18496, 52603, 6394, 6504, 9400, 50393, 18996, 19687, 9700]
T2 = [30506, 198078, 7899, 8997, 37801, 51802, 43608, 17700, 7606, 8499, 1099, 7504, 32400, 47307, 85382, 31991, 40202, 31591, 1600, 49607, 36978, 51896, 32393, 67521, 8002, 9004, 55592, 6802, 48904, 63113]

id 21
F = [60, 278, 37, 42, 11, 31, 40, 151, 122, 128, 44, 29, 15, 12, 145, 53, 48, 12, 11, 289, 45, 14, 33, 12, 27, 40, 133, 143, 33, 44]
F2 = [463, 35, 9, 14, 178, 132, 259, 43, 62, 227, 208, 484, 827, 183, 42, 242, 3, 24, 25, 493, 182, 23, 139, 20, 342, 143, 50, 83, 175, 118]
T = [30508, 98081, 19304, 18190, 8703, 13600, 19904, 55411, 46404, 51409, 22096, 12097, 7700, 9296, 51296, 22601, 19593, 9699, 6498, 103908, 19001, 12200, 15897, 7598, 12307, 26001, 57596, 51101, 110204, 17602]
T2 = [243235, 12503, 3502, 5397, 60400, 44097, 87294, 14903, 20700, 77905, 86793, 169373, 292803, 65400, 15000, 85002, 1699, 8697, 8294, 181487, 62270, 8202, 46990, 7003, 116393, 50904, 17998, 28393, 83503, 45597]

id 22
F = [179, 191, 138, 177, 38, 116, 34, 36, 36, 10, 13, 45, 36, 257, 38, 199, 39, 493, 27, 68, 290, 22, 46, 40, 133, 56, 27, 273, 189, 266]
F2 = [471, 341, 135, 193, 19, 14, 17, 19, 337, 128, 42, 184, 22, 343, 133, 26, 453, 29, 254, 275, 589, 117, 19, 103, 1176, 140, 7, 209, 16, 557]
T = [68430, 67484, 49803, 60586, 16891, 42612, 15601, 18998, 19283, 11400, 8596, 22297, 15601, 94825, 15187, 72407, 16799, 174702, 18601, 25899, 128774, 10802, 21299, 15304, 47086, 30007, 13506, 94598, 67683, 101912]
T2 = [214228, 115610, 47890, 65699, 6797, 5303, 6107, 6903, 116396, 44808, 18202, 63092, 7601, 115680, 44610, 9188, 152229, 10294, 86080, 93284, 220820, 39794, 7393, 35791, 420087, 57803, 3002, 69900, 6000, 212789]

id 23
F = [175, 137, 27, 38, 51, 127, 11, 198, 51, 40, 17, 36, 10, 32, 41, 42, 37, 193, 215, 39, 12, 65, 318, 64, 40, 139, 9, 42, 9, 46]
F2 = [14, 45, 2, 217, 86, 39, 143, 209, 99, 2, 29, 166, 25, 10, 11, 151, 138, 30, 27, 107, 274, 86, 178, 79, 264, 128, 498, 80, 28, 16]
T = [128293, 113525, 11998, 18902, 21305, 45487, 5696, 68917, 19197, 16306, 7294, 16704, 5603, 13508, 17999, 17893, 19406, 69798, 74906, 16804, 6301, 51793, 115007, 24492, 16804, 50709, 5203, 17391, 4300, 19101]
T2 = [5200, 15399, 1099, 94204, 29601, 13296, 48392, 70906, 33699, 1298, 10705, 57000, 8899, 4100, 4001, 50896, 48194, 11105, 9795, 40506, 93519, 37799, 61000, 26804, 98786, 44397, 184094, 26501, 10307, 5802]

id 24
F = [14, 38, 37, 35, 13, 8, 152, 139, 44, 9, 183, 35, 135, 25, 44, 48, 16, 128, 49, 15, 51, 13, 25, 36, 30, 38, 173, 39, 14, 13]
F2 = [33, 7, 80, 165, 33, 300, 79, 75, 151, 24, 187, 443, 370, 193, 3, 139, 470, 20, 249, 32, 83, 35, 8, 102, 17, 257, 130, 8, 28, 35]
T = [8195, 14799, 101385, 15399, 7405, 11198, 58209, 49602, 17299, 7801, 66503, 17697, 51607, 10496, 17802, 17802, 8802, 45608, 22598, 8102, 22199, 6603, 11303, 16003, 13509, 19504, 72302, 16902, 9303, 7501]
T2 = [11799, 2599, 27501, 55899, 11402, 130016, 28095, 30389, 50992, 8499, 64017, 168599, 137993, 65598, 1402, 47186, 158987, 7101, 94407, 11710, 28811, 12693, 3101, 34492, 7203, 120814, 60593, 3201, 13097, 12402]

id 25
F = [36, 38, 39, 37, 34, 47, 35, 39, 211, 317, 11, 10, 36, 32, 281, 38, 61, 7, 55, 42, 45, 219, 12, 38, 48, 194, 46, 43, 34, 34]
F2 = [156, 246, 7, 11, 253, 14, 71, 139, 103, 116, 183, 119, 20, 137, 230, 174, 84, 610, 86, 13, 88, 633, 37, 2, 186, 14, 15, 2, 11, 193]
T = [15098, 17696, 14887, 15204, 13203, 22508, 13503, 15802, 75405, 121920, 9095, 5503, 16006, 16002, 95794, 16799, 24801, 5704, 20308, 18090, 17498, 76207, 7099, 16693, 18288, 69084, 17005, 15908, 14400, 15090]
T2 = [52604, 89299, 2700, 4399, 85193, 5797, 24787, 48398, 34293, 40108, 62776, 43916, 7005, 47104, 77397, 59891, 29404, 217914, 30308, 4697, 29401, 234673, 13295, 1001, 66502, 5403, 5700, 900, 4201, 65000]

id 26
F = [143, 34, 40, 49, 245, 14, 142, 34, 36, 36, 180, 28, 265, 140, 145, 246, 30, 187, 36, 37, 35, 40, 41, 412, 203, 32, 35, 9, 166, 33]
F2 = [41, 84, 132, 140, 264, 786, 81, 15, 183, 14, 32, 144, 35, 38, 129, 516, 16, 13, 261, 140, 18, 83, 221, 226, 16, 144, 139, 42, 230, 203]
T = [52892, 13598, 18606, 18698, 87792, 7501, 50195, 15401, 15002, 17605, 67504, 16198, 92890, 76091, 54184, 102409, 13497, 66396, 14798, 20499, 16093, 17390, 22601, 150122, 71502, 13397, 13693, 7399, 63299, 14207]
T2 = [14101, 28798, 44803, 47504, 93121, 266710, 27106, 6194, 61898, 5600, 10998, 58107, 13504, 16602, 56501, 201357, 5701, 4700, 89791, 60610, 6502, 50294, 85112, 76888, 5700, 49790, 48393, 16195, 78521, 69597]

id 27
F = [27, 32, 203, 151, 181, 155, 136, 39, 12, 12, 9, 39, 18, 15, 13, 127, 51, 131, 45, 40, 35, 57, 426, 44, 32, 9, 133, 170, 37, 153]
F2 = [114, 2, 29, 158, 13, 85, 23, 190, 32, 182, 32, 283, 141, 33, 30, 209, 465, 294, 17, 3, 184, 477, 66, 202, 245, 31, 33, 13, 745, 50]
T = [13102, 13400, 74098, 53522, 70600, 61287, 50482, 19599, 9301, 8301, 12405, 18096, 10093, 7703, 11302, 49001, 20795, 46192, 17299, 16298, 14003, 35702, 145778, 17092, 13998, 6301, 61330, 60593, 15993, 54593]
T2 = [38993, 1100, 10203, 54105, 7401, 33502, 13808, 64300, 16096, 61688, 13705, 109000, 49695, 11600, 11492, 70790, 161422, 105600, 6199, 1304, 72833, 176482, 22295, 69785, 92518, 11010, 11298, 4808, 254522, 17799]

id 28
F = [38, 13, 197, 327, 10, 34, 13, 49, 41, 46, 6, 69, 15, 262, 189, 40, 43, 196, 54, 201, 7, 41, 11, 50, 40, 11, 11, 17, 30, 49]
F2 = [12, 322, 136, 69, 24, 142, 359, 241, 2, 187, 509, 102, 145, 119, 17, 16, 99, 138, 278, 128, 29, 140, 28, 150, 252, 140, 23, 29, 191, 89]
T = [15605, 9501, 67898, 117509, 8396, 14207, 7602, 33602, 19102, 28401, 5597, 26906, 8397, 91217, 75783, 16992, 18998, 67879, 20603, 72304, 4401, 16508, 6101, 19697, 16194, 6699, 6407, 10404, 14203, 21402]
T2 = [4396, 109213, 47895, 24797, 9805, 47292, 128276, 83300, 1602, 101502, 175087, 35091, 48892, 42903, 6298, 5804, 33991, 46822, 93122, 43591, 10199, 48511, 10505, 50993, 88399, 48489, 8498, 10808, 64484, 30711]

id 29
F = [189, 190, 41, 36, 123, 36, 160, 38, 46, 38, 40, 28, 50, 15, 52, 210, 422, 44, 34, 41, 39, 420, 126, 33, 171, 180, 10, 45, 34, 65]
F2 = [7, 686, 183, 9, 21, 143, 94, 510, 18, 92, 85, 153, 17, 18, 180, 28, 227, 10, 406, 90, 83, 72, 19, 420, 92, 173, 175, 12, 2, 450]
T = [80998, 82799, 13899, 20512, 35896, 18906, 78808, 12400, 16697, 22506, 26596, 46106, 17099, 9302, 28092, 67899, 134093, 22605, 13701, 19899, 14505, 177905, 36909, 16810, 59807, 63202, 5495, 18100, 17903, 26518]
T2 = [3196, 286195, 51397, 5600, 5995, 60171, 39683, 142291, 5301, 41886, 54320, 136204, 5099, 8701, 74920, 8204, 71002, 4702, 115998, 38209, 28099, 32497, 5100, 174834, 31605, 60294, 101598, 4603, 1098, 150077]

id 30
F = [140, 35, 58, 587, 176, 37, 7, 29, 40, 187, 190, 195, 196, 35, 32, 35, 14, 41, 38, 494, 36, 133, 143, 33, 47, 13, 11, 44, 44, 12]
F2 = [347, 2, 145, 689, 160, 191, 29, 224, 96, 26, 87, 90, 88, 172, 2, 9, 813, 16, 11, 44, 12, 377, 143, 2, 359, 24, 22, 203, 2, 16]
T = [50308, 15999, 22100, 204406, 61894, 14799, 5702, 13302, 16298, 89300, 68497, 68499, 68103, 13798, 16308, 12702, 7806, 16103, 15808, 169205, 17203, 51180, 51412, 74803, 17903, 11096, 8801, 17601, 20903, 7196]
T2 = [117017, 999, 49604, 231907, 67987, 65400, 10309, 78308, 33199, 13997, 30102, 35702, 30302, 58807, 1801, 3200, 274422, 5602, 3798, 15200, 4692, 127009, 49502, 1299, 123795, 8897, 7898, 69111, 1000, 7100]

id 31
F = [59, 39, 144, 9, 52, 36, 36, 53, 46, 178, 13, 11, 198, 40, 146, 40, 28, 211, 154, 31, 11, 126, 34, 40, 35, 13, 15, 52, 48, 34]
F2 = [144, 13, 34, 36, 99, 241, 406, 273, 100, 85, 311, 142, 93, 144, 145, 100, 384, 75, 76, 82, 27, 15, 175, 16, 3, 129, 129, 127, 242, 16]
T = [31094, 15885, 52808, 9801, 19198, 19205, 14902, 19096, 18396, 69007, 9598, 7101, 70600, 23594, 53683, 19905, 12596, 97099, 54599, 13302, 6498, 45692, 13392, 22706, 13901, 8799, 7298, 22500, 17901, 13697]
T2 = [50694, 4902, 11792, 13003, 33301, 99414, 136613, 91495, 34101, 29103, 106267, 47928, 34887, 58990, 49592, 36910, 129501, 31704, 26399, 27601, 9707, 6599, 60823, 5600, 1399, 43996, 43911, 42799, 96631, 6000]

id 32
F = [49, 42, 217, 11, 53, 145, 183, 200, 10, 47, 35, 53, 49, 59, 39, 44, 11, 44, 30, 15, 276, 45, 159, 12, 49, 68, 11, 178, 34, 32]
F2 = [99, 392, 140, 131, 131, 280, 330, 149, 121, 190, 81, 216, 72, 86, 271, 12, 278, 2, 400, 124, 350, 8, 136, 171, 137, 95, 250, 12, 487, 170]
T = [19000, 16801, 76514, 9996, 20501, 67611, 65697, 68806, 7897, 22001, 17300, 23399, 19206, 21799, 15998, 18208, 6703, 17410, 12297, 7098, 95196, 17313, 58218, 7097, 19102, 35204, 6599, 65900, 20403, 13211]
T2 = [33813, 139492, 47311, 55298, 49194, 97693, 121533, 51101, 42700, 65806, 33615, 73891, 24791, 29292, 91289, 4200, 94606, 1200, 138194, 42693, 117817, 3299, 47017, 58100, 46405, 43611, 85300, 5502, 362931, 60217]

id 33
F = [375, 303, 40, 276, 47, 16, 134, 34, 135, 354, 130, 28, 325, 55, 57, 58, 199, 57, 13, 14, 125, 49, 17, 38, 38, 10, 41, 158, 29, 173]
F2 = [121, 71, 15, 595, 196, 31, 17, 2, 159, 74, 189, 19, 109, 226, 234, 137, 87, 82, 30, 32, 198, 95, 36, 392, 13, 31, 145, 38, 252, 132]
T = [134709, 104089, 20106, 95312, 18991, 21099, 50001, 14093, 50092, 123815, 47497, 13903, 109700, 21698, 22003, 26200, 71909, 22597, 5900, 7098, 45909, 18705, 8700, 14793, 19901, 6997, 17005, 63503, 13402, 64793]
T2 = [40883, 24103, 6189, 205910, 67888, 15002, 6001, 1000, 55090, 25893, 66405, 9197, 37086, 89311, 258085, 47204, 30294, 28795, 10100, 10900, 67786, 32002, 13106, 159401, 5499, 10903, 49118, 15594, 84569, 44882]

id 34
F = [248, 151, 39, 162, 47, 203, 51, 179, 46, 38, 449, 309, 9, 39, 46, 39, 53, 7, 286, 117, 35, 41, 141, 161, 183, 13, 31, 14, 152, 37]
F2 = [653, 307, 128, 144, 136, 34, 82, 140, 169, 153, 338, 93, 199, 152, 140, 140, 745, 23, 71, 169, 488, 260, 37, 155, 129, 26, 2, 829, 45, 93]
T = [86707, 58511, 15802, 57101, 18704, 71320, 20296, 62507, 21801, 17304, 165203, 111713, 7901, 33504, 17889, 18407, 20204, 5998, 98413, 45490, 17506, 16196, 67805, 56518, 64087, 8500, 13999, 7408, 57103, 19193]
T2 = [220590, 118795, 44198, 48005, 47690, 11497, 28292, 48312, 57710, 80695, 112306, 34703, 86205, 65590, 47103, 62098, 290287, 8598, 24100, 57120, 177001, 88090, 15096, 52320, 43998, 9499, 1302, 323398, 15308, 35805]

id 35
F = [58, 140, 11, 8, 26, 42, 376, 141, 176, 54, 172, 198, 147, 13, 32, 11, 32, 11, 15, 10, 39, 13, 170, 469, 39, 47, 43, 471, 38, 55]
F2 = [84, 298, 30, 33, 249, 182, 39, 262, 79, 81, 163, 175, 143, 23, 310, 37, 184, 170, 137, 30, 405, 32, 19, 349, 150, 90, 232, 9, 452, 227]
T = [22394, 65728, 5702, 8300, 11195, 18998, 148509, 50498, 70291, 20795, 68730, 74285, 57093, 10798, 13997, 8703, 18899, 8697, 13198, 15401, 15896, 6999, 61398, 161505, 15704, 17995, 18801, 159108, 156396, 20682]
T2 = [28909, 131884, 10497, 12102, 83099, 64915, 15404, 91504, 32890, 27902, 57413, 59193, 49207, 8801, 105506, 14603, 68299, 57896, 47498, 39505, 137709, 12400, 6801, 139901, 50802, 31301, 137343, 3298, 196106, 78416]

id 36
F = [55, 30, 32, 132, 144, 220, 670, 12, 47, 187, 317, 37, 8, 43, 17, 40, 247, 131, 45, 38, 36, 35, 44, 293, 33, 158, 197, 52, 36, 10]
F2 = [791, 17, 205, 78, 35, 538, 21, 29, 153, 16, 180, 233, 39, 14, 27, 3, 135, 162, 183, 170, 15, 389, 379, 214, 240, 39, 109, 89, 3, 34]
T = [20300, 13806, 13393, 48495, 50108, 77700, 255366, 6104, 24013, 112696, 109785, 17101, 7200, 17504, 10595, 18395, 88132, 49994, 17392, 15210, 14397, 14196, 20598, 106223, 37898, 55780, 87227, 19786, 18407, 5401]
T2 = [266711, 6001, 68892, 28093, 21799, 182501, 8003, 9891, 66101, 11194, 60397, 78680, 14206, 4999, 10096, 1799, 46285, 55001, 61086, 58009, 5499, 132612, 132320, 73201, 81511, 13593, 37701, 29886, 1398, 12002]

id 37
F = [138, 282, 11, 44, 29, 16, 30, 286, 13, 9, 199, 38, 145, 33, 39, 40, 9, 172, 41, 37, 111, 31, 45, 37, 45, 35, 40, 61, 56, 11]
F2 = [38, 195, 26, 390, 140, 25, 417, 481, 36, 29, 595, 4, 79, 144, 395, 2, 26, 313, 86, 2, 14, 8, 85, 6, 180, 22, 465, 139, 75, 120]
T = [55819, 97879, 8100, 17104, 15205, 10297, 12504, 98613, 6398, 6097, 86105, 22205, 53186, 24705, 15299, 16802, 10000, 67196, 16104, 14204, 40693, 14394, 17389, 14488, 17905, 15908, 16604, 25908, 20802, 7707]
T2 = [14500, 64595, 9603, 130893, 49096, 11304, 141695, 174189, 12786, 10903, 202717, 1900, 27395, 53516, 135714, 1300, 91496, 104993, 29501, 800, 5300, 3598, 28408, 2497, 60293, 8707, 155593, 47785, 25602, 41316]

id 38
F = [33, 12, 149, 42, 13, 39, 221, 32, 53, 9, 16, 9, 431, 43, 37, 137, 38, 21, 9, 161, 198, 149, 192, 32, 10, 49, 16, 32, 39, 11]
F2 = [376, 21, 76, 140, 45, 16, 64, 2, 88, 30, 28, 34, 436, 15, 147, 89, 147, 242, 318, 324, 30, 32, 28, 83, 513, 84, 27, 152, 85, 36]
T = [17700, 6798, 56401, 15900, 6699, 15692, 77284, 17097, 21599, 9804, 8904, 5899, 146188, 19794, 15594, 49091, 25398, 9494, 5201, 56102, 71689, 52103, 69194, 20994, 8403, 22000, 8595, 17097, 18594, 8901]
T2 = [159905, 7601, 25885, 47602, 15598, 5994, 22413, 1601, 30189, 11600, 11403, 11808, 147488, 5901, 54298, 30498, 52321, 82396, 106586, 112517, 10807, 11096, 10495, 28599, 173383, 34295, 9600, 51484, 33598, 13291]

id 39
F = [139, 39, 17, 33, 42, 35, 17, 9, 35, 291, 30, 5, 19, 40, 24, 44, 55, 136, 43, 12, 118, 15, 16, 141, 34, 213, 164, 41, 49, 203]
F2 = [135, 17, 334, 11, 86, 184, 195, 27, 18, 40, 3, 132, 25, 259, 31, 3, 135, 133, 88, 266, 21, 27, 318, 39, 154, 42, 85, 2, 95, 88]
T = [50608, 15296, 13197, 13191, 17311, 13395, 9999, 6298, 14195, 103880, 13297, 5698, 8905, 16606, 15301, 22401, 23696, 50013, 17599, 8103, 43389, 8693, 8598, 51287, 12898, 73605, 59586, 16701, 29382, 72221]
T2 = [47811, 6300, 113754, 3902, 28994, 62416, 66292, 9508, 6204, 13489, 1400, 45807, 9802, 89188, 10901, 1902, 70700, 45597, 29796, 89587, 7898, 10804, 107593, 13591, 52694, 14196, 30413, 1000, 48210, 31502]

id 40
F = [284, 11, 28, 53, 48, 36, 16, 54, 488, 33, 34, 213, 47, 15, 44, 61, 38, 10, 46, 48, 48, 42, 41, 51, 139, 295, 51, 233, 59, 44]
F2 = [225, 30, 253, 388, 167, 499, 464, 213, 11, 4, 102, 119, 146, 30, 180, 223, 463, 319, 264, 461, 3, 167, 181, 88, 39, 80, 89, 112, 93, 90]
T = [97512, 6405, 15290, 30713, 19586, 16700, 10105, 22580, 194429, 13695, 15592, 76388, 17792, 14400, 19301, 24197, 17303, 5901, 23497, 19396, 19409, 17296, 16595, 19599, 48704, 102419, 20995, 81996, 22309, 17800]
T2 = [77194, 10803, 123491, 190286, 57482, 174785, 163970, 80726, 5103, 1504, 35003, 42763, 49614, 11101, 68800, 86405, 157021, 116680, 118192, 161482, 1400, 56997, 62998, 29994, 13404, 27196, 31096, 38599, 31800, 32406]

id 41
F = [37, 52, 16, 15, 56, 15, 140, 44, 48, 41, 38, 13, 14, 55, 34, 39, 182, 36, 145, 39, 15, 153, 149, 174, 45, 18, 38, 130, 31, 38]
F2 = [271, 255, 19, 16, 2, 137, 41, 12, 446, 15, 426, 134, 32, 93, 2, 139, 8, 3, 83, 155, 26, 44, 89, 149, 133, 127, 10, 75, 2, 22]
T = [17406, 19820, 7703, 7205, 23905, 8503, 59480, 28294, 27808, 17698, 17497, 8300, 8500, 22895, 14502, 16489, 63177, 15503, 53798, 22305, 6901, 53798, 52209, 83316, 17095, 8205, 16599, 45294, 13299, 20693]
T2 = [92518, 87409, 7101, 5796, 1001, 47103, 16993, 6004, 164982, 5095, 144696, 45789, 10887, 32604, 900, 47598, 2904, 1401, 28302, 66800, 8995, 15108, 29673, 70398, 44394, 43090, 3699, 25904, 1200, 8394]

id 42
F = [35, 34, 45, 12, 127, 42, 179, 32, 205, 7, 37, 45, 144, 32, 40, 40, 145, 285, 30, 37, 37, 36, 48, 163, 38, 36, 49, 35, 195, 27]
F2 = [10, 247, 230, 27, 70, 135, 18, 193, 124, 31, 5, 2, 221, 13, 3, 11, 154, 207, 2, 12, 149, 156, 188, 293, 3, 82, 93, 135, 34, 89]
T = [15709, 13203, 19500, 6503, 46712, 16800, 63710, 12900, 91500, 7602, 14602, 18302, 50987, 16504, 18799, 19103, 52206, 158092, 16498, 15991, 14991, 14606, 28296, 56716, 14897, 23208, 19099, 14791, 68005, 14902]
T2 = [4301, 83869, 93517, 10406, 25610, 45706, 6303, 64790, 47984, 12195, 2100, 800, 74818, 4902, 2199, 4605, 51688, 90618, 1400, 4403, 51821, 53804, 90777, 97700, 1402, 30583, 31891, 46404, 11906, 31090]

id 43
F = [39, 19, 35, 136, 57, 302, 44, 160, 133, 68, 40, 146, 57, 189, 39, 177, 144, 183, 37, 15, 237, 41, 144, 7, 14, 38, 118, 52, 39, 41]
F2 = [87, 23, 18, 19, 436, 35, 12, 295, 37, 267, 189, 83, 262, 113, 2, 86, 126, 143, 416, 36, 138, 16, 143, 34, 270, 15, 696, 15, 444, 13]
T = [19392, 9794, 31001, 49411, 24407, 127397, 22599, 60898, 48705, 32587, 16595, 51295, 22199, 66212, 19504, 71689, 54202, 72286, 18303, 8397, 82901, 15696, 80796, 7599, 8894, 15600, 44413, 19603, 16600, 17100]
T2 = [44691, 8297, 8301, 6899, 148611, 12994, 5199, 123202, 13107, 91894, 66797, 28501, 90825, 37592, 1101, 31105, 43304, 55727, 278792, 14100, 46804, 5906, 55296, 13591, 91313, 5897, 242194, 5299, 150390, 5101]

id 44
F = [11, 8, 135, 39, 26, 8, 43, 19, 41, 43, 11, 45, 42, 45, 7, 57, 8, 34, 140, 59, 49, 143, 49, 10, 37, 38, 60, 48, 7, 15]
F2 = [21, 21, 75, 127, 2, 35, 2, 26, 130, 19, 138, 15, 74, 191, 28, 132, 330, 92, 44, 201, 89, 86, 255, 50, 254, 2, 89, 250, 27, 34]
T = [8394, 9695, 67190, 16402, 18709, 8204, 18309, 8702, 17308, 17195, 10599, 18790, 23607, 19203, 5702, 21994, 6003, 15700, 50286, 23797, 20693, 65012, 19201, 5497, 18386, 18399, 23799, 22496, 5802, 7297]
T2 = [7898, 8604, 33900, 43403, 2302, 12204, 1599, 8795, 44404, 7199, 63791, 5298, 26297, 69499, 13894, 44395, 191832, 32708, 15002, 69582, 31187, 32712, 86805, 17198, 142683, 2301, 30202, 88914, 10504, 11598]

id 45
F = [49, 15, 278, 12, 37, 234, 8, 45, 154, 7, 141, 13, 47, 49, 40, 11, 10, 39, 153, 19, 128, 10, 117, 42, 50, 273, 35, 122, 37, 36]
F2 = [222, 120, 219, 28, 350, 91, 29, 184, 284, 37, 37, 31, 465, 141, 375, 35, 23, 452, 152, 134, 434, 134, 660, 185, 191, 226, 159, 200, 260, 173]
T = [19300, 8100, 97614, 6703, 15098, 92584, 4896, 19202, 55704, 5499, 50493, 7599, 17793, 20603, 16608, 15300, 5899, 19304, 53884, 9297, 55489, 6097, 54310, 17700, 18897, 95491, 14396, 45497, 29400, 15402]
T2 = [78787, 40592, 76487, 10699, 118606, 33706, 10600, 62801, 96507, 13798, 13001, 13205, 157857, 52997, 129135, 13296, 8594, 154623, 51500, 45411, 157206, 45397, 221902, 63001, 67295, 89712, 53602, 73012, 87683, 60095]

id 46
F = [404, 32, 54, 13, 150, 46, 36, 9, 44, 42, 42, 64, 36, 33, 12, 305, 57, 12, 39, 236, 14, 45, 10, 237, 40, 291, 15, 40, 16, 18]
F2 = [222, 2, 134, 23, 144, 390, 144, 471, 16, 375, 22, 77, 146, 146, 40, 24, 755, 22, 393, 596, 25, 11, 35, 578, 140, 216, 26, 168, 474, 30]
T = [151215, 16702, 25289, 6797, 59994, 19107, 18297, 6400, 17300, 19496, 17706, 24696, 15104, 13504, 10600, 109392, 23994, 6598, 15595, 109610, 8697, 20804, 6896, 96588, 21802, 100511, 8401, 28101, 8402, 8507]
T2 = [80924, 1101, 45894, 8003, 54294, 145623, 53688, 198895, 5696, 129216, 7702, 26903, 49589, 48207, 17686, 8901, 324189, 7795, 140783, 212520, 9303, 4696, 14398, 214773, 58707, 72997, 11099, 58588, 365609, 10910]

id 47
F = [40, 270, 129, 42, 162, 43, 10, 15, 41, 54, 34, 409, 52, 63, 209, 49, 179, 35, 42, 10, 9, 37, 35, 34, 14, 43, 202, 37, 19, 15]
F2 = [111, 91, 89, 284, 79, 17, 31, 310, 596, 662, 25, 244, 82, 92, 276, 490, 103, 2, 202, 134, 27, 12, 18, 169, 142, 12, 51, 188, 28, 36]
T = [15905, 97102, 45301, 16793, 60002, 21195, 6496, 7702, 20309, 22283, 14599, 170197, 21004, 24002, 79083, 19302, 62789, 14896, 17990, 6099, 4602, 14894, 13491, 14203, 9398, 17803, 70603, 16702, 8401, 7602]
T2 = [37610, 30899, 30303, 96618, 29302, 5794, 10804, 106201, 201814, 228779, 9198, 83210, 28309, 32007, 130211, 179912, 35591, 1102, 75107, 44685, 10096, 4698, 6498, 58020, 63208, 4399, 17813, 63005, 9892, 13788]

id 48
F = [45, 40, 144, 128, 39, 52, 38, 36, 16, 8, 39, 10, 53, 35, 164, 33, 193, 51, 284, 125, 33, 33, 33, 181, 38, 43, 37, 36, 182, 206]
F2 = [491, 255, 37, 356, 18, 140, 185, 144, 131, 144, 100, 118, 429, 470, 82, 92, 31, 151, 547, 42, 14, 151, 144, 144, 144, 352, 317, 6, 21, 101]
T = [17797, 15507, 52598, 50493, 18600, 21811, 15905, 17296, 8002, 5803, 22992, 14404, 21202, 15694, 95889, 41095, 67907, 23905, 100807, 45213, 14002, 18402, 17097, 72997, 16295, 18993, 18697, 18109, 72798, 74612]
T2 = [270145, 102693, 12899, 131097, 8805, 47410, 77499, 72698, 44305, 49403, 67714, 55998, 146688, 161240, 65512, 37579, 11107, 50292, 184057, 15001, 5397, 67585, 54801, 55697, 109401, 119514, 116609, 2800, 7501, 39885]

id 49
F = [40, 479, 12, 172, 145, 194, 146, 118, 198, 191, 12, 18, 32, 511, 15, 332, 171, 52, 223, 36, 33, 46, 48, 34, 47, 357, 12, 8, 8, 37]
F2 = [185, 146, 116, 148, 86, 23, 144, 155, 181, 140, 22, 28, 3, 318, 25, 181, 179, 103, 420, 450, 255, 17, 20, 8, 205, 123, 128, 32, 34, 142]
T = [16395, 183800, 7001, 59912, 62097, 66987, 54491, 47211, 69720, 67197, 7602, 9501, 16304, 198240, 10199, 147006, 58904, 21101, 79389, 20002, 20001, 20504, 20302, 15099, 22497, 124486, 7904, 8698, 5501, 19094]
T2 = [63504, 73010, 50087, 49706, 38190, 7898, 48813, 58898, 61104, 49794, 8197, 9902, 1500, 124516, 9002, 80581, 68686, 35703, 140315, 170498, 88788, 6195, 7399, 3403, 79702, 42012, 50297, 12498, 12402, 48087]

id 50
F = [288, 9, 44, 615, 13, 61, 38, 220, 273, 14, 53, 188, 32, 145, 44, 36, 58, 190, 147, 178, 58, 214, 31, 12, 13, 34, 112, 16, 173, 210]
F2 = [381, 30, 262, 238, 24, 139, 423, 272, 1010, 171, 514, 94, 71, 38, 163, 89, 92, 315, 33, 249, 151, 256, 182, 132, 33, 186, 14, 131, 14, 257]
T = [100186, 5199, 20793, 226922, 7203, 23003, 15996, 76999, 98485, 9902, 21897, 67192, 16396, 52894, 17509, 18205, 25098, 67912, 51493, 62093, 22102, 75301, 17987, 5997, 8295, 13799, 44901, 11995, 70208, 74122]
T2 = [130880, 10903, 88605, 81893, 8994, 48500, 160595, 92677, 364267, 59303, 171715, 41402, 154611, 14707, 56289, 43800, 32093, 106776, 11302, 84609, 51892, 85208, 62803, 44591, 13801, 63391, 5496, 45096, 5698, 86894]

id 51
F = [153, 125, 34, 11, 17, 35, 13, 45, 175, 36, 42, 50, 41, 189, 50, 173, 145, 55, 13, 15, 46, 202, 132, 45, 37, 55, 150, 51, 56, 62]
F2 = [35, 133, 13, 247, 190, 136, 478, 329, 176, 95, 12, 445, 3, 133, 146, 94, 82, 87, 33, 130, 154, 29, 40, 139, 5, 164, 309, 257, 119, 90]
T = [73703, 44202, 16602, 7903, 9897, 14687, 7295, 18500, 62001, 15998, 23007, 20806, 17310, 77600, 36396, 62014, 50997, 20701, 8599, 11105, 20106, 69884, 60592, 17686, 14408, 20099, 54208, 26600, 24023, 26602]
T2 = [16897, 45702, 6405, 87508, 107596, 46783, 183086, 117813, 62701, 33294, 4602, 192504, 1200, 69896, 68698, 32509, 27900, 29197, 11688, 43503, 110507, 10003, 13804, 47603, 2100, 59090, 104204, 153367, 50204, 30499]

id 52
F = [36, 138, 126, 10, 301, 36, 113, 39, 12, 130, 36, 35, 11, 39, 40, 39, 178, 141, 12, 191, 9, 29, 38, 11, 33, 42, 163, 29, 133, 44]
F2 = [406, 93, 39, 136, 228, 189, 384, 13, 33, 47, 154, 92, 29, 406, 13, 147, 126, 143, 28, 33, 130, 395, 24, 141, 22, 133, 19, 116, 79, 185]
T = [14997, 52518, 45502, 6401, 103785, 17301, 41901, 17692, 8594, 65405, 17393, 15003, 9902, 23594, 15907, 16297, 64406, 93805, 6199, 67312, 6599, 13098, 15502, 6297, 14901, 18105, 73197, 13494, 48021, 16903]
T2 = [145006, 31900, 13797, 46101, 88698, 69308, 130217, 5101, 12603, 22400, 58699, 30797, 10498, 213729, 4597, 55517, 126210, 57027, 9491, 11795, 48081, 154934, 9697, 51709, 8798, 45082, 7702, 44298, 26700, 63390]

id 53
F = [35, 55, 38, 224, 282, 135, 189, 140, 143, 40, 46, 36, 179, 65, 51, 38, 55, 14, 16, 295, 144, 38, 18, 54, 55, 9, 37, 36, 29, 136]
F2 = [172, 86, 139, 601, 28, 75, 97, 80, 42, 646, 136, 138, 148, 81, 84, 91, 91, 304, 141, 70, 275, 153, 258, 91, 438, 198, 7, 112, 259, 145]
T = [14101, 21195, 15397, 91086, 96984, 51712, 74891, 48783, 70002, 21103, 19604, 16804, 64896, 26996, 23500, 14790, 23416, 7200, 10001, 101592, 51605, 17100, 10394, 24209, 23503, 5504, 23005, 15702, 14692, 50200]
T2 = [58000, 29296, 47898, 261120, 9996, 28995, 40612, 26991, 13903, 234268, 46188, 47617, 50613, 28410, 29511, 30802, 38795, 104106, 57199, 23807, 102514, 56201, 88305, 31107, 154587, 66787, 3902, 39903, 88309, 49893]

id 54
F = [53, 45, 138, 224, 130, 34, 270, 191, 213, 38, 36, 35, 41, 49, 52, 44, 30, 50, 62, 432, 50, 55, 15, 34, 10, 54, 17, 47, 41, 44]
F2 = [81, 246, 320, 59, 84, 377, 364, 199, 1050, 247, 113, 152, 234, 2, 95, 223, 192, 440, 990, 424, 443, 277, 32, 11, 208, 209, 183, 84, 17, 82]
T = [20398, 19290, 65104, 77579, 46905, 15007, 96591, 79635, 118909, 16899, 16798, 18794, 16598, 19100, 23601, 22003, 14807, 20307, 26605, 148283, 19499, 21609, 6903, 15791, 5401, 20804, 7799, 18700, 17604, 17797]
T2 = [27297, 84495, 131691, 21101, 28904, 133808, 123097, 67991, 379329, 103415, 39496, 52411, 80013, 1100, 33009, 80805, 64795, 152095, 351297, 143707, 148874, 101402, 11098, 4097, 160784, 70894, 62801, 41615, 7498, 28490]

id 55
F = [140, 43, 59, 53, 31, 14, 117, 35, 38, 50, 38, 46, 12, 37, 182, 171, 34, 154, 113, 230, 32, 15, 35, 19, 12, 49, 200, 242, 36, 63]
F2 = [140, 12, 82, 91, 137, 25, 217, 16, 165, 254, 12, 18, 114, 194, 139, 17, 149, 80, 78, 126, 92, 198, 149, 25, 174, 132, 330, 52, 89, 276]
T = [50391, 19496, 21596, 19503, 12700, 10297, 40905, 36606, 15396, 20504, 16807, 17798, 6197, 19999, 66005, 64814, 16398, 55891, 46496, 81006, 16297, 7201, 21100, 9200, 6804, 19299, 69019, 83295, 25423, 24304]
T2 = [47394, 4505, 28698, 31994, 47014, 8900, 74894, 5603, 55587, 86001, 7301, 6495, 39192, 68093, 46402, 6399, 51610, 26897, 32610, 42998, 32499, 68695, 50500, 8798, 59381, 45101, 111583, 17204, 31100, 93992]

id 56
F = [286, 15, 38, 35, 64, 33, 60, 40, 41, 200, 37, 13, 43, 337, 44, 46, 29, 30, 414, 17, 28, 24, 14, 148, 185, 37, 180, 30, 43, 125]
F2 = [224, 130, 246, 232, 134, 21, 454, 148, 265, 18, 428, 26, 16, 64, 2, 156, 258, 9, 225, 281, 2, 473, 120, 45, 307, 372, 27, 180, 486, 171]
T = [101503, 11396, 13902, 15284, 25799, 13098, 37902, 16193, 15501, 72901, 14999, 14093, 25308, 115470, 24911, 19094, 13501, 12702, 149997, 12300, 15698, 10903, 8796, 51883, 68398, 16902, 62990, 18097, 16095, 80296]
T2 = [74799, 43895, 83392, 78513, 72293, 7399, 188108, 49387, 91298, 6097, 144500, 10003, 6894, 21699, 1297, 53510, 86821, 3301, 76097, 259991, 1701, 157685, 49894, 15188, 109496, 139303, 15697, 61122, 165905, 57298]

id 57
F = [42, 21, 51, 35, 15, 9, 423, 9, 43, 129, 28, 47, 219, 54, 206, 181, 34, 128, 38, 195, 14, 41, 12, 36, 42, 35, 198, 10, 139, 14]
F2 = [134, 216, 157, 457, 22, 183, 105, 26, 145, 673, 178, 21, 160, 83, 30, 99, 150, 361, 147, 99, 140, 173, 29, 3, 2, 93, 41, 33, 71, 147]
T = [17307, 10400, 20397, 18002, 7307, 6496, 145709, 6499, 18291, 45601, 19892, 21095, 76723, 25790, 77593, 63598, 30100, 45280, 22095, 69086, 7995, 16106, 6799, 17200, 16717, 13797, 89487, 5596, 49881, 7002]
T2 = [46087, 73013, 53319, 162810, 7594, 70164, 35796, 9605, 48477, 228852, 60308, 7899, 54190, 35193, 11189, 33300, 61902, 125080, 93996, 37295, 140692, 58807, 9894, 1601, 1101, 31201, 24998, 11699, 24311, 50507]

id 58
F = [26, 31, 13, 155, 39, 31, 12, 35, 36, 292, 173, 38, 40, 30, 298, 39, 37, 310, 15, 35, 126, 38, 144, 37, 10, 234, 177, 47, 269, 36]
F2 = [14, 2, 35, 42, 17, 2, 22, 167, 11, 562, 325, 18, 161, 12, 9, 9, 14, 91, 28, 13, 207, 754, 70, 2, 32, 128, 28, 3, 206, 175]
T = [13990, 17403, 15303, 55191, 15798, 19097, 7999, 14606, 15295, 117396, 68979, 20794, 30900, 15700, 130491, 17797, 18093, 110802, 8601, 16300, 54291, 16608, 50706, 15695, 6202, 83107, 61507, 18796, 91592, 14804]
T2 = [5506, 1500, 13399, 14599, 5895, 1001, 7494, 55300, 4302, 214091, 121901, 7998, 63089, 5100, 7000, 4096, 5398, 62204, 10202, 5700, 162613, 263292, 23804, 1002, 11605, 43091, 9698, 1499, 70687, 59294]

id 59
F = [167, 185, 14, 192, 41, 39, 16, 52, 18, 41, 17, 17, 15, 54, 13, 136, 294, 127, 35, 165, 27, 35, 143, 45, 15, 40, 320, 11, 15, 10]
F2 = [1184, 29, 120, 145, 139, 140, 29, 250, 135, 2, 27, 25, 141, 216, 33, 305, 367, 22, 15, 14, 159, 65, 42, 422, 140, 334, 32, 26, 473, 22]
T = [60092, 67389, 12602, 66902, 16602, 16606, 9602, 20206, 13803, 17100, 13104, 7402, 9594, 20905, 7798, 47614, 103385, 48699, 14706, 58902, 14398, 17500, 50907, 19709, 8198, 17206, 112086, 11797, 14306, 6603]
T2 = [410146, 10603, 42089, 48417, 47402, 47915, 11696, 84605, 69191, 999, 9698, 8799, 48000, 72895, 11696, 107809, 126903, 7705, 5200, 5501, 53900, 23702, 13698, 142024, 47302, 114097, 11304, 9202, 160291, 8401]

id 60
F = [32, 182, 34, 36, 17, 284, 44, 187, 12, 125, 48, 43, 176, 183, 185, 35, 293, 44, 11, 61, 50, 36, 152, 189, 223, 48, 240, 31, 15, 37]
F2 = [195, 325, 143, 13, 159, 124, 237, 85, 28, 386, 106, 16, 14, 108, 98, 403, 217, 145, 34, 147, 11, 17, 40, 322, 70, 233, 109, 157, 125, 180]
T = [13895, 84582, 13401, 20497, 7494, 98509, 17792, 65514, 7497, 45396, 25491, 32298, 63512, 70083, 68285, 19101, 100814, 17107, 7798, 26298, 19303, 15395, 59908, 72097, 79610, 20297, 83912, 12705, 8406, 15595]
T2 = [66795, 121981, 48692, 9298, 53328, 41704, 80505, 29103, 9401, 138604, 51996, 8299, 5504, 38294, 34206, 153011, 71904, 48997, 12896, 50813, 4098, 6802, 32298, 135792, 23591, 81004, 37791, 53199, 42803, 60887]

id 61
F = [127, 195, 155, 31, 222, 201, 11, 39, 44, 33, 148, 221, 62, 34, 33, 186, 132, 35, 52, 36, 49, 47, 140, 191, 11, 42, 12, 40, 41, 12]
F2 = [39, 91, 156, 70, 129, 319, 201, 98, 98, 2, 156, 58, 105, 137, 24, 35, 78, 87, 84, 182, 84, 93, 38, 307, 120, 14, 321, 246, 196, 205]
T = [53093, 80096, 55403, 13401, 78297, 70991, 6798, 16094, 17105, 14493, 53492, 83692, 22902, 14599, 15693, 64396, 51893, 15307, 20300, 17001, 20699, 27998, 52001, 65800, 6498, 18806, 6899, 16603, 16011, 9802]
T2 = [16087, 31409, 53190, 25212, 43793, 107563, 68620, 33313, 33400, 1000, 51916, 19808, 36308, 46409, 32097, 12295, 32898, 29900, 32492, 62190, 28697, 35706, 13599, 103695, 41314, 5895, 108309, 82602, 65999, 76902]

id 62
F = [128, 49, 40, 144, 44, 40, 41, 151, 36, 125, 471, 43, 141, 9, 135, 32, 253, 8, 29, 9, 27, 41, 166, 38, 430, 8, 37, 9, 5, 401]
F2 = [196, 86, 257, 304, 180, 172, 2, 376, 337, 34, 8, 14, 150, 28, 142, 150, 244, 127, 77, 359, 157, 467, 26, 163, 371, 1291, 465, 312, 23, 426]
T = [51905, 19405, 23609, 50877, 18291, 15208, 16801, 53505, 14804, 47689, 158626, 23707, 52898, 7700, 50811, 21599, 161580, 4901, 11798, 7099, 11398, 22200, 57403, 16204, 154601, 5499, 15805, 5200, 5000, 140157]
T2 = [68603, 29293, 382510, 102002, 61593, 59981, 1000, 128212, 115916, 12805, 3001, 20798, 51692, 10799, 48196, 87511, 87510, 44313, 26488, 122800, 56380, 165028, 9201, 55617, 125104, 436280, 155506, 106090, 8301, 188466]

id 63
F = [34, 152, 31, 36, 290, 47, 135, 20, 42, 15, 39, 34, 12, 165, 136, 182, 8, 40, 34, 35, 36, 177, 38, 35, 42, 138, 37, 206, 499, 11]
F2 = [2, 73, 840, 32, 209, 138, 410, 22, 248, 37, 257, 92, 345, 178, 42, 309, 27, 82, 8, 2, 366, 184, 12, 149, 257, 311, 147, 282, 357, 36]
T = [14495, 53612, 12405, 14803, 127530, 20100, 48212, 9196, 19613, 7598, 17200, 17212, 6807, 90903, 67000, 66412, 7003, 17400, 16899, 14706, 16401, 74299, 15606, 14502, 17393, 49393, 14500, 72387, 172396, 7600]
T2 = [1101, 24686, 290263, 10900, 80887, 47708, 138388, 7601, 110193, 13403, 95372, 38584, 121587, 82102, 15201, 103800, 11698, 28007, 3099, 900, 242300, 72702, 4300, 50997, 87911, 105587, 50001, 93096, 120811, 14999]

id 64
F = [136, 183, 177, 52, 279, 45, 8, 289, 190, 38, 43, 10, 14, 42, 28, 29, 132, 33, 31, 31, 54, 13, 45, 55, 14, 153, 202, 39, 38, 166]
F2 = [146, 82, 317, 105, 37, 462, 29, 7, 187, 267, 167, 30, 18, 139, 358, 146, 145, 101, 243, 464, 89, 18, 88, 92, 188, 40, 293, 3, 2, 656]
T = [51600, 74601, 66117, 20600, 95681, 18308, 5393, 127086, 78307, 25108, 20697, 10298, 13201, 17998, 12796, 14389, 46906, 14487, 14108, 12997, 21486, 8900, 19000, 22195, 11701, 63007, 77785, 19193, 17698, 64090]
T2 = [51804, 28199, 105597, 36398, 12899, 176089, 10498, 3302, 69813, 108601, 65727, 11904, 6899, 55909, 133815, 51209, 50207, 41498, 91193, 156002, 30304, 6902, 30511, 31398, 88794, 16598, 106302, 1603, 998, 435563]

id 65
F = [61, 144, 10, 19, 40, 16, 34, 37, 12, 40, 41, 16, 40, 10, 15, 224, 47, 116, 37, 15, 152, 31, 17, 143, 8, 32, 30, 12, 40, 14]
F2 = [82, 244, 21, 33, 14, 663, 250, 132, 127, 139, 192, 20, 334, 31, 29, 1103, 15, 364, 15, 185, 45, 344, 22, 358, 28, 2, 253, 25, 451, 35]
T = [38795, 50289, 7396, 14096, 21004, 9898, 14594, 15005, 8001, 16303, 15407, 10102, 15998, 6799, 10000, 80601, 20196, 41201, 15408, 6906, 60794, 16702, 8799, 56616, 8500, 17196, 19897, 9002, 16308, 7202]
T2 = [45110, 83606, 8899, 14297, 5002, 226805, 132891, 47507, 46185, 47010, 66174, 7001, 123216, 11497, 10098, 371770, 6097, 130213, 6099, 62305, 17404, 126908, 8295, 145200, 13092, 1900, 123612, 10599, 159599, 11894]

id 66
F = [28, 193, 156, 39, 192, 5, 149, 40, 183, 54, 9, 49, 10, 12, 146, 186, 41, 227, 13, 15, 44, 12, 38, 39, 132, 16, 52, 11, 185, 372]
F2 = [13, 29, 78, 136, 24, 27, 261, 14, 556, 89, 25, 94, 33, 143, 40, 324, 17, 600, 268, 29, 2, 24, 93, 15, 36, 34, 19, 36, 619, 72]
T = [15001, 67003, 56200, 15202, 68003, 4102, 55700, 15902, 68983, 22103, 5199, 24307, 9103, 12001, 52612, 93985, 16900, 80093, 7803, 7796, 17706, 6400, 16608, 15891, 66210, 8802, 25595, 6996, 65603, 137599]
T2 = [8396, 10102, 26399, 46808, 8907, 9097, 100202, 5302, 294863, 30098, 9708, 36005, 23601, 53704, 14102, 111709, 5893, 210498, 99994, 10693, 901, 9701, 32396, 5600, 20303, 12195, 6395, 12399, 209530, 24789]

id 67
F = [39, 38, 10, 45, 32, 29, 292, 31, 47, 38, 141, 11, 61, 34, 37, 44, 178, 41, 12, 135, 10, 58, 35, 36, 11, 11, 13, 41, 182, 492]
F2 = [395, 20, 28, 20, 456, 22, 37, 83, 272, 201, 128, 131, 445, 12, 247, 125, 314, 410, 32, 390, 28, 92, 271, 3, 148, 28, 23, 91, 27, 105]
T = [15093, 17494, 5298, 19208, 16902, 14301, 100786, 14506, 18993, 21002, 54699, 7400, 27606, 14398, 14598, 18501, 74601, 17395, 6205, 50018, 4900, 27304, 18596, 14498, 9103, 6201, 6994, 40103, 64197, 166803]
T2 = [133183, 7204, 10202, 7198, 157011, 8306, 13197, 28995, 92107, 69891, 42896, 48207, 167793, 4400, 83082, 42113, 105781, 137990, 10900, 153083, 9606, 31804, 112421, 1299, 62806, 10308, 10998, 31218, 9606, 36098]

id 68
F = [8, 144, 170, 6, 142, 16, 13, 33, 43, 36, 207, 203, 39, 40, 47, 11, 37, 198, 36, 38, 151, 9, 58, 41, 129, 47, 33, 59, 136, 9]
F2 = [29, 81, 50, 31, 172, 353, 131, 3, 142, 9, 26, 13, 181, 151, 18, 42, 14, 622, 357, 210, 41, 20, 93, 143, 80, 179, 131, 217, 75, 186]
T = [5800, 55900, 74807, 5301, 66003, 9302, 6900, 15691, 17997, 16193, 136688, 83285, 16504, 17695, 18509, 7699, 15204, 92903, 15599, 23507, 53607, 6605, 25897, 17400, 46209, 52805, 13699, 25307, 49007, 8900]
T2 = [10699, 29692, 17192, 11091, 59089, 120018, 45396, 1798, 47406, 3502, 10397, 6304, 61204, 64494, 6296, 14800, 5202, 219787, 130914, 134486, 13800, 7797, 33689, 48597, 27601, 80099, 44500, 77895, 25695, 64305]

id 69
F = [9, 16, 37, 56, 37, 196, 32, 26, 40, 32, 44, 30, 16, 19, 117, 146, 43, 135, 9, 11, 56, 39, 11, 49, 11, 57, 37, 236, 40, 43]
F2 = [221, 484, 228, 435, 559, 282, 2, 12, 183, 2, 191, 153, 45, 175, 18, 78, 18, 142, 26, 27, 135, 374, 132, 140, 24, 78, 13, 100, 9, 17]
T = [5297, 7404, 15698, 21008, 15899, 69398, 13903, 12795, 20698, 14113, 17401, 15112, 8101, 9501, 44717, 50782, 18799, 61102, 6095, 9500, 57296, 16598, 7002, 19602, 6304, 21400, 18406, 81997, 17702, 16402]
T2 = [76799, 212402, 78122, 146890, 189987, 94808, 1000, 4996, 92793, 899, 65527, 50384, 15905, 60003, 6394, 26887, 6699, 58409, 8996, 12610, 46793, 126829, 49785, 47988, 8496, 37295, 5299, 33608, 11000, 5802]

id 70
F = [30, 32, 15, 52, 13, 52, 44, 41, 138, 38, 32, 46, 56, 40, 35, 35, 17, 174, 177, 32, 40, 45, 34, 455, 37, 34, 14, 36, 19, 221]
F2 = [145, 256, 125, 4, 118, 114, 474, 18, 39, 409, 132, 690, 102, 19, 384, 454, 279, 28, 78, 2, 27, 253, 131, 68, 352, 265, 507, 2, 191, 105]
T = [13995, 14505, 8100, 20007, 7701, 130607, 18802, 18997, 57101, 16403, 13602, 37701, 23308, 17001, 14499, 18603, 16804, 61498, 67688, 12495, 15798, 17390, 13907, 190706, 14701, 15198, 7899, 14701, 10601, 77291]
T2 = [56898, 87808, 42688, 1500, 48110, 45701, 158982, 7497, 15988, 157987, 44992, 246395, 34981, 7301, 129814, 155478, 120108, 9906, 27104, 799, 10201, 86419, 45001, 23604, 127092, 88292, 174676, 1501, 74194, 35904]

id 71
F = [58, 35, 193, 41, 46, 32, 216, 180, 37, 36, 179, 53, 43, 35, 141, 35, 54, 149, 189, 36, 34, 5, 29, 35, 37, 34, 7, 35, 41, 128]
F2 = [96, 88, 33, 144, 850, 16, 268, 305, 257, 151, 308, 462, 248, 6, 34, 79, 83, 75, 131, 225, 6, 35, 199, 10, 404, 141, 22, 11, 138, 19]
T = [22400, 15304, 65589, 17994, 16909, 18197, 76702, 62993, 14907, 13998, 65305, 22285, 19398, 15001, 51006, 18496, 29186, 55503, 68399, 15301, 13795, 5100, 12102, 14402, 15600, 14306, 5600, 14492, 17796, 45190]
T2 = [32620, 29993, 10799, 49015, 292787, 9892, 94995, 102193, 95683, 51807, 104879, 164915, 88004, 2402, 12097, 41797, 28899, 25894, 44685, 75994, 2502, 12904, 68689, 3501, 136712, 48511, 9210, 4401, 47485, 7201]

id 72
F = [124, 53, 142, 40, 44, 143, 42, 499, 9, 200, 32, 14, 12, 359, 49, 175, 131, 12, 295, 10, 10, 9, 33, 14, 44, 7, 187, 38, 35, 429]
F2 = [23, 89, 47, 244, 21, 34, 491, 10, 21, 228, 249, 21, 20, 73, 188, 484, 704, 18, 38, 25, 187, 126, 16, 131, 245, 123, 93, 11, 254, 66]
T = [44708, 21397, 63371, 18799, 17900, 50404, 18103, 171626, 5499, 79419, 16200, 8903, 6405, 124170, 18495, 61497, 61593, 6502, 101906, 6802, 7201, 4797, 13392, 6905, 20504, 10799, 65803, 16506, 17701, 147867]
T2 = [8396, 30703, 17191, 105514, 7500, 11906, 222266, 3498, 7496, 78026, 95597, 7701, 7097, 35910, 63803, 162026, 237299, 6098, 13204, 8297, 63389, 42602, 5802, 49317, 92109, 62092, 32011, 4301, 124185, 22689]

id 73
F = [479, 43, 33, 51, 31, 14, 176, 149, 37, 139, 31, 506, 53, 42, 214, 39, 9, 8, 176, 34, 198, 12, 39, 16, 263, 371, 148, 12, 41, 147]
F2 = [404, 448, 10, 611, 169, 359, 184, 282, 166, 42, 16, 137, 139, 17, 111, 188, 27, 125, 318, 479, 89, 171, 145, 131, 29, 391, 32, 42, 95, 252]
T = [216996, 28700, 19303, 24498, 12896, 13297, 61099, 57502, 17395, 49005, 17909, 178891, 22694, 18695, 75409, 20500, 5300, 12297, 61696, 13901, 72701, 5396, 16193, 7197, 93799, 127254, 51716, 7099, 15802, 62594]
T2 = [162106, 152672, 4393, 235187, 64311, 158395, 61187, 105300, 56485, 15202, 6899, 47603, 54687, 6000, 38707, 62391, 9395, 44707, 126390, 163401, 30499, 58419, 49808, 45004, 10099, 143194, 11302, 14705, 32005, 85586]

id 74
F = [52, 13, 57, 37, 42, 129, 42, 123, 47, 13, 11, 126, 46, 181, 12, 152, 37, 54, 511, 10, 42, 51, 36, 147, 180, 15, 154, 40, 43, 42]
F2 = [82, 22, 88, 176, 15, 149, 351, 18, 140, 176, 21, 21, 398, 102, 30, 494, 485, 263, 265, 278, 18, 143, 23, 83, 660, 24, 192, 147, 587, 2]
T = [27303, 8002, 22491, 20604, 16295, 68094, 17697, 44702, 18296, 7601, 6905, 46997, 22400, 65589, 6401, 54791, 15709, 25911, 177973, 6401, 29697, 33987, 15398, 58914, 62602, 14802, 52301, 16297, 17615, 17296]
T2 = [41499, 8096, 29897, 61889, 5599, 56186, 119129, 6602, 48392, 62410, 7093, 7497, 133787, 34196, 10895, 166503, 162821, 96108, 108407, 96508, 87200, 227598, 8199, 37511, 238886, 9196, 64903, 49499, 200873, 998]

id 75
F = [36, 16, 12, 39, 28, 12, 48, 19, 215, 243, 44, 41, 36, 35, 45, 38, 29, 174, 9, 40, 11, 12, 31, 41, 38, 145, 139, 55, 13, 134]
F2 = [152, 128, 300, 170, 86, 26, 167, 142, 102, 249, 13, 403, 335, 168, 2, 93, 179, 9, 35, 151, 24, 144, 138, 85, 135, 41, 135, 101, 19, 86]
T = [16698, 7100, 8804, 18904, 15997, 7903, 19297, 10198, 76131, 100512, 17497, 16904, 24101, 13988, 19399, 15202, 12903, 60899, 5995, 17403, 7401, 12901, 12996, 17403, 15303, 52401, 49487, 23302, 9897, 55519]
T2 = [52481, 44603, 128494, 79719, 33504, 8689, 57907, 48797, 35502, 90694, 4906, 137511, 115973, 57213, 1199, 31609, 61392, 3402, 12503, 51390, 10196, 62214, 47191, 29598, 48500, 14306, 45310, 44609, 7094, 31592]

id 76
F = [123, 12, 18, 8, 40, 197, 45, 204, 197, 35, 185, 52, 14, 39, 179, 51, 16, 217, 37, 30, 39, 33, 203, 42, 225, 38, 36, 38, 32, 37]
F2 = [1157, 17, 23, 826, 256, 335, 250, 17, 157, 152, 25, 490, 34, 80, 134, 89, 31, 93, 20, 23, 16, 138, 268, 189, 262, 391, 715, 141, 2, 26]
T = [43403, 9200, 8803, 8901, 18098, 68916, 18206, 69096, 71817, 14798, 66616, 20003, 7501, 15607, 72086, 22098, 16102, 95411, 13495, 14799, 16307, 14303, 72409, 16393, 80028, 15096, 16103, 15403, 13593, 14596]
T2 = [390758, 6798, 8200, 344995, 87500, 112087, 98102, 6096, 54411, 52000, 9096, 259551, 12095, 27911, 52682, 30608, 13305, 32195, 7100, 8498, 6004, 47602, 97184, 64493, 88899, 130815, 242900, 47706, 1001, 9197]

id 77
F = [30, 146, 183, 132, 51, 54, 11, 138, 36, 11, 31, 50, 57, 40, 36, 35, 47, 43, 128, 40, 7, 43, 127, 38, 56, 157, 31, 14, 189, 202]
F2 = [190, 73, 86, 139, 89, 194, 348, 324, 16, 188, 12, 89, 280, 173, 138, 172, 239, 18, 138, 248, 122, 179, 73, 600, 80, 130, 241, 177, 16, 191]
T = [12896, 51608, 66792, 47301, 38596, 20491, 7998, 51405, 13903, 7398, 14801, 24008, 25800, 16691, 14790, 22205, 18093, 17601, 47993, 17199, 5202, 16906, 50691, 18495, 23107, 86198, 12605, 7598, 85921, 72125]
T2 = [64413, 25012, 29194, 47401, 30398, 65015, 122186, 113509, 5703, 62702, 4695, 34986, 97405, 57790, 46800, 61303, 83594, 8802, 47791, 83608, 44311, 61410, 25289, 209563, 26795, 73378, 79779, 60222, 6401, 64208]

id 78
F = [34, 61, 346, 52, 63, 31, 46, 34, 294, 195, 11, 41, 34, 36, 54, 10, 321, 50, 148, 13, 11, 33, 41, 7, 36, 134, 57, 42, 42, 141]
F2 = [187, 84, 60, 3, 100, 29, 172, 182, 33, 246, 35, 143, 10, 182, 264, 25, 36, 201, 143, 132, 188, 97, 153, 22, 6, 81, 149, 472, 192, 76]
T = [16808, 28411, 138057, 19405, 23604, 13303, 17597, 15206, 105919, 91028, 6597, 15405, 18400, 15906, 25588, 11503, 110083, 19603, 52792, 7400, 9604, 13088, 19997, 4495, 16806, 53458, 23399, 17497, 23401, 51596]
T2 = [74102, 28602, 23703, 1400, 34103, 16401, 58898, 64536, 12704, 97689, 11901, 48007, 4602, 61709, 116703, 9200, 12296, 68804, 62183, 45411, 62811, 32790, 60800, 7797, 2698, 27997, 50594, 162806, 84405, 28798]

id 79
F = [44, 12, 37, 154, 16, 34, 136, 10, 205, 12, 11, 16, 37, 40, 37, 50, 195, 8, 35, 171, 39, 8, 12, 14, 286, 14, 11, 46, 179, 66]
F2 = [2, 535, 9, 68, 26, 2, 38, 225, 100, 184, 207, 47, 116, 775, 146, 21, 587, 344, 192, 317, 2, 30, 30, 294, 31, 19, 30, 14, 14, 95]
T = [17805, 7300, 18801, 53720, 10698, 13902, 63397, 5497, 73512, 6901, 6499, 8898, 16993, 23504, 19697, 20300, 70310, 5801, 14708, 64408, 16305, 5702, 7203, 8802, 127598, 6903, 7001, 18292, 63409, 25183]
T2 = [1198, 190100, 3198, 23012, 11697, 901, 14895, 79885, 33785, 62719, 69415, 15897, 39300, 293407, 57115, 7700, 236023, 117489, 65386, 119987, 897, 10602, 10498, 97714, 11902, 7199, 10999, 5101, 4900, 64993]

id 80
F = [42, 444, 40, 177, 138, 37, 38, 460, 200, 13, 44, 45, 38, 8, 13, 265, 35, 185, 136, 36, 146, 139, 216, 474, 12, 39, 13, 442, 39, 34]
F2 = [6, 343, 150, 9, 152, 37, 83, 210, 98, 24, 184, 179, 461, 197, 127, 11, 16, 191, 75, 152, 46, 35, 577, 115, 134, 2, 22, 69, 138, 128]
T = [18498, 159415, 16506, 71101, 48702, 15294, 16195, 162299, 71004, 6396, 17990, 17598, 17308, 5199, 7303, 94294, 14594, 64202, 55488, 14600, 52508, 50704, 77306, 165503, 11301, 16112, 7397, 150420, 16096, 14102]
T2 = [2601, 116396, 51691, 3801, 50899, 13101, 41701, 71213, 34094, 8301, 62098, 59096, 171794, 67409, 46996, 3898, 5699, 64997, 30789, 51499, 15302, 41388, 203376, 39910, 49703, 1001, 7997, 23996, 47605, 42809]

id 81
F = [42, 135, 181, 14, 37, 44, 48, 132, 44, 14, 49, 136, 297, 137, 9, 15, 53, 10, 15, 317, 138, 10, 192, 5, 28, 156, 7, 37, 47, 38]
F2 = [142, 36, 106, 20, 150, 143, 188, 79, 121, 127, 91, 258, 213, 132, 137, 25, 150, 26, 23, 86, 236, 26, 303, 24, 180, 44, 29, 234, 84, 253]
T = [19703, 59799, 68008, 9401, 15501, 17808, 24004, 47783, 19099, 7499, 19406, 49707, 100592, 57003, 5703, 7901, 23496, 6404, 18809, 120104, 48686, 10703, 69485, 4699, 11701, 54711, 9402, 15204, 19189, 16103]
T2 = [77695, 15296, 36910, 8407, 57796, 48705, 68914, 26790, 40907, 51201, 30793, 90531, 72299, 45889, 46997, 8897, 53411, 9295, 14710, 32202, 80296, 9899, 103458, 8796, 61811, 14700, 11798, 85614, 28291, 86023]

id 82
F = [36, 133, 36, 30, 32, 34, 56, 50, 38, 180, 13, 28, 151, 13, 34, 38, 17, 8, 44, 138, 17, 30, 11, 11, 13, 40, 32, 56, 53, 37]
F2 = [331, 145, 186, 252, 173, 261, 91, 90, 258, 31, 27, 15, 87, 25, 2, 772, 207, 252, 15, 38, 131, 131, 207, 34, 145, 187, 6, 126, 85, 19]
T = [17903, 49294, 20602, 16798, 13399, 14203, 23007, 20004, 15303, 63019, 9206, 12302, 54996, 7306, 15104, 14897, 8292, 6500, 17098, 49610, 9798, 15600, 11997, 7499, 9705, 17106, 14497, 22493, 20393, 27997]
T2 = [112529, 49699, 64405, 127905, 86922, 87895, 31716, 31713, 87606, 11399, 11797, 5397, 30095, 8895, 900, 275515, 70700, 105490, 5501, 13610, 44806, 45904, 70901, 11902, 49188, 269800, 2399, 42292, 30202, 9795]

id 83
F = [196, 15, 156, 130, 202, 43, 215, 32, 129, 279, 32, 37, 36, 19, 285, 148, 15, 279, 44, 50, 34, 31, 146, 51, 33, 39, 11, 14, 14, 33]
F2 = [304, 117, 136, 41, 269, 130, 625, 23, 36, 217, 2, 93, 15, 35, 141, 213, 291, 32, 17, 806, 142, 167, 36, 144, 473, 142, 27, 20, 25, 259]
T = [67986, 11099, 58413, 46298, 70014, 16707, 73922, 13206, 47622, 116876, 15997, 18997, 15899, 9499, 99303, 57217, 7905, 105206, 20700, 20203, 14410, 13097, 50912, 20599, 14209, 16300, 5799, 7796, 7400, 16105]
T2 = [251005, 42896, 45225, 13798, 90802, 44295, 209475, 7804, 12596, 78790, 1301, 42500, 5698, 12812, 52604, 87787, 115710, 11101, 6502, 271819, 49093, 56104, 12098, 50086, 161300, 48692, 9800, 7197, 8994, 87323]

id 84
F = [7, 183, 39, 250, 36, 145, 10, 44, 34, 30, 37, 31, 38, 15, 12, 185, 168, 57, 40, 37, 10, 33, 13, 36, 40, 35, 44, 34, 11, 15]
F2 = [129, 12, 150, 261, 150, 40, 452, 79, 157, 370, 2, 482, 2, 36, 35, 200, 15, 451, 2, 107, 313, 136, 30, 6, 91, 16, 142, 145, 19, 285]
T = [5299, 65403, 17592, 87800, 13993, 51695, 6199, 19205, 15214, 13103, 16895, 15182, 19193, 9895, 6400, 64315, 59498, 22307, 16702, 16305, 5400, 14001, 6302, 16105, 15897, 14791, 16599, 16392, 8796, 13200]
T2 = [45906, 4403, 54997, 91175, 50499, 14106, 176413, 26610, 57789, 125701, 1400, 236993, 1302, 16602, 12998, 69212, 5699, 156694, 1403, 38899, 106683, 50391, 10902, 3199, 31898, 6195, 55504, 52894, 7301, 104896]

id 85
F = [9, 149, 15, 37, 52, 48, 12, 38, 37, 182, 42, 28, 38, 130, 12, 138, 7, 140, 12, 43, 11, 36, 174, 41, 143, 385, 10, 28, 119, 223]
F2 = [274, 137, 29, 12, 762, 474, 25, 17, 88, 91, 397, 235, 158, 80, 30, 161, 132, 43, 193, 3, 134, 9, 16, 137, 148, 104, 113, 99, 182, 550]
T = [9300, 52585, 9993, 15201, 22609, 18703, 7102, 17007, 14999, 65016, 17701, 13005, 16198, 48016, 9302, 49976, 7001, 50494, 7197, 17092, 8401, 14591, 64312, 16288, 60099, 132363, 7500, 12801, 41885, 78796]
T2 = [92918, 47494, 10895, 4503, 258423, 165613, 8994, 6501, 29901, 31309, 135488, 80096, 56293, 27503, 10301, 53998, 45699, 15401, 65408, 1699, 45798, 3198, 5903, 46402, 49884, 35099, 38599, 36001, 60921, 200016]

id 86
F = [122, 44, 11, 48, 57, 46, 43, 53, 181, 175, 10, 349, 43, 52, 117, 38, 8, 44, 35, 14, 263, 35, 35, 191, 47, 48, 10, 13, 45, 8]
F2 = [81, 457, 308, 84, 90, 91, 96, 82, 299, 16, 299, 17, 135, 774, 73, 16, 35, 140, 183, 41, 10, 176, 156, 17, 251, 148, 281, 204, 218, 43]
T = [58607, 18098, 6695, 23308, 21716, 20903, 17898, 27106, 82309, 64596, 6697, 128959, 17000, 27604, 58608, 15697, 5997, 17300, 17297, 7698, 137376, 21204, 14100, 66604, 18000, 18997, 8600, 10099, 18093, 11999]
T2 = [28303, 152807, 120793, 31993, 31512, 31602, 32588, 41013, 118328, 5498, 120100, 6600, 45799, 262322, 30594, 5398, 13204, 46805, 78282, 14607, 3600, 67191, 51994, 6205, 87707, 50303, 100806, 71999, 75010, 16206]

id 87
F = [293, 37, 60, 183, 33, 41, 39, 17, 35, 14, 36, 14, 51, 12, 16, 36, 29, 11, 177, 39, 39, 142, 42, 137, 229, 36, 8, 8, 51, 40]
F2 = [62, 8, 138, 94, 427, 239, 18, 29, 183, 28, 3, 33, 92, 26, 489, 481, 142, 174, 857, 142, 17, 70, 267, 141, 33, 98, 24, 26, 259, 247]
T = [102294, 14904, 31702, 63391, 14500, 22604, 15493, 10006, 14897, 7600, 15100, 7403, 85086, 8799, 8000, 14696, 11992, 9403, 61197, 22004, 15597, 56384, 17400, 48206, 100901, 16003, 7800, 8499, 20695, 23200]
T2 = [22699, 3197, 47796, 32313, 144802, 82278, 6601, 10198, 62302, 9803, 1199, 12503, 61197, 9102, 166420, 165691, 48505, 62206, 287400, 51484, 5697, 26498, 90592, 48008, 12895, 33306, 9004, 10404, 91306, 83995]

id 88
F = [58, 47, 187, 12, 11, 18, 9, 385, 391, 44, 138, 166, 159, 40, 36, 7, 56, 197, 18, 191, 34, 48, 16, 33, 45, 142, 31, 197, 34, 32]
F2 = [135, 86, 14, 21, 29, 343, 195, 139, 404, 472, 133, 18, 136, 21, 197, 141, 130, 99, 21, 82, 198, 807, 26, 2, 149, 92, 133, 640, 242, 470]
T = [25995, 18097, 67217, 7695, 7204, 11004, 7299, 134279, 164080, 21198, 49802, 62997, 59602, 15197, 14900, 4900, 23289, 70109, 8592, 66005, 13507, 18894, 7901, 14303, 16912, 57109, 16297, 70485, 13904, 15300]
T2 = [51408, 30186, 5200, 7800, 10302, 133433, 73497, 46791, 286894, 205611, 45784, 6204, 46491, 6996, 68016, 48089, 45110, 34297, 7201, 28295, 67777, 273821, 9599, 1200, 50797, 30404, 53272, 228537, 160510, 276918]

id 89
F = [41, 39, 54, 135, 134, 27, 40, 14, 69, 45, 37, 161, 43, 41, 26, 10, 39, 49, 37, 15, 14, 13, 20, 6, 154, 37, 209, 44, 9, 45]
F2 = [99, 390, 93, 143, 296, 196, 5, 304, 151, 134, 2, 346, 7, 482, 10, 31, 143, 84, 377, 27, 518, 183, 488, 27, 143, 144, 27, 99, 35, 180]
T = [21201, 15702, 20707, 50095, 63300, 11801, 17592, 6498, 26804, 18296, 15606, 68517, 25403, 18901, 11102, 7698, 20293, 22905, 15101, 9400, 7306, 8498, 8402, 7696, 53003, 15999, 77300, 17193, 4901, 20295]
T2 = [33010, 221900, 36704, 48604, 123002, 66500, 1899, 103909, 61391, 45401, 1101, 117399, 3104, 162182, 3495, 12401, 57310, 28990, 128187, 9410, 174782, 63321, 175877, 9693, 50793, 49609, 9597, 36597, 12095, 64294]

id 90
F = [10, 40, 143, 13, 11, 31, 12, 53, 149, 38, 61, 35, 14, 407, 43, 60, 139, 222, 48, 38, 33, 46, 29, 147, 38, 499, 38, 37, 38, 14]
F2 = [34, 138, 50, 125, 33, 93, 31, 143, 44, 11, 231, 261, 34, 104, 12, 96, 83, 222, 206, 17, 20, 139, 6, 157, 13, 160, 2, 215, 18, 857]
T = [6301, 23202, 51194, 7298, 6898, 16800, 7299, 20299, 64496, 25105, 24097, 14802, 12091, 145308, 17707, 21988, 53592, 78790, 24197, 19293, 13909, 19402, 10904, 53608, 17707, 171312, 15599, 16298, 38904, 6604]
T2 = [12301, 48486, 17598, 42390, 12097, 31993, 11307, 48593, 16505, 6699, 78203, 95895, 13100, 35703, 4303, 32602, 29196, 74405, 74991, 8602, 7396, 46505, 2200, 54096, 5503, 54318, 1099, 72892, 8597, 300306]

id 91
F = [41, 37, 190, 135, 148, 30, 54, 10, 39, 163, 60, 38, 39, 359, 37, 11, 183, 43, 52, 184, 30, 142, 61, 61, 43, 49, 44, 273, 151, 41]
F2 = [17, 259, 87, 47, 246, 366, 96, 301, 136, 13, 448, 14, 154, 17, 149, 372, 36, 11, 85, 12, 143, 189, 85, 164, 12, 77, 184, 32, 354, 150]
T = [19013, 13992, 106304, 47015, 52688, 14598, 20598, 7497, 28903, 72309, 27507, 18211, 16404, 136189, 14496, 6300, 63794, 16496, 23301, 64309, 14691, 50390, 24903, 25210, 16602, 18703, 17804, 110610, 53815, 18596]
T2 = [7001, 87095, 30496, 17088, 83703, 123090, 32298, 102993, 55301, 4897, 168433, 5100, 51908, 6101, 51092, 126580, 12602, 4104, 29809, 4198, 48600, 65107, 56398, 56705, 5000, 26188, 62787, 14803, 118993, 51901]

id 92
F = [37, 116, 48, 154, 36, 36, 183, 14, 12, 37, 38, 15, 9, 142, 172, 246, 29, 10, 36, 129, 39, 60, 10, 39, 202, 38, 10, 34, 46, 49]
F2 = [23, 242, 78, 137, 2, 95, 460, 28, 41, 16, 151, 33, 25, 78, 311, 21, 349, 20, 146, 710, 151, 340, 129, 467, 311, 236, 34, 9, 79, 82]
T = [17501, 44085, 18894, 55194, 19097, 14300, 67599, 7400, 8796, 14990, 16796, 7499, 5604, 49909, 61668, 100595, 14404, 11298, 15702, 46406, 18098, 24805, 7398, 21390, 73696, 15997, 9396, 15593, 17906, 25403]
T2 = [9304, 82494, 26496, 47000, 1001, 32501, 159076, 9898, 14702, 5801, 51502, 11906, 9201, 27501, 109400, 8301, 119692, 7693, 50299, 238519, 51495, 139693, 44511, 161784, 106405, 79393, 12502, 3299, 26800, 36800]

id 93
F = [62, 268, 202, 31, 35, 132, 41, 59, 138, 41, 126, 148, 10, 196, 40, 40, 37, 42, 8, 39, 331, 201, 377, 50, 41, 12, 151, 59, 191, 14]
F2 = [96, 535, 324, 369, 28, 137, 11, 216, 281, 103, 284, 44, 309, 316, 201, 23, 250, 2, 26, 20, 277, 190, 892, 252, 246, 24, 83, 206, 16, 27]
T = [24598, 95506, 70384, 23104, 18104, 48708, 16402, 22998, 66693, 49893, 45808, 60891, 19799, 69799, 19006, 16105, 15791, 17500, 5199, 16003, 114389, 83399, 129085, 23807, 17099, 8903, 71689, 22201, 79990, 8902]
T2 = [33797, 182003, 110004, 150412, 11992, 46789, 3805, 74874, 132611, 48796, 113382, 15493, 170902, 106909, 82474, 8302, 86304, 1201, 9597, 7202, 92586, 64591, 305791, 102128, 82598, 9005, 35585, 71289, 6301, 9395]

id 94
F = [276, 30, 40, 57, 48, 276, 20, 535, 35, 35, 418, 13, 50, 208, 39, 6, 44, 182, 39, 10, 43, 39, 7, 184, 35, 8, 49, 28, 34, 11]
F2 = [246, 150, 15, 80, 147, 809, 128, 9, 17, 76, 241, 31, 2, 103, 137, 125, 16, 104, 11, 21, 18, 3, 493, 16, 153, 338, 151, 389, 115, 27]
T = [98991, 13299, 16694, 28305, 20607, 106395, 13100, 182644, 18913, 19296, 144682, 12900, 26113, 71702, 20109, 4401, 17690, 115301, 16711, 6204, 16499, 18507, 4698, 67279, 14208, 6201, 22199, 16001, 14596, 9796]
T2 = [82585, 50599, 5298, 36796, 50683, 312409, 45814, 3595, 6397, 94300, 82011, 11598, 2299, 34390, 59201, 42614, 5796, 50706, 4299, 7301, 6297, 1801, 167379, 6401, 52603, 128915, 51187, 143312, 73696, 27794]

id 95
F = [338, 10, 8, 34, 29, 40, 13, 44, 155, 34, 55, 128, 43, 38, 209, 41, 40, 9, 157, 121, 43, 47, 294, 39, 51, 162, 165, 213, 11, 16]
F2 = [75, 131, 21, 155, 9, 172, 21, 333, 82, 6, 91, 214, 11, 15, 42, 15, 81, 357, 138, 147, 2, 158, 37, 147, 225, 96, 18, 52, 27, 458]
T = [119209, 5496, 6705, 14105, 13506, 15902, 8903, 18103, 54605, 17806, 23495, 49794, 78204, 16607, 75407, 16703, 19191, 6402, 57510, 46593, 23301, 18693, 102010, 15403, 20800, 57004, 58297, 76497, 6902, 9603]
T2 = [26297, 43993, 10201, 54400, 3398, 59299, 9701, 114002, 29106, 2601, 35889, 71007, 4600, 5998, 14997, 5108, 30093, 135308, 50690, 50200, 1302, 53895, 12707, 50190, 78497, 32395, 6099, 17702, 9412, 206017]

id 96
F = [44, 42, 51, 10, 35, 136, 40, 56, 10, 10, 54, 38, 197, 43, 59, 42, 111, 34, 35, 35, 341, 12, 37, 127, 139, 139, 37, 38, 47, 28]
F2 = [17, 469, 90, 29, 140, 229, 191, 264, 185, 244, 466, 14, 343, 19, 88, 429, 17, 179, 196, 342, 116, 27, 14, 25, 141, 37, 2, 251, 703, 10]
T = [18812, 16003, 20003, 5403, 14993, 57590, 16599, 33402, 10498, 7596, 28101, 15491, 68612, 18400, 22900, 17903, 40312, 14404, 14299, 15597, 115197, 7401, 17498, 45014, 49512, 49578, 17299, 17005, 17799, 14791]
T2 = [5996, 157861, 30695, 12488, 84693, 76807, 65898, 117094, 69703, 99407, 175823, 5397, 144228, 8002, 30206, 156116, 6300, 70506, 67090, 118911, 38195, 25800, 5296, 9402, 48192, 12992, 1201, 116714, 241207, 4002]

id 97
F = [176, 11, 36, 14, 40, 144, 46, 142, 35, 18, 16, 42, 65, 136, 54, 60, 40, 38, 10, 11, 31, 38, 35, 49, 132, 44, 8, 43, 36, 35]
F2 = [89, 28, 505, 179, 2, 87, 257, 88, 18, 24, 23, 403, 91, 208, 17, 85, 457, 163, 28, 136, 121, 144, 188, 141, 42, 152, 21, 256, 137, 153]
T = [64705, 9100, 17702, 6703, 434701, 50888, 18599, 60810, 14698, 9994, 8396, 20603, 24596, 52103, 21806, 23692, 17792, 16096, 6205, 6703, 14096, 16499, 13696, 18409, 54300, 17296, 4604, 17101, 15087, 20004]
T2 = [30801, 10211, 171015, 62407, 1303, 30690, 87382, 32093, 6702, 8996, 8101, 135820, 31603, 70616, 5806, 29500, 165911, 56188, 10298, 53493, 41206, 50002, 63712, 48100, 14597, 50494, 7800, 86596, 46308, 52810]

id 98
F = [36, 295, 13, 234, 40, 39, 183, 189, 374, 156, 190, 189, 41, 40, 31, 30, 136, 183, 48, 202, 11, 142, 12, 12, 125, 131, 120, 15, 38, 184]
F2 = [167, 204, 322, 294, 180, 148, 95, 569, 19, 46, 303, 32, 133, 130, 139, 19, 234, 353, 86, 135, 37, 46, 119, 276, 16, 18, 19, 877, 138, 31]
T = [17492, 102399, 7900, 88490, 20097, 15799, 64287, 67808, 151687, 54903, 69100, 113611, 16693, 20306, 13008, 13503, 48315, 64877, 19606, 71087, 10406, 51699, 13103, 12801, 50901, 59422, 52795, 7798, 19699, 69509]
T2 = [70803, 70016, 133293, 146601, 158079, 51199, 31985, 191492, 7391, 15391, 137593, 14198, 44016, 53388, 46909, 6899, 81605, 119696, 29711, 46811, 13699, 15290, 43590, 146012, 5796, 6901, 8705, 298095, 46387, 11600]

id 99
F = [38, 34, 6, 52, 189, 47, 47, 49, 282, 215, 139, 10, 38, 40, 5, 184, 36, 41, 29, 233, 189, 6, 119, 8, 240, 14, 52, 39, 34, 33]
F2 = [272, 14, 183, 88, 108, 478, 245, 17, 26, 92, 148, 24, 232, 365, 30, 87, 10, 94, 172, 142, 208, 24, 82, 25, 96, 21, 486, 114, 148, 181]
T = [15803, 16092, 5798, 22997, 70087, 17995, 19401, 18499, 101522, 80720, 49198, 7695, 15408, 17203, 8800, 73504, 16199, 16207, 12602, 85296, 66795, 4498, 42292, 4003, 85185, 6102, 25901, 18401, 14003, 14099]
T2 = [228861, 5902, 70086, 32088, 36502, 160299, 83002, 6303, 8995, 36115, 50105, 8509, 78806, 123891, 11301, 30191, 3800, 32908, 57801, 52596, 70901, 8705, 27999, 8599, 55696, 7705, 194301, 39302, 51179, 60591]

