id 0
F = [39, 36, 36, 196, 33, 50, 8, 172, 36, 45, 48, 33, 49, 290, 45, 33, 35, 10, 36, 8, 42, 41, 48, 148, 48, 32, 147, 43, 39, 37]
F2 = [464, 134, 248, 96, 254, 452, 197, 307, 88, 9, 339, 173, 233, 203, 175, 139, 14, 31, 148, 30, 158, 14, 189, 139, 251, 329, 143, 246, 148, 236]
T = [239610, 87106, 53503, 235406, 38898, 83497, 75303, 84202, 20006, 21203, 54099, 31099, 68906, 108108, 21791, 15598, 25202, 19797, 48389, 23098, 45296, 30807, 37900, 86088, 35010, 24799, 76096, 26501, 32595, 36204]
T2 = [1003028, 102002, 223618, 104415, 246513, 572501, 65891, 128903, 26895, 2899, 107721, 79116, 128085, 60425, 52296, 41693, 5599, 15690, 67277, 17702, 85898, 6602, 84089, 60893, 191107, 163280, 63189, 116911, 53006, 73286]

id 1
F = [37, 31, 10, 15, 31, 37, 9, 135, 41, 33, 36, 182, 145, 10, 44, 44, 60, 40, 182, 35, 45, 45, 34, 156, 46, 53, 151, 28, 38, 31]
F2 = [16, 18, 30, 25, 181, 379, 481, 41, 15, 137, 182, 304, 39, 28, 369, 13, 94, 182, 317, 82, 166, 140, 236, 88, 162, 144, 153, 138, 466, 12]
T = [54705, 48099, 8502, 11996, 15705, 16894, 7104, 54115, 19308, 16787, 18397, 69726, 62367, 9903, 22993, 21208, 35207, 22295, 81101, 19002, 26902, 20809, 18501, 62905, 21606, 24697, 58619, 14901, 17697, 19398]
T2 = [11700, 8903, 10300, 9699, 64396, 144301, 195079, 24704, 5398, 49394, 66689, 107800, 13206, 13800, 134395, 5104, 33208, 74216, 112324, 29396, 69401, 135780, 84695, 32106, 57998, 50101, 54307, 50192, 170893, 4602]

id 2
F = [148, 8, 40, 9, 144, 67, 178, 17, 33, 33, 29, 9, 10, 157, 50, 144, 186, 154, 46, 42, 36, 45, 206, 14, 38, 42, 45, 11, 10, 37]
F2 = [77, 184, 418, 22, 42, 158, 12, 136, 130, 144, 484, 489, 134, 49, 461, 145, 15, 38, 375, 391, 155, 185, 96, 687, 17, 18, 179, 821, 28, 88]
T = [58208, 6903, 19503, 7598, 79889, 32708, 67792, 10591, 18808, 16600, 18596, 10298, 21099, 89095, 73104, 59181, 76892, 105085, 21600, 20712, 24294, 21696, 91718, 8101, 21400, 26593, 20297, 7504, 8005, 36907]
T2 = [27404, 68192, 156511, 8596, 15305, 56201, 4297, 50397, 46687, 51694, 214084, 177402, 116002, 21997, 167900, 72003, 6199, 14602, 154995, 141085, 59104, 66185, 35103, 245181, 7102, 7093, 63098, 312075, 10600, 33483]

id 3
F = [41, 50, 37, 38, 133, 7, 39, 28, 75, 39, 56, 140, 13, 141, 32, 149, 35, 54, 159, 126, 14, 9, 35, 11, 36, 15, 42, 148, 38, 35]
F2 = [297, 100, 249, 148, 253, 146, 188, 10, 793, 11, 88, 140, 289, 86, 17, 271, 180, 92, 293, 135, 25, 128, 373, 206, 464, 25, 143, 43, 274, 397]
T = [19505, 23194, 17297, 32900, 68300, 32300, 19602, 15600, 41491, 43804, 41999, 55806, 10701, 57585, 18109, 61693, 19490, 25897, 61696, 50426, 12298, 9102, 18703, 17603, 22400, 16000, 21407, 68806, 20411, 18907]
T2 = [114613, 36105, 88083, 76593, 108995, 95299, 66504, 5095, 428283, 5900, 39411, 50109, 167190, 31095, 6399, 120993, 65999, 33495, 105620, 48088, 14505, 61997, 131573, 149043, 242572, 10801, 53898, 15214, 157874, 143180]

id 4
F = [154, 193, 42, 45, 39, 11, 44, 18, 158, 44, 32, 13, 37, 41, 143, 41, 57, 41, 42, 38, 36, 13, 199, 42, 34, 32, 37, 123, 12, 17]
F2 = [36, 76, 141, 141, 12, 195, 238, 25, 330, 139, 470, 31, 15, 250, 77, 15, 449, 801, 19, 13, 459, 24, 14, 145, 149, 444, 299, 18, 29, 129]
T = [61892, 74490, 41403, 23491, 19497, 14804, 20509, 12300, 79805, 23199, 17803, 11200, 23903, 18201, 67403, 22902, 35796, 21085, 29003, 18998, 17408, 9208, 83310, 19799, 17301, 20105, 17391, 50901, 7303, 11403]
T2 = [12692, 27588, 54199, 77518, 4500, 83612, 85992, 10094, 174888, 48406, 182231, 13102, 7396, 89795, 30207, 5798, 165887, 284494, 9498, 4993, 177192, 9701, 4902, 52491, 57110, 178104, 106720, 6105, 11707, 48091]

id 5
F = [46, 32, 204, 40, 32, 38, 39, 39, 48, 37, 14, 194, 132, 44, 56, 48, 15, 36, 38, 37, 192, 40, 46, 35, 41, 46, 13, 58, 33, 36]
F2 = [175, 88, 312, 248, 144, 174, 102, 261, 14, 14, 139, 225, 377, 16, 300, 255, 510, 140, 353, 16, 18, 19, 240, 249, 82, 252, 34, 94, 20, 393]
T = [21600, 23201, 77293, 19400, 19301, 17612, 21299, 21202, 24596, 19793, 14503, 87416, 80610, 23799, 24102, 29497, 10701, 22691, 22100, 19099, 74795, 26412, 21997, 18896, 22905, 25604, 19302, 29308, 18692, 17504]
T2 = [63984, 32206, 115306, 89830, 52812, 62621, 48010, 94682, 5705, 5296, 81710, 93797, 141697, 5900, 108403, 112675, 217102, 59098, 132024, 6101, 6900, 9005, 84684, 89998, 33105, 87798, 18403, 36793, 7900, 144999]

id 6
F = [179, 35, 12, 33, 48, 7, 156, 47, 39, 147, 31, 62, 36, 34, 58, 32, 131, 195, 54, 36, 55, 36, 16, 38, 40, 6, 30, 130, 9, 37]
F2 = [231, 144, 24, 148, 233, 25, 41, 406, 9, 35, 281, 85, 477, 407, 263, 7, 704, 448, 19, 255, 93, 19, 30, 235, 11, 26, 259, 41, 30, 155]
T = [69796, 18704, 12398, 15803, 47303, 17502, 59602, 23204, 22100, 58512, 16603, 36195, 19108, 21398, 66904, 20298, 56888, 128196, 33289, 19893, 29110, 24506, 18496, 18708, 18001, 6705, 21897, 73600, 12099, 14994]
T2 = [83708, 53324, 12109, 53072, 157793, 10197, 14593, 145682, 3602, 20894, 99460, 32608, 170175, 192475, 185389, 4000, 266983, 196896, 8806, 107008, 36907, 7004, 18100, 79994, 3900, 13003, 144918, 19299, 19498, 46285]

id 7
F = [282, 12, 39, 15, 32, 39, 34, 49, 41, 36, 146, 184, 29, 191, 183, 59, 38, 12, 29, 120, 35, 172, 191, 11, 50, 138, 30, 10, 14, 179]
F2 = [216, 31, 11, 30, 123, 247, 141, 442, 246, 256, 147, 308, 151, 307, 318, 434, 12, 38, 146, 234, 15, 305, 148, 21, 13, 73, 139, 27, 133, 18]
T = [103800, 87097, 20505, 19398, 16805, 25397, 122008, 27102, 28703, 17291, 59206, 101398, 16094, 77193, 86300, 27101, 30187, 7296, 15292, 70296, 17507, 67422, 74006, 14102, 28989, 87691, 15906, 8002, 9997, 81799]
T2 = [77316, 128502, 5399, 14593, 54901, 142293, 52885, 171100, 89385, 95284, 52987, 169689, 58104, 109199, 140978, 154185, 4903, 14401, 53785, 101497, 5697, 109396, 52387, 19098, 9098, 30492, 51492, 13909, 57590, 6500]

id 8
F = [13, 19, 8, 152, 12, 42, 129, 41, 40, 14, 42, 57, 33, 188, 221, 34, 10, 40, 43, 38, 48, 130, 45, 60, 46, 38, 47, 42, 45, 214]
F2 = [266, 27, 29, 91, 29, 138, 16, 464, 136, 765, 12, 724, 543, 148, 93, 136, 35, 17, 175, 396, 493, 41, 173, 234, 202, 18, 3, 16, 333, 29]
T = [61197, 11396, 7999, 57685, 10507, 21398, 48796, 19091, 18995, 15297, 28004, 23700, 18001, 76453, 82499, 16604, 7396, 19506, 19702, 20203, 21597, 56205, 20400, 26784, 22686, 23296, 21101, 29104, 22810, 96987]
T2 = [95723, 15793, 12205, 33322, 11897, 51190, 6097, 162809, 82009, 297882, 6800, 255783, 204926, 51293, 32891, 69115, 13306, 6800, 61728, 138597, 173487, 14303, 61402, 82186, 71491, 9299, 1400, 6399, 117103, 10396]

id 9
F = [16, 34, 8, 218, 40, 34, 41, 35, 40, 230, 48, 49, 40, 53, 154, 42, 184, 55, 38, 32, 43, 12, 419, 8, 50, 8, 150, 35, 191, 147]
F2 = [33, 149, 136, 272, 145, 154, 84, 149, 152, 577, 242, 449, 15, 84, 37, 255, 322, 102, 196, 6, 16, 19, 64, 185, 152, 131, 40, 18, 344, 291]
T = [9800, 18089, 7303, 83563, 17694, 17798, 22005, 18104, 17601, 84704, 22802, 23786, 22589, 40602, 62814, 21006, 68083, 22704, 19196, 15903, 20001, 7600, 152478, 6795, 22000, 6999, 70113, 22004, 102319, 59005]
T2 = [13397, 53790, 69820, 96095, 50302, 54594, 37897, 54100, 54593, 201589, 89914, 162121, 5797, 72209, 13397, 89490, 114306, 36392, 69126, 2802, 6099, 7906, 22987, 71777, 53494, 62609, 16898, 7498, 143504, 103088]

id 10
F = [41, 32, 34, 47, 45, 15, 117, 35, 58, 294, 54, 151, 42, 38, 11, 36, 65, 42, 32, 36, 41, 517, 132, 55, 42, 207, 12, 131, 38, 177]
F2 = [140, 319, 410, 385, 150, 21, 357, 93, 140, 206, 243, 343, 246, 140, 33, 144, 105, 150, 146, 178, 139, 16, 82, 435, 14, 31, 482, 42, 14, 171]
T = [22298, 16696, 19299, 25808, 27293, 8503, 63895, 24696, 37093, 109490, 23201, 62700, 19302, 18599, 7600, 17500, 33009, 18102, 16804, 17600, 18902, 186962, 53408, 174589, 28999, 136110, 11300, 51512, 22795, 66403]
T2 = [57016, 114898, 168482, 134494, 70711, 8200, 132864, 33399, 49028, 71384, 86877, 127826, 86796, 49789, 13100, 51412, 37591, 53106, 52293, 69804, 49698, 5899, 28801, 285996, 6501, 17002, 172584, 14995, 6598, 68097]

id 11
F = [413, 12, 36, 41, 137, 152, 46, 42, 37, 36, 17, 35, 42, 38, 41, 222, 29, 34, 16, 34, 159, 32, 11, 41, 47, 13, 17, 32, 42, 32]
F2 = [439, 27, 79, 223, 147, 156, 141, 237, 15, 139, 25, 11, 197, 15, 17, 145, 154, 336, 21, 183, 44, 151, 133, 6, 243, 473, 19, 134, 458, 16]
T = [150207, 8100, 17296, 19308, 52611, 57711, 20603, 19199, 21695, 17689, 14405, 26303, 20205, 17008, 33489, 86376, 16708, 18197, 9497, 23599, 68795, 24799, 8104, 18699, 27505, 7405, 9302, 18497, 26100, 17398]
T2 = [155200, 11500, 28790, 78919, 57415, 55618, 49403, 84707, 6296, 52504, 12301, 6705, 70098, 5799, 7197, 54487, 54131, 117791, 8804, 133085, 16494, 52492, 48689, 2799, 95103, 166335, 7601, 51513, 161722, 6504]

id 12
F = [158, 34, 36, 34, 44, 151, 35, 12, 155, 17, 35, 126, 38, 39, 40, 9, 36, 181, 11, 37, 136, 47, 38, 149, 179, 51, 36, 164, 211, 42]
F2 = [37, 88, 144, 16, 253, 45, 11, 302, 41, 24, 458, 208, 190, 500, 147, 28, 245, 93, 36, 184, 44, 188, 10, 38, 16, 88, 240, 149, 501, 139]
T = [61399, 22802, 21208, 15600, 23900, 56019, 17793, 7696, 58709, 10797, 15508, 47800, 17993, 19307, 20903, 6497, 22398, 68005, 11602, 21807, 52192, 23305, 18792, 57114, 68266, 21294, 15604, 70494, 86498, 20702]
T2 = [13198, 45900, 64097, 5702, 88393, 16389, 4593, 123514, 14809, 20601, 163315, 73909, 69387, 174993, 51209, 10600, 100551, 43293, 19713, 111494, 16095, 66500, 4598, 13800, 6202, 44908, 84992, 52511, 176302, 49409]

id 13
F = [49, 12, 44, 218, 33, 44, 194, 44, 42, 10, 152, 15, 238, 41, 13, 70, 39, 42, 45, 137, 58, 28, 443, 38, 138, 197, 43, 55, 40, 8]
F2 = [91, 133, 84, 617, 141, 13, 335, 12, 465, 40, 151, 25, 276, 192, 130, 746, 183, 136, 481, 85, 137, 252, 66, 244, 281, 297, 82, 137, 128, 19]
T = [21908, 7500, 21597, 80493, 18202, 31899, 86199, 26697, 19103, 10997, 78295, 11899, 133297, 35199, 11803, 39700, 23289, 21698, 32785, 72284, 29200, 25805, 214024, 25991, 54604, 72902, 22386, 25991, 20001, 8002]
T2 = [32399, 48598, 36397, 216751, 52904, 7801, 139602, 7102, 162469, 20013, 85389, 26398, 155111, 80083, 56594, 392077, 82178, 47901, 220402, 30598, 48091, 96371, 26891, 90203, 99287, 108511, 29201, 53577, 45996, 7994]

id 14
F = [46, 45, 167, 144, 35, 41, 180, 35, 43, 35, 26, 34, 44, 47, 45, 37, 38, 33, 135, 44, 39, 42, 33, 12, 200, 287, 66, 43, 33, 37]
F2 = [133, 94, 674, 34, 390, 14, 146, 83, 268, 152, 474, 7, 244, 85, 22, 250, 396, 460, 133, 17, 155, 137, 194, 201, 13, 46, 452, 389, 15, 151]
T = [21407, 21199, 64588, 53599, 16898, 18806, 70808, 16104, 20805, 22006, 15805, 16504, 20109, 19303, 21988, 18984, 16594, 37898, 60714, 21593, 20907, 17893, 16106, 7501, 75986, 116813, 26801, 20996, 20599, 17692]
T2 = [45799, 33598, 240120, 11801, 151300, 5301, 51402, 30392, 94810, 55691, 168880, 2702, 95519, 30311, 8790, 92807, 138910, 314342, 60003, 7798, 57381, 52604, 68408, 72799, 4602, 25005, 162127, 160707, 7900, 55998]

id 15
F = [33, 116, 8, 35, 14, 37, 43, 39, 59, 14, 44, 37, 14, 38, 138, 40, 397, 138, 9, 40, 127, 49, 38, 37, 7, 39, 200, 30, 155, 42]
F2 = [201, 152, 29, 161, 25, 29, 17, 209, 256, 24, 243, 471, 137, 149, 211, 330, 91, 35, 35, 15, 88, 398, 14, 3, 29, 152, 285, 479, 287, 12]
T = [20993, 55296, 7302, 20302, 9206, 24592, 24304, 22791, 26594, 8998, 23000, 20499, 13091, 23589, 53803, 74997, 188199, 53303, 7803, 17301, 51400, 21803, 21208, 18899, 8100, 17602, 75006, 15903, 58195, 29699]
T2 = [70097, 54105, 13802, 69121, 10296, 10503, 6004, 90385, 92502, 9290, 121173, 164792, 50384, 68086, 73202, 330016, 34898, 12797, 16001, 5502, 31585, 149903, 5701, 1499, 12096, 54181, 104318, 170513, 102390, 4900]

id 16
F = [42, 15, 67, 52, 196, 13, 35, 34, 34, 37, 32, 37, 34, 27, 40, 34, 178, 185, 122, 57, 36, 42, 44, 40, 12, 43, 58, 139, 136, 33]
F2 = [258, 30, 86, 197, 30, 19, 88, 148, 134, 95, 5, 160, 85, 246, 508, 146, 317, 32, 523, 88, 243, 138, 245, 133, 30, 140, 140, 36, 353, 198]
T = [30107, 10402, 41002, 22410, 81294, 15506, 15799, 16507, 22405, 16700, 19803, 16905, 30402, 13604, 22406, 16102, 77915, 70002, 55287, 24197, 19596, 31298, 20487, 74299, 7996, 29396, 23695, 54805, 65709, 14202]
T2 = [105504, 11700, 38383, 73814, 11299, 13891, 34503, 53500, 51209, 34593, 3201, 57109, 41086, 101383, 178390, 54192, 109712, 10996, 224497, 32203, 87687, 73787, 88086, 46903, 11893, 54428, 52303, 13187, 125086, 70292]

id 17
F = [11, 41, 197, 35, 38, 36, 32, 144, 196, 10, 34, 38, 39, 305, 44, 15, 43, 46, 30, 139, 33, 272, 39, 33, 38, 139, 39, 30, 30, 218]
F2 = [25, 251, 324, 17, 256, 200, 241, 151, 26, 27, 17, 89, 188, 195, 96, 128, 247, 368, 2, 36, 184, 23, 472, 245, 16, 33, 402, 152, 141, 89]
T = [13005, 18890, 77994, 16509, 16603, 16998, 15094, 66924, 71771, 6396, 49491, 18097, 18209, 111781, 27605, 7995, 22603, 23095, 21001, 54103, 18199, 152588, 18297, 19000, 18396, 56597, 17298, 14299, 16102, 88572]
T2 = [13398, 107704, 114019, 6597, 90197, 71898, 84400, 53192, 9998, 9900, 7695, 31318, 68390, 68502, 41799, 45801, 87599, 129662, 1600, 12301, 65296, 13003, 170509, 105885, 6304, 13297, 148299, 60599, 50385, 31800]

id 18
F = [37, 45, 62, 39, 30, 42, 45, 58, 37, 8, 32, 34, 56, 39, 45, 63, 9, 40, 35, 31, 40, 38, 40, 42, 42, 199, 13, 10, 37, 417]
F2 = [83, 233, 265, 16, 190, 12, 19, 89, 255, 343, 172, 242, 93, 180, 250, 95, 29, 15, 239, 257, 256, 241, 11, 428, 140, 91, 29, 134, 264, 75]
T = [17998, 24694, 35110, 22008, 21299, 19097, 22892, 25901, 18095, 5699, 16696, 17099, 24104, 20002, 22503, 32106, 7201, 20501, 24295, 20799, 18399, 18298, 20805, 19607, 20696, 129806, 18803, 6097, 21998, 158082]
T2 = [29598, 89386, 108895, 6399, 78194, 4700, 8500, 31798, 90023, 123986, 60094, 85695, 33100, 64508, 98395, 35697, 12295, 5702, 87776, 91283, 104413, 83292, 4200, 2281612, 49987, 81889, 14798, 48199, 94914, 27306]

id 19
F = [296, 34, 42, 36, 60, 34, 42, 37, 34, 34, 35, 145, 37, 34, 144, 41, 37, 156, 188, 10, 281, 45, 39, 52, 175, 36, 32, 27, 13, 19]
F2 = [193, 256, 13, 239, 767, 147, 152, 155, 141, 260, 172, 148, 265, 174, 136, 260, 174, 144, 318, 29, 216, 161, 242, 135, 18, 373, 190, 372, 27, 302]
T = [123409, 17093, 17893, 22099, 26304, 16402, 21998, 21597, 16893, 22504, 16813, 57705, 16297, 63293, 66280, 19602, 23293, 57696, 76194, 5700, 104115, 19005, 19009, 23301, 71702, 17095, 15402, 16799, 10200, 12496]
T2 = [70911, 96410, 168706, 87391, 269867, 51402, 74491, 64016, 51404, 92198, 61021, 53209, 91893, 63991, 48524, 172194, 61911, 51698, 116123, 11589, 81397, 57099, 85028, 49000, 6902, 130705, 65303, 141903, 10600, 109197]

id 20
F = [39, 11, 49, 139, 36, 155, 12, 11, 37, 36, 32, 345, 295, 41, 35, 47, 31, 34, 190, 9, 148, 36, 501, 236, 10, 41, 208, 277, 7, 10]
F2 = [144, 176, 260, 279, 82, 31, 26, 31, 369, 153, 143, 175, 203, 9, 252, 192, 136, 240, 321, 30, 91, 15, 9, 258, 37, 470, 93, 36, 32, 32]
T = [19698, 10005, 24406, 53801, 22603, 59396, 10402, 7306, 27905, 16500, 16387, 171697, 109775, 19711, 16904, 20194, 21996, 15505, 83777, 9197, 55714, 19397, 208381, 86683, 10402, 29304, 78497, 136095, 6499, 7903]
T2 = [58807, 107399, 91720, 107806, 42405, 10700, 11590, 12403, 137920, 55122, 64313, 66906, 74904, 3498, 89323, 68296, 60699, 98703, 129887, 16189, 32508, 6195, 3497, 115174, 14308, 226597, 34089, 15803, 13904, 13193]

id 21
F = [44, 48, 38, 39, 38, 32, 43, 38, 51, 35, 183, 9, 31, 40, 39, 194, 54, 36, 41, 149, 131, 17, 36, 12, 10, 33, 39, 34, 266, 37]
F2 = [143, 23, 382, 136, 220, 196, 13, 149, 460, 20, 140, 321, 18, 159, 145, 94, 787, 152, 235, 222, 37, 32, 146, 24, 144, 152, 250, 2, 199, 12]
T = [20093, 22592, 18803, 17398, 20495, 14201, 19704, 17401, 22804, 17200, 68876, 7598, 17901, 18697, 18603, 90891, 23598, 20393, 18210, 58507, 54190, 9702, 18795, 7301, 9403, 15796, 17496, 18101, 121126, 28906]
T2 = [51510, 8500, 135112, 47711, 77621, 69122, 4805, 52205, 162479, 7600, 49594, 148506, 6704, 74804, 51408, 52909, 275593, 70176, 82094, 96610, 13703, 13303, 65896, 9802, 64421, 55578, 87178, 1201, 83796, 6803]

id 22
F = [56, 50, 10, 219, 30, 29, 187, 50, 39, 40, 186, 41, 52, 50, 40, 38, 58, 13, 36, 72, 131, 35, 36, 30, 53, 148, 28, 10, 40, 12]
F2 = [82, 157, 498, 572, 10, 133, 136, 428, 182, 144, 557, 261, 158, 96, 15, 380, 99, 138, 23, 99, 67, 274, 2, 14, 128, 40, 19, 28, 144, 142]
T = [24703, 23502, 13496, 80508, 17909, 15701, 86993, 26799, 17798, 18306, 73118, 20698, 21696, 23097, 17193, 20796, 25200, 7701, 17204, 29802, 52505, 23602, 16804, 20003, 23004, 160887, 17199, 7098, 24701, 7299]
T2 = [29112, 55998, 207316, 211549, 5100, 47773, 50610, 160425, 65102, 49896, 194860, 92098, 57908, 33703, 5701, 133783, 35001, 50589, 8709, 34601, 24089, 187783, 1001, 7499, 56011, 18901, 8409, 12202, 75990, 52309]

id 23
F = [151, 45, 142, 42, 33, 45, 169, 48, 151, 184, 35, 36, 40, 36, 213, 61, 41, 187, 126, 225, 43, 197, 38, 33, 35, 430, 37, 50, 48, 37]
F2 = [84, 132, 35, 92, 14, 17, 21, 432, 153, 317, 148, 476, 256, 143, 553, 453, 13, 148, 16, 107, 150, 230, 249, 384, 2, 61, 381, 252, 242, 252]
T = [129705, 20708, 56297, 22404, 18008, 24497, 63808, 107400, 78507, 68012, 16295, 16208, 17791, 18799, 80993, 25597, 22607, 68611, 48415, 82196, 19900, 72599, 18998, 16896, 15698, 222777, 17694, 27793, 30299, 17507]
T2 = [30899, 47193, 12993, 37307, 5603, 7698, 7700, 152080, 61205, 173291, 53300, 167520, 94861, 50683, 226500, 157713, 6398, 55088, 6203, 37096, 53391, 80400, 105002, 179140, 999, 52700, 153317, 108385, 91594, 113186]

id 24
F = [35, 160, 36, 40, 203, 38, 27, 131, 39, 44, 31, 36, 33, 11, 32, 16, 46, 36, 38, 476, 134, 59, 30, 205, 152, 48, 9, 37, 41, 13]
F2 = [11, 146, 17, 475, 89, 244, 135, 19, 8, 78, 138, 480, 125, 28, 259, 323, 144, 142, 128, 305, 147, 91, 273, 95, 373, 12, 32, 10, 143, 24]
T = [15712, 61403, 22202, 17706, 82306, 21300, 16092, 49095, 17504, 18999, 14896, 19494, 14300, 12798, 14207, 10907, 32310, 20299, 17798, 172408, 51285, 35809, 19102, 109197, 57986, 20105, 9198, 18404, 19089, 7199]
T2 = [4301, 51194, 6896, 210135, 57393, 86204, 47697, 7105, 3200, 28408, 55403, 172970, 45613, 12300, 91903, 143074, 58892, 57291, 46302, 110122, 51590, 87094, 125889, 34907, 130316, 4298, 12400, 3801, 65214, 9500]

id 25
F = [75, 39, 16, 33, 30, 46, 13, 145, 38, 190, 61, 44, 149, 45, 52, 16, 15, 42, 46, 8, 45, 42, 191, 54, 31, 139, 38, 40, 172, 47]
F2 = [161, 455, 123, 247, 449, 94, 33, 83, 12, 30, 91, 137, 37, 148, 92, 19, 29, 133, 192, 210, 7, 341, 94, 138, 131, 39, 13, 15, 76, 12]
T = [32997, 17705, 10404, 18598, 15799, 19992, 8003, 56908, 28008, 69802, 24512, 31101, 57303, 21103, 22000, 8402, 8198, 18511, 20100, 4901, 25801, 21896, 72394, 25397, 22606, 53306, 29701, 20297, 65691, 26399]
T2 = [57104, 267516, 46620, 91219, 194487, 33789, 20993, 30406, 14995, 10797, 32492, 63080, 13395, 74397, 34794, 8406, 11097, 47913, 67395, 75101, 3802, 146421, 32904, 48211, 49999, 14596, 7598, 6110, 27798, 5006]

id 26
F = [38, 52, 140, 35, 35, 12, 53, 38, 39, 40, 138, 131, 52, 41, 41, 31, 10, 38, 36, 42, 12, 38, 40, 12, 44, 38, 47, 35, 180, 40]
F2 = [82, 147, 260, 97, 257, 40, 98, 15, 17, 5, 301, 37, 310, 21, 136, 263, 143, 142, 192, 139, 24, 145, 168, 30, 153, 16, 184, 140, 23, 234]
T = [46005, 22792, 53604, 19699, 18100, 7402, 25493, 16796, 18207, 17906, 80697, 51895, 64797, 22907, 19610, 15209, 6799, 17700, 16392, 19994, 7604, 17491, 16902, 10102, 21608, 19508, 21505, 28401, 68604, 33201]
T2 = [30382, 51394, 92686, 41206, 97589, 20697, 35298, 5803, 6495, 2002, 119013, 13200, 250705, 9092, 49518, 93185, 52202, 50610, 68689, 48896, 9798, 52012, 59001, 12498, 64009, 6003, 69702, 67103, 8306, 83395]

id 27
F = [197, 30, 34, 171, 144, 34, 38, 45, 36, 40, 55, 146, 35, 201, 42, 131, 11, 41, 51, 29, 48, 40, 186, 36, 36, 61, 39, 46, 40, 54]
F2 = [251, 196, 417, 320, 41, 15, 382, 133, 190, 140, 441, 136, 256, 317, 18, 37, 30, 13, 94, 16, 255, 85, 123, 137, 192, 795, 257, 95, 256, 88]
T = [78002, 15105, 16996, 64605, 54802, 15300, 16603, 20198, 15301, 17611, 24496, 65716, 15697, 73998, 24095, 49193, 7294, 25595, 25097, 14893, 30713, 25000, 69406, 18295, 22096, 26589, 17602, 19802, 18817, 22407]
T2 = [89114, 69313, 147313, 111106, 15193, 5599, 136015, 48203, 67107, 48512, 219280, 49300, 89802, 117894, 7308, 13490, 11214, 6897, 32500, 6595, 125113, 39915, 43695, 51881, 73220, 277463, 104279, 33300, 89599, 31696]

id 28
F = [298, 44, 265, 41, 36, 45, 16, 141, 9, 180, 34, 31, 49, 37, 136, 129, 47, 37, 16, 42, 187, 45, 10, 51, 44, 34, 129, 43, 214, 6]
F2 = [499, 94, 33, 189, 154, 271, 31, 164, 25, 315, 149, 20, 87, 133, 75, 155, 150, 7, 31, 183, 662, 2, 127, 716, 230, 156, 19, 580, 444, 28]
T = [109282, 19597, 99696, 20105, 16000, 21894, 8606, 72115, 6001, 69712, 15397, 14996, 21799, 16697, 51299, 52987, 20791, 19701, 9102, 57401, 119709, 20493, 6600, 25497, 24594, 16797, 52298, 19504, 82633, 5603]
T2 = [174435, 32695, 12400, 110294, 55896, 107406, 12195, 58015, 9501, 121601, 53116, 7607, 68730, 48092, 26402, 107288, 53907, 3801, 15196, 94724, 315006, 1299, 47768, 324453, 97684, 55821, 7905, 210200, 155778, 11501]

id 29
F = [35, 287, 37, 144, 148, 182, 33, 15, 38, 33, 36, 38, 35, 180, 142, 46, 445, 198, 154, 41, 41, 36, 143, 130, 40, 53, 15, 227, 9, 7]
F2 = [185, 30, 438, 43, 85, 14, 14, 28, 472, 21, 454, 393, 237, 460, 79, 237, 417, 32, 74, 148, 16, 177, 80, 17, 16, 92, 30, 597, 134, 23]
T = [16001, 115974, 18001, 350009, 56002, 93108, 15501, 9798, 21594, 18493, 15999, 17400, 18795, 77529, 54093, 21593, 167347, 82402, 61312, 31609, 21793, 19303, 62007, 52115, 20810, 22497, 13501, 81308, 6099, 11099]
T2 = [65410, 10799, 155409, 35010, 30394, 7206, 5403, 11796, 172097, 8804, 159095, 206713, 85886, 224198, 30597, 83339, 152190, 11904, 26799, 544214, 7401, 76506, 33496, 6396, 7198, 33597, 13206, 212398, 48395, 10094]

id 30
F = [48, 44, 32, 45, 39, 16, 28, 37, 71, 36, 43, 186, 42, 35, 31, 40, 33, 36, 5, 183, 57, 128, 35, 244, 45, 31, 42, 38, 45, 31]
F2 = [146, 246, 237, 130, 179, 482, 423, 14, 83, 10, 139, 648, 207, 247, 18, 261, 148, 474, 24, 16, 775, 44, 257, 143, 155, 256, 16, 248, 15, 19]
T = [22805, 23904, 14592, 20407, 122308, 8804, 13001, 19503, 33088, 16293, 23514, 69621, 20504, 24094, 21905, 23997, 15109, 17011, 7198, 68801, 23614, 49804, 16005, 124500, 19196, 15806, 18901, 19004, 68701, 13898]
T2 = [52728, 87209, 82914, 47310, 64904, 172098, 149317, 5595, 30598, 3902, 61394, 256712, 73283, 113085, 9901, 92481, 53394, 167472, 9895, 5699, 274303, 16299, 91966, 51106, 54909, 90096, 6198, 97901, 8604, 6903]

id 31
F = [491, 50, 38, 166, 152, 30, 62, 37, 56, 29, 10, 13, 37, 8, 46, 34, 6, 44, 232, 378, 32, 35, 115, 181, 37, 182, 14, 42, 52, 189]
F2 = [9, 91, 254, 308, 36, 18, 455, 263, 85, 142, 136, 31, 14, 133, 12, 101, 35, 16, 96, 291, 83, 6, 19, 139, 151, 14, 28, 18, 784, 13]
T = [252572, 23291, 20097, 65316, 61719, 15609, 33803, 26104, 23506, 14393, 7201, 8001, 17893, 7397, 19695, 17907, 6501, 20601, 85580, 293586, 13707, 15594, 49903, 82987, 17694, 71173, 11296, 19403, 23205, 82599]
T2 = [5997, 32502, 89906, 107500, 13092, 7701, 160805, 141992, 30308, 51207, 50998, 12202, 5203, 66070, 4501, 36588, 23092, 6798, 34004, 119192, 29995, 2501, 7697, 49681, 55196, 5606, 12000, 6404, 274064, 4999]

id 32
F = [164, 11, 142, 36, 14, 216, 153, 59, 11, 14, 197, 144, 38, 40, 50, 12, 36, 45, 49, 150, 45, 45, 31, 39, 43, 37, 129, 52, 42, 36]
F2 = [792, 173, 508, 244, 185, 263, 44, 258, 28, 26, 14, 142, 149, 191, 14, 26, 17, 154, 149, 41, 201, 144, 190, 12, 140, 464, 41, 248, 11, 13]
T = [63904, 8596, 57497, 15912, 11701, 80375, 57210, 25209, 8002, 13302, 72983, 64603, 21405, 18598, 25614, 9998, 25103, 18501, 21707, 72392, 28995, 23995, 16506, 21199, 21408, 17697, 60903, 23492, 22112, 16196]
T2 = [278290, 74704, 239370, 85998, 104381, 144605, 15802, 99486, 13705, 12296, 5597, 50102, 54207, 72000, 6095, 20899, 7309, 53687, 51717, 18010, 125888, 61802, 67803, 6204, 58783, 180295, 17892, 87503, 4303, 5097]

id 33
F = [140, 39, 44, 61, 37, 27, 42, 154, 140, 51, 33, 42, 44, 134, 38, 31, 13, 31, 35, 32, 15, 77, 149, 44, 13, 39, 35, 36, 33, 9]
F2 = [73, 460, 205, 94, 151, 161, 138, 38, 76, 86, 141, 195, 249, 389, 18, 380, 719, 489, 143, 182, 28, 96, 142, 262, 26, 141, 183, 270, 14, 24]
T = [69099, 19902, 19110, 31801, 22004, 11993, 20802, 57997, 54094, 24704, 14898, 18504, 18693, 55896, 24695, 15393, 8499, 16195, 20798, 18298, 9901, 35212, 56687, 21397, 9404, 17210, 16691, 16302, 15601, 5901]
T2 = [28689, 197412, 202215, 53207, 53819, 57315, 52119, 15796, 27490, 31804, 49709, 69177, 88198, 156189, 9894, 134214, 331183, 223505, 51997, 76001, 11793, 34409, 50602, 110596, 14803, 49997, 66512, 98694, 5695, 9700]

id 34
F = [197, 10, 47, 29, 39, 43, 238, 39, 39, 35, 135, 35, 37, 38, 40, 9, 47, 39, 39, 218, 37, 36, 178, 41, 38, 42, 43, 30, 38, 52]
F2 = [605, 130, 271, 180, 251, 14, 589, 17, 206, 157, 203, 9, 160, 172, 8, 26, 248, 264, 156, 265, 237, 191, 98, 148, 12, 149, 13, 463, 236, 146]
T = [80610, 7996, 24207, 16001, 17793, 21695, 92317, 19411, 18702, 14501, 49190, 15993, 18004, 17402, 19506, 7103, 20802, 17804, 25099, 97000, 22611, 25398, 68300, 19999, 18394, 21792, 26205, 15101, 18708, 21006]
T2 = [212291, 48004, 96428, 65811, 88173, 6001, 216412, 9606, 72710, 55818, 93094, 3403, 102613, 63602, 3099, 10806, 90006, 98407, 73471, 111510, 129195, 67424, 35813, 100696, 4702, 52490, 7299, 163726, 87777, 50797]

id 35
F = [13, 428, 42, 39, 50, 27, 45, 29, 25, 32, 184, 49, 40, 169, 40, 36, 207, 43, 11, 188, 142, 39, 178, 34, 37, 31, 46, 173, 53, 33]
F2 = [32, 74, 137, 13, 152, 79, 264, 249, 191, 123, 18, 14, 149, 19, 158, 19, 92, 250, 138, 323, 246, 482, 140, 21, 489, 90, 82, 14, 85, 246]
T = [8397, 163290, 20897, 19210, 25702, 12101, 20406, 17296, 11303, 20794, 103809, 21994, 22792, 74804, 20689, 15606, 75901, 17709, 6998, 70320, 53102, 19012, 66798, 25598, 32003, 17501, 23396, 65186, 23303, 16992]
T2 = [12503, 26190, 50307, 5306, 54022, 28909, 95808, 88816, 67293, 50193, 10601, 5493, 53613, 6901, 65814, 7406, 33001, 89317, 56786, 177013, 86732, 189916, 49304, 17798, 224610, 33000, 29606, 7108, 30402, 86805]

id 36
F = [37, 143, 43, 148, 16, 44, 35, 420, 37, 49, 46, 144, 35, 44, 15, 180, 55, 42, 304, 138, 36, 126, 38, 41, 37, 42, 34, 39, 15, 49]
F2 = [14, 40, 473, 33, 28, 14, 17, 61, 13, 139, 16, 92, 135, 93, 30, 309, 744, 265, 194, 81, 466, 382, 15, 153, 171, 454, 247, 146, 291, 155]
T = [19909, 58714, 26896, 56099, 9299, 18611, 16510, 226099, 17811, 26504, 25900, 52806, 16394, 31098, 10302, 73491, 29605, 19502, 115625, 133508, 20693, 51394, 25405, 18201, 17902, 25113, 15701, 21995, 7897, 22191]
T2 = [6098, 15003, 177100, 12007, 10802, 5398, 6702, 55000, 6199, 50906, 5799, 39797, 47583, 33803, 12101, 109798, 267499, 92898, 74676, 29194, 202656, 133886, 5804, 54188, 60109, 293796, 88118, 52094, 123505, 55183]

id 37
F = [34, 45, 38, 34, 34, 156, 9, 51, 17, 52, 20, 38, 127, 29, 34, 35, 179, 43, 40, 28, 48, 186, 50, 6, 49, 33, 47, 146, 287, 10]
F2 = [245, 184, 127, 243, 390, 360, 29, 89, 28, 87, 311, 234, 16, 197, 19, 14, 13, 147, 257, 138, 149, 303, 800, 36, 131, 155, 411, 45, 204, 131]
T = [21697, 20710, 23807, 17606, 16410, 65005, 10101, 25693, 14000, 23306, 10689, 16504, 56119, 37497, 25103, 22004, 65620, 20791, 17310, 21699, 20993, 68482, 24205, 4897, 24199, 19496, 21201, 59002, 112314, 7204]
T2 = [86008, 96810, 46002, 134114, 137702, 149212, 14301, 31389, 15903, 31493, 120300, 82299, 7596, 74412, 9700, 13101, 4799, 55992, 92983, 164182, 52298, 124975, 290184, 14689, 46121, 74102, 142400, 16188, 71587, 48897]

id 38
F = [45, 163, 300, 47, 158, 154, 36, 32, 30, 19, 144, 136, 14, 10, 42, 12, 37, 32, 13, 187, 144, 55, 176, 17, 41, 8, 41, 36, 268, 34]
F2 = [389, 868, 76, 17, 283, 83, 185, 369, 91, 132, 366, 385, 38, 28, 155, 29, 132, 17, 141, 330, 156, 12, 15, 22, 184, 487, 145, 144, 751, 140]
T = [20602, 74587, 121705, 23498, 78876, 58600, 16889, 16803, 14499, 10496, 54484, 78101, 10796, 6996, 22703, 9499, 18301, 14996, 82296, 89315, 57004, 25191, 65702, 8300, 23696, 6198, 18304, 15895, 101216, 15697]
T2 = [140418, 404157, 27884, 6897, 120001, 29606, 66389, 131089, 32804, 46587, 129215, 134512, 18492, 11200, 65798, 71299, 63410, 6508, 142698, 135210, 54408, 5099, 5593, 9102, 75594, 180812, 51679, 57491, 262110, 49389]

id 39
F = [41, 134, 16, 126, 54, 34, 34, 38, 63, 196, 13, 47, 144, 38, 157, 34, 45, 45, 209, 45, 59, 45, 38, 41, 38, 42, 442, 46, 36, 18]
F2 = [13, 40, 112, 52, 84, 256, 152, 323, 142, 658, 34, 143, 147, 674, 35, 18, 164, 13, 236, 240, 85, 14, 93, 152, 140, 13, 52, 624, 257, 23]
T = [26297, 51308, 13598, 49190, 24394, 17900, 18906, 20699, 27302, 73193, 7999, 20604, 54604, 17007, 59805, 21306, 19413, 20198, 77191, 21497, 27285, 21607, 23804, 17907, 30698, 18290, 158183, 21294, 20895, 8892]
T2 = [4996, 14411, 70910, 18491, 29503, 90606, 63627, 113177, 49995, 236244, 14399, 50405, 52093, 237567, 12797, 6599, 58091, 6201, 83804, 84205, 30490, 5804, 41702, 54402, 50500, 5200, 19304, 219596, 146794, 9492]

id 40
F = [11, 25, 40, 35, 42, 44, 6, 35, 42, 35, 57, 12, 154, 42, 32, 315, 36, 9, 18, 155, 121, 33, 32, 33, 179, 38, 37, 44, 292, 53]
F2 = [38, 81, 160, 141, 148, 146, 470, 13, 254, 201, 165, 31, 132, 17, 9, 72, 150, 35, 33, 88, 19, 159, 12, 133, 16, 135, 6, 10, 214, 136]
T = [7301, 29602, 18499, 21504, 26293, 18503, 5202, 21105, 17998, 17696, 25098, 8899, 58399, 18503, 21192, 116086, 17907, 5799, 12400, 59595, 46795, 16492, 16299, 14700, 67610, 24296, 18101, 24699, 109007, 23105]
T2 = [14208, 41102, 58372, 64397, 55598, 67783, 171309, 7500, 88801, 72210, 59601, 12205, 46811, 6803, 4497, 25709, 54399, 13797, 13093, 32603, 7496, 55402, 4698, 48195, 6098, 49103, 2697, 4600, 88383, 48089]

id 41
F = [37, 42, 10, 33, 151, 38, 51, 43, 11, 10, 11, 134, 143, 54, 45, 43, 33, 512, 291, 49, 10, 37, 37, 10, 39, 139, 7, 34, 9, 46]
F2 = [206, 159, 24, 16, 41, 21, 98, 14, 29, 31, 187, 156, 46, 17, 158, 103, 9, 331, 152, 146, 250, 246, 18, 24, 256, 87, 124, 130, 37, 15]
T = [16600, 19705, 7101, 15502, 66908, 21007, 22406, 18187, 6394, 8003, 6596, 52115, 54399, 22504, 19412, 18306, 18995, 192897, 263108, 21119, 6101, 18806, 15296, 5804, 22797, 53493, 6905, 16799, 6899, 21694]
T2 = [72202, 56284, 9605, 6290, 15304, 9303, 35120, 5699, 11298, 12605, 66803, 62803, 16694, 7704, 101217, 36691, 3898, 115898, 52490, 52005, 89902, 123996, 6591, 9702, 109702, 31501, 60806, 47003, 14197, 5899]

id 42
F = [42, 55, 37, 33, 49, 7, 33, 30, 147, 140, 8, 41, 172, 196, 34, 38, 44, 37, 31, 43, 184, 41, 152, 217, 16, 33, 40, 10, 46, 137]
F2 = [183, 138, 141, 144, 778, 201, 184, 11, 146, 152, 27, 234, 540, 214, 470, 19, 255, 238, 256, 196, 491, 21, 278, 34, 27, 343, 270, 29, 479, 155]
T = [22707, 23999, 20906, 21300, 21495, 7703, 14801, 14195, 100712, 54382, 6299, 22392, 64505, 74499, 14398, 17790, 18098, 22100, 13902, 19592, 68889, 18302, 59712, 89400, 9107, 24998, 21285, 17898, 30601, 52096]
T2 = [64204, 49108, 51203, 49291, 274477, 477302, 64387, 4299, 67894, 62710, 11404, 83102, 205504, 81701, 172916, 7098, 98992, 100297, 91722, 84385, 170592, 7705, 97392, 13095, 11001, 154977, 97783, 12202, 253267, 53597]

id 43
F = [35, 131, 46, 62, 41, 36, 51, 36, 184, 38, 43, 174, 45, 48, 293, 49, 13, 140, 29, 31, 14, 39, 183, 34, 48, 235, 14, 47, 59, 34]
F2 = [16, 17, 173, 267, 455, 369, 94, 139, 13, 370, 24, 621, 86, 20, 226, 188, 33, 149, 251, 3, 137, 147, 11, 15, 370, 281, 31, 177, 770, 235]
T = [18397, 49404, 21593, 39604, 17513, 16301, 21497, 20600, 159407, 19097, 25802, 66498, 18297, 29893, 139882, 23902, 7696, 54289, 14696, 13997, 9798, 17099, 87193, 16691, 20703, 87736, 8001, 23892, 30789, 16094]
T2 = [6398, 6998, 60599, 114882, 161297, 161833, 34089, 49912, 5000, 244314, 8898, 222991, 30007, 8991, 106991, 67011, 12905, 52509, 89536, 1600, 50318, 51397, 4399, 6200, 130130, 102524, 11900, 82088, 362404, 88113]

id 44
F = [45, 303, 42, 45, 11, 188, 41, 34, 39, 42, 12, 38, 10, 193, 48, 36, 140, 7, 44, 36, 35, 41, 36, 33, 48, 131, 39, 157, 201, 8]
F2 = [147, 385, 249, 258, 34, 137, 14, 153, 222, 187, 25, 148, 26, 9, 86, 17, 44, 29, 148, 389, 259, 7, 13, 608, 188, 75, 410, 480, 655, 32]
T = [20890, 119717, 20195, 20798, 7805, 67605, 18105, 15105, 17505, 19199, 10899, 18205, 6701, 72391, 20702, 20505, 55294, 5898, 34608, 25103, 18903, 17996, 18299, 15202, 20609, 54108, 17199, 60607, 74206, 6304]
T2 = [50404, 139016, 97701, 91697, 13303, 48516, 5699, 53002, 77992, 66800, 10700, 54197, 9997, 4004, 30703, 7504, 16504, 10998, 101018, 172113, 91919, 3599, 5295, 221230, 69695, 27891, 144008, 168393, 228589, 15499]

id 45
F = [10, 197, 30, 29, 12, 49, 196, 58, 155, 189, 39, 11, 38, 50, 38, 44, 213, 40, 183, 193, 18, 59, 46, 35, 42, 41, 46, 38, 11, 47]
F2 = [34, 13, 174, 195, 129, 741, 73, 145, 30, 297, 139, 25, 140, 150, 151, 257, 34, 21, 311, 637, 31, 89, 138, 241, 392, 169, 175, 147, 328, 1012]
T = [7699, 75485, 13809, 15294, 121001, 20489, 90510, 24502, 69115, 86487, 19002, 8399, 20498, 39301, 17993, 21300, 121002, 19599, 73902, 71712, 11498, 25403, 26706, 16993, 21895, 22892, 24195, 18000, 7397, 31706]
T2 = [14895, 5805, 61884, 68776, 641718, 261501, 31217, 51491, 13100, 135500, 50305, 9697, 52611, 52196, 54825, 98322, 19799, 8100, 109298, 224593, 14794, 31705, 62901, 85189, 170005, 64794, 75112, 53101, 116987, 370033]

id 46
F = [54, 188, 11, 37, 41, 41, 17, 141, 36, 32, 49, 179, 54, 27, 37, 39, 435, 41, 39, 17, 45, 9, 36, 179, 45, 294, 141, 41, 145, 29]
F2 = [453, 634, 20, 94, 151, 13, 33, 74, 443, 248, 290, 27, 271, 155, 151, 13, 70, 13, 189, 182, 137, 25, 21, 14, 185, 207, 50, 79, 42, 255]
T = [25399, 73113, 8700, 20307, 17512, 21789, 13996, 196194, 17400, 22690, 25797, 74990, 23399, 14899, 17299, 17701, 159412, 20792, 17410, 11602, 25510, 7401, 16597, 79705, 22289, 109492, 63286, 22895, 64295, 18503]
T2 = [169504, 223399, 10502, 39374, 53096, 6299, 20702, 34002, 154917, 134418, 117199, 10103, 94912, 56294, 91118, 4704, 26905, 5793, 67701, 103110, 63001, 12101, 7996, 6200, 74078, 72909, 26799, 35111, 15703, 113215]

id 47
F = [13, 43, 309, 11, 36, 225, 64, 24, 208, 44, 42, 39, 212, 149, 9, 35, 36, 139, 36, 33, 39, 14, 40, 39, 12, 12, 33, 41, 34, 47]
F2 = [26, 163, 35, 24, 278, 1155, 143, 231, 240, 184, 392, 14, 309, 71, 21, 14, 150, 143, 16, 143, 19, 801, 16, 426, 140, 175, 389, 14, 87, 145]
T = [9003, 18396, 144991, 8702, 15891, 84519, 30388, 12492, 75707, 19605, 18996, 16802, 77395, 55010, 9201, 15994, 20596, 54506, 26496, 15904, 17693, 10406, 29207, 23595, 7303, 10202, 19192, 17890, 14592, 27301]
T2 = [10798, 56988, 12600, 9999, 98906, 413930, 50305, 83399, 84605, 64798, 137990, 4705, 108305, 26997, 9602, 5506, 70914, 50696, 8896, 52208, 7398, 404174, 135196, 155482, 50681, 93090, 150711, 5706, 31201, 50595]

id 48
F = [12, 47, 16, 38, 47, 17, 11, 11, 11, 34, 179, 40, 60, 46, 43, 40, 38, 35, 37, 45, 41, 38, 197, 44, 36, 180, 14, 39, 286, 37]
F2 = [34, 157, 38, 144, 97, 186, 119, 501, 190, 194, 630, 18, 430, 259, 15, 145, 246, 181, 78, 480, 17, 132, 594, 23, 3, 852, 28, 5, 201, 125]
T = [9303, 36096, 11693, 19593, 20798, 24600, 6495, 7798, 14399, 16004, 67819, 20388, 32809, 22316, 25303, 18400, 22708, 16486, 17098, 19398, 18293, 19900, 129987, 25601, 16699, 67116, 8796, 19585, 258197, 18695]
T2 = [14206, 55331, 15591, 60408, 39103, 78212, 43197, 179619, 158490, 69867, 220827, 7899, 151711, 140914, 7301, 51411, 111566, 64204, 28989, 177802, 6600, 46890, 350692, 11509, 1700, 363045, 11493, 2399, 308211, 61310]

id 49
F = [40, 128, 38, 11, 42, 505, 277, 213, 37, 207, 41, 35, 42, 35, 58, 42, 37, 35, 139, 32, 221, 34, 45, 7, 39, 39, 51, 138, 38, 30]
F2 = [181, 35, 381, 22, 11, 327, 992, 94, 246, 301, 139, 12, 14, 17, 283, 143, 187, 127, 390, 247, 263, 134, 143, 34, 17, 276, 84, 292, 247, 90]
T = [23595, 47215, 18804, 9806, 28999, 302914, 101694, 93014, 17295, 78717, 17694, 15990, 24493, 17006, 34593, 26997, 21001, 15796, 55194, 21803, 172883, 18894, 23401, 6492, 19102, 28905, 27701, 63398, 34303, 14493]
T2 = [73110, 13200, 375505, 10696, 5498, 135478, 345577, 36009, 85708, 106902, 48400, 4398, 5196, 8010, 121704, 60993, 84565, 72411, 135685, 107277, 201911, 58981, 55896, 24700, 6901, 127522, 36993, 121715, 94225, 32010]

id 50
F = [12, 34, 300, 34, 35, 33, 11, 35, 37, 302, 39, 143, 133, 9, 44, 36, 42, 42, 52, 37, 138, 32, 522, 33, 14, 174, 51, 48, 34, 139]
F2 = [189, 244, 355, 87, 97, 183, 186, 260, 133, 171, 192, 87, 120, 23, 145, 13, 88, 148, 146, 241, 36, 151, 506, 155, 28, 12, 166, 95, 485, 368]
T = [9800, 15704, 108802, 19502, 18592, 14902, 6302, 18201, 16707, 153303, 19408, 53891, 57705, 9102, 20611, 15598, 19806, 20010, 22695, 16598, 59308, 15397, 191237, 16399, 10903, 72117, 27212, 21098, 15112, 52599]
T2 = [72186, 86403, 125622, 34502, 37476, 64106, 72398, 114802, 51018, 70300, 67892, 31489, 42300, 9802, 51785, 5398, 31498, 52083, 52007, 89686, 13101, 67894, 210277, 77500, 11601, 5399, 62393, 34098, 170810, 130826]

id 51
F = [134, 14, 41, 127, 50, 202, 32, 28, 42, 187, 9, 165, 34, 37, 9, 145, 45, 39, 32, 41, 37, 13, 31, 40, 33, 40, 7, 48, 37, 10]
F2 = [82, 277, 21, 64, 89, 324, 16, 142, 106, 305, 45, 36, 263, 149, 129, 33, 100, 258, 257, 581, 15, 130, 191, 17, 4, 133, 33, 150, 388, 124]
T = [58318, 12798, 18513, 50516, 22802, 113387, 20796, 13302, 19204, 72481, 6205, 63823, 14098, 17902, 7900, 86109, 23803, 19206, 14401, 25208, 19787, 10099, 15108, 17498, 17906, 18291, 6402, 27298, 16594, 8100]
T2 = [29304, 127291, 7901, 22985, 34503, 141016, 9399, 50589, 37600, 106706, 17292, 12202, 92094, 52401, 46697, 14700, 35710, 91494, 91492, 253916, 6591, 49809, 76792, 6601, 2696, 51605, 13692, 53780, 151702, 45797]

id 52
F = [39, 35, 207, 230, 42, 38, 45, 38, 198, 29, 38, 38, 41, 12, 190, 52, 50, 41, 47, 45, 45, 11, 42, 175, 194, 56, 145, 12, 43, 40]
F2 = [141, 14, 94, 282, 193, 138, 148, 254, 16, 148, 330, 15, 13, 250, 16, 86, 255, 153, 82, 247, 148, 141, 175, 642, 29, 805, 134, 23, 505, 144]
T = [22790, 24505, 94027, 117306, 18794, 21706, 25200, 16785, 75124, 13301, 16802, 17299, 30107, 7197, 82188, 27396, 26603, 18500, 22502, 25493, 19598, 7105, 18204, 82517, 72901, 23903, 55802, 6402, 19613, 17408]
T2 = [62410, 6505, 38905, 117927, 66491, 70491, 69302, 101297, 6007, 54203, 116630, 5901, 7900, 89881, 6196, 38708, 92881, 53393, 29701, 107062, 51090, 51009, 62098, 227312, 11000, 585279, 47598, 9204, 185417, 52018]

id 53
F = [13, 45, 56, 238, 135, 41, 196, 52, 59, 41, 9, 11, 38, 43, 38, 29, 46, 11, 31, 178, 34, 49, 30, 36, 10, 10, 16, 31, 148, 45]
F2 = [30, 19, 102, 603, 36, 138, 309, 99, 145, 18, 29, 186, 17, 245, 261, 471, 315, 28, 153, 331, 14, 405, 140, 4, 816, 122, 31, 18, 41, 238]
T = [9301, 21498, 24195, 94591, 51283, 18501, 73396, 21797, 57008, 17899, 6896, 7203, 19091, 21392, 18794, 12801, 23504, 8796, 15504, 101103, 16302, 21191, 144894, 15800, 11395, 6203, 9603, 15205, 56614, 21300]
T2 = [13203, 7198, 35898, 231507, 13301, 48294, 108792, 36522, 79609, 7302, 11702, 69513, 6890, 86416, 107098, 167618, 110872, 15408, 54585, 130197, 5202, 143004, 81090, 1600, 294185, 44480, 14000, 7101, 14801, 83284]

id 54
F = [331, 300, 43, 49, 36, 44, 67, 10, 13, 54, 35, 14, 38, 40, 12, 31, 39, 43, 38, 44, 32, 33, 39, 436, 54, 135, 50, 58, 180, 37]
F2 = [124, 33, 81, 193, 139, 268, 223, 132, 140, 465, 250, 329, 215, 85, 25, 90, 96, 155, 195, 13, 186, 14, 14, 382, 92, 154, 774, 454, 15, 141]
T = [121213, 197216, 21202, 31497, 21510, 36705, 26497, 6697, 6995, 24892, 15900, 9604, 17997, 18395, 7296, 14105, 23007, 19595, 28096, 24403, 18802, 15787, 22385, 162908, 27904, 59604, 24698, 25389, 67504, 16803]
T2 = [43998, 23605, 29795, 217480, 64493, 152488, 111889, 48889, 50801, 164128, 88410, 147506, 75508, 30001, 9793, 32902, 34896, 55195, 85493, 6696, 115586, 6303, 6301, 134481, 38189, 55204, 269576, 163110, 5699, 66399]

id 55
F = [12, 140, 144, 49, 33, 41, 11, 34, 48, 19, 39, 34, 140, 40, 56, 157, 36, 42, 184, 9, 46, 37, 47, 11, 284, 36, 9, 149, 49, 33]
F2 = [23, 42, 131, 92, 16, 472, 327, 247, 426, 26, 18, 178, 37, 414, 261, 43, 141, 17, 317, 23, 429, 17, 159, 126, 211, 246, 20, 160, 13, 153]
T = [9199, 58798, 53793, 25599, 19789, 19508, 12500, 14802, 28010, 10701, 17307, 18594, 52985, 22602, 37099, 59996, 17693, 17799, 68589, 5705, 21007, 20804, 21004, 13396, 109723, 15403, 11402, 61703, 20498, 14205]
T2 = [12001, 14703, 45982, 33407, 7596, 189879, 174906, 87305, 159186, 10704, 6699, 62912, 14003, 145546, 92197, 15297, 51105, 6601, 110784, 9293, 151531, 8401, 56905, 47599, 90282, 87102, 8403, 56308, 5193, 55891]

id 56
F = [35, 60, 33, 244, 43, 150, 52, 38, 176, 7, 40, 9, 193, 152, 39, 137, 39, 305, 193, 33, 40, 44, 47, 45, 41, 143, 53, 44, 40, 36]
F2 = [146, 90, 99, 263, 17, 71, 449, 136, 24, 28, 238, 32, 30, 362, 500, 39, 202, 95, 28, 4, 467, 146, 142, 441, 196, 40, 90, 5, 238, 172]
T = [15901, 30492, 19307, 106499, 19698, 83500, 25295, 21909, 70793, 5701, 22902, 9200, 71709, 63486, 21600, 54018, 17603, 111682, 74017, 15802, 20000, 19296, 21907, 19794, 19192, 77131, 27708, 19998, 21515, 17501]
T2 = [51983, 31901, 35404, 93320, 6602, 26306, 164410, 48389, 8802, 11095, 102494, 12291, 11102, 137709, 402017, 14212, 70518, 33109, 11306, 1800, 165963, 58590, 51717, 163428, 69715, 15494, 33313, 2001, 87808, 68105]

id 57
F = [11, 17, 8, 47, 36, 31, 133, 36, 35, 46, 196, 41, 39, 33, 168, 36, 52, 224, 42, 137, 34, 12, 11, 10, 39, 35, 229, 142, 45, 39]
F2 = [328, 29, 130, 143, 446, 16, 19, 253, 13, 14, 326, 13, 11, 143, 345, 15, 152, 253, 12, 41, 150, 139, 37, 268, 14, 185, 93, 38, 176, 18]
T = [17908, 10804, 6700, 37590, 27499, 21796, 53827, 16601, 15904, 19109, 71493, 20714, 16891, 14892, 63699, 15208, 23002, 82508, 24488, 52426, 21098, 12002, 8496, 10799, 29899, 15508, 88797, 58394, 20096, 29606]
T2 = [501307, 12098, 48091, 52515, 171177, 8696, 8099, 88765, 5000, 5396, 113388, 5394, 4700, 50791, 120242, 7103, 53784, 90101, 5601, 14800, 69790, 52415, 21700, 95092, 6298, 66012, 34707, 13906, 62703, 11005]

id 58
F = [152, 145, 37, 57, 44, 152, 10, 10, 39, 38, 177, 10, 32, 35, 37, 20, 41, 213, 14, 36, 43, 141, 42, 32, 13, 40, 197, 191, 48, 33]
F2 = [144, 273, 237, 799, 12, 296, 36, 36, 250, 260, 324, 22, 233, 145, 15, 20, 145, 91, 30, 169, 146, 74, 476, 129, 23, 191, 14, 314, 85, 276]
T = [92495, 74987, 16600, 29499, 22692, 70488, 10498, 8895, 23993, 18897, 65992, 8700, 21294, 14508, 19302, 10103, 31496, 78404, 7802, 23907, 18098, 73817, 19087, 21292, 11900, 25701, 71594, 86407, 30399, 18195]
T2 = [51589, 96040, 83796, 327093, 5309, 104284, 14498, 16800, 95701, 113095, 114298, 8699, 90787, 51810, 6800, 8006, 52512, 31891, 11910, 107877, 51600, 31087, 173976, 85798, 34095, 80299, 5096, 128748, 42806, 100096]

id 59
F = [132, 167, 152, 36, 33, 115, 44, 33, 139, 44, 36, 10, 11, 42, 36, 45, 11, 11, 148, 130, 40, 40, 43, 47, 37, 41, 43, 141, 39, 35]
F2 = [40, 630, 74, 346, 151, 185, 251, 141, 38, 184, 332, 132, 120, 311, 159, 150, 26, 28, 32, 32, 152, 240, 142, 79, 247, 230, 394, 358, 6, 147]
T = [54492, 62601, 59499, 16605, 14490, 47491, 18897, 19192, 62591, 18193, 17902, 7605, 10198, 23901, 24599, 21594, 6898, 8801, 72796, 50006, 16809, 17995, 19894, 20902, 19192, 17707, 23403, 55388, 18398, 16408]
T2 = [14898, 228517, 26194, 120693, 53801, 72388, 87628, 50090, 16207, 65205, 139174, 71789, 45496, 140401, 57420, 70807, 11297, 11204, 15293, 11901, 54013, 84977, 50109, 28002, 86601, 80701, 144290, 135575, 2599, 51508]

id 60
F = [40, 39, 29, 11, 362, 37, 12, 41, 7, 8, 39, 33, 493, 44, 10, 44, 29, 39, 8, 31, 198, 42, 197, 32, 31, 37, 33, 44, 40, 46]
F2 = [16, 160, 142, 23, 134, 18, 43, 242, 28, 182, 10, 264, 319, 188, 504, 7, 8, 16, 139, 10, 131, 11, 35, 185, 154, 176, 246, 184, 10, 785]
T = [18698, 19194, 13498, 6696, 134985, 21500, 93899, 23006, 6100, 8699, 18100, 16501, 251604, 19101, 7003, 18386, 16398, 17693, 7301, 24101, 75610, 35485, 73017, 14700, 14199, 21505, 25603, 20097, 21491, 21410]
T2 = [6097, 56215, 51505, 9102, 49775, 33104, 23386, 105337, 11199, 65707, 4001, 93871, 156386, 66998, 182999, 2705, 3602, 5801, 51117, 5696, 46389, 5401, 12601, 66288, 55294, 81295, 128409, 65999, 4599, 341081]

id 61
F = [36, 37, 35, 27, 120, 15, 42, 149, 43, 126, 13, 66, 130, 40, 159, 39, 135, 40, 151, 37, 134, 155, 36, 11, 41, 33, 149, 307, 31, 41]
F2 = [11, 262, 253, 196, 18, 124, 352, 39, 131, 17, 35, 131, 19, 446, 142, 258, 23, 13, 354, 456, 40, 144, 13, 130, 14, 20, 239, 104, 181, 19]
T = [23006, 16306, 22891, 13895, 66780, 8398, 20297, 71577, 24095, 48891, 11502, 40513, 49507, 19203, 59289, 19304, 53296, 17296, 59684, 16697, 53595, 61410, 18500, 6703, 24700, 16401, 59412, 129391, 18197, 18491]
T2 = [6698, 95617, 90711, 70377, 9501, 44886, 141202, 30797, 58502, 6306, 19300, 107870, 6499, 156115, 50419, 90697, 7796, 5002, 123432, 162400, 17199, 50803, 6901, 46804, 5495, 7709, 83168, 37999, 64777, 7293]

id 62
F = [136, 41, 60, 180, 11, 39, 38, 295, 40, 41, 14, 41, 37, 36, 10, 34, 32, 43, 138, 219, 56, 272, 149, 14, 39, 34, 66, 448, 37, 35]
F2 = [41, 147, 893, 142, 120, 161, 129, 39, 81, 261, 28, 129, 194, 141, 270, 3, 232, 147, 146, 89, 480, 517, 153, 190, 184, 360, 446, 200, 152, 235]
T = [54218, 30403, 37207, 71703, 8906, 31414, 17497, 107796, 20098, 17200, 9304, 18199, 16298, 16897, 6200, 19199, 15296, 20413, 51198, 83197, 22599, 105288, 60994, 7599, 25606, 17000, 32398, 168101, 17192, 17304]
T2 = [116108, 67876, 364362, 62596, 45607, 71896, 45989, 14597, 28996, 92214, 10994, 55400, 69901, 52905, 97597, 1702, 84374, 52018, 50588, 31901, 167261, 181593, 55704, 67918, 64615, 128631, 165201, 70315, 54315, 99086]

id 63
F = [38, 35, 45, 291, 36, 132, 33, 16, 30, 134, 36, 233, 11, 26, 190, 38, 39, 35, 53, 270, 50, 16, 43, 8, 152, 32, 209, 9, 48, 10]
F2 = [8, 142, 88, 536, 146, 138, 93, 29, 135, 80, 186, 104, 34, 182, 122, 182, 94, 16, 132, 203, 264, 128, 404, 31, 36, 376, 276, 26, 138, 143]
T = [19498, 17997, 19813, 114007, 21198, 51105, 21199, 13697, 13304, 53793, 15602, 157180, 6399, 12799, 81410, 17299, 17694, 20794, 24306, 99106, 24704, 12193, 17706, 8300, 58398, 15101, 81002, 9603, 24706, 10498]
T2 = [3599, 50498, 31486, 193875, 120900, 48104, 34288, 16095, 49094, 28501, 66896, 51396, 13099, 63688, 43698, 64300, 33807, 12096, 46394, 72802, 94813, 48006, 142496, 13095, 12909, 148502, 101286, 41297, 49394, 52411]

id 64
F = [44, 230, 38, 10, 56, 50, 39, 43, 37, 39, 142, 37, 34, 51, 16, 39, 33, 266, 16, 39, 38, 30, 35, 46, 136, 36, 45, 48, 42, 14]
F2 = [141, 254, 18, 275, 157, 381, 98, 10, 184, 181, 40, 137, 250, 11, 31, 154, 21, 31, 23, 142, 147, 14, 135, 173, 138, 473, 257, 94, 263, 354]
T = [31499, 101291, 19195, 7802, 28403, 21596, 18597, 18794, 15503, 26602, 69407, 24106, 18295, 21602, 13894, 25511, 16303, 99369, 9595, 18400, 21903, 15002, 15104, 19798, 51301, 20896, 20700, 20504, 18701, 8101]
T2 = [73283, 106994, 7900, 116122, 55214, 169368, 35686, 3796, 65988, 64912, 15202, 64013, 88602, 4102, 18101, 100800, 8500, 11407, 11111, 50188, 62263, 5496, 48613, 61811, 48493, 214607, 90599, 33700, 92691, 124832]

id 65
F = [60, 37, 189, 132, 228, 14, 11, 54, 149, 140, 213, 38, 32, 41, 34, 11, 41, 157, 174, 34, 148, 132, 59, 38, 35, 34, 37, 51, 41, 35]
F2 = [98, 84, 148, 85, 267, 39, 130, 94, 75, 38, 25, 2, 139, 16, 16, 128, 250, 14, 330, 6, 40, 375, 132, 392, 398, 148, 188, 430, 242, 469]
T = [24206, 21298, 69889, 51717, 83484, 8201, 8707, 21790, 57503, 51195, 83920, 18893, 15895, 21891, 23897, 9400, 20890, 58507, 72099, 16701, 65712, 61299, 31710, 18493, 16294, 16797, 16414, 20105, 22498, 16006]
T2 = [33903, 30795, 53125, 37993, 94719, 15108, 57998, 33407, 28587, 13097, 9201, 1101, 48992, 6396, 11604, 47391, 86881, 5103, 165484, 2702, 28198, 147815, 81487, 141603, 140192, 53293, 90699, 150795, 91907, 168623]

id 66
F = [180, 201, 38, 189, 47, 37, 134, 37, 58, 38, 42, 172, 175, 153, 38, 184, 32, 46, 34, 44, 47, 47, 34, 40, 44, 31, 10, 32, 39, 36]
F2 = [86, 312, 193, 752, 135, 20, 145, 136, 772, 8, 255, 17, 333, 90, 3, 125, 233, 161, 568, 365, 285, 460, 87, 15, 142, 146, 137, 442, 17, 485]
T = [89705, 88795, 17401, 125910, 27095, 18205, 50199, 14999, 23704, 17500, 18912, 65387, 64108, 57110, 15602, 69420, 15108, 22302, 18512, 19305, 23100, 25297, 14511, 22408, 20593, 14500, 6703, 14700, 17186, 25899]
T2 = [38088, 108604, 67806, 342110, 66073, 8200, 53785, 48403, 270426, 3403, 92693, 6398, 135103, 32498, 1701, 44004, 82473, 61808, 204012, 128418, 100804, 184001, 31096, 7694, 56007, 52597, 50098, 156338, 6509, 171225]

id 67
F = [44, 41, 41, 12, 32, 40, 16, 36, 34, 51, 142, 7, 32, 39, 53, 231, 159, 35, 181, 36, 52, 194, 192, 144, 39, 38, 151, 141, 179, 146]
F2 = [151, 141, 478, 32, 249, 388, 28, 16, 469, 99, 34, 123, 147, 16, 100, 584, 41, 148, 312, 252, 85, 304, 606, 39, 186, 184, 81, 41, 13, 282]
T = [18805, 16997, 19000, 7301, 15700, 17296, 23002, 17413, 16204, 21508, 71500, 13801, 16897, 24701, 21506, 85671, 59589, 21401, 66690, 20097, 21396, 74912, 75999, 56983, 18500, 35696, 57323, 56804, 67094, 65895]
T2 = [53787, 51100, 171906, 12594, 88401, 136334, 18295, 6401, 163920, 35204, 12403, 54109, 52882, 6905, 35811, 221213, 14805, 235999, 111213, 89494, 30895, 122992, 224500, 13595, 79698, 65510, 28198, 14899, 5001, 119215]

id 68
F = [40, 33, 170, 43, 38, 44, 35, 128, 32, 40, 8, 45, 148, 52, 40, 197, 147, 162, 149, 13, 36, 11, 9, 41, 167, 31, 148, 17, 18, 170]
F2 = [129, 374, 670, 15, 240, 15, 231, 340, 16, 13, 28, 14, 304, 448, 9, 109, 348, 37, 121, 29, 258, 22, 189, 18, 18, 17, 154, 32, 145, 126]
T = [22102, 23697, 65007, 19402, 18699, 19001, 16706, 67310, 16098, 18884, 8801, 19105, 56502, 37107, 18292, 76087, 54394, 67615, 54596, 8701, 19695, 7800, 6895, 17601, 73900, 13205, 59305, 9805, 9704, 64679]
T2 = [45688, 171686, 235617, 7105, 86186, 5803, 81622, 129701, 6092, 5100, 11896, 5399, 110902, 178609, 3996, 39793, 122225, 13196, 43189, 11904, 110196, 9103, 68597, 6699, 10898, 6797, 54310, 20487, 66093, 48013]

id 69
F = [43, 37, 172, 39, 45, 200, 43, 184, 42, 32, 190, 47, 15, 132, 36, 132, 318, 42, 39, 44, 139, 33, 32, 430, 187, 43, 197, 10, 134, 42]
F2 = [262, 11, 85, 368, 477, 19, 13, 33, 389, 10, 12, 402, 26, 42, 78, 16, 183, 89, 182, 236, 78, 15, 147, 415, 460, 193, 15, 26, 41, 387]
T = [25000, 17406, 206999, 26801, 21400, 99514, 18493, 67886, 22202, 14297, 73277, 21298, 15797, 50408, 16506, 52293, 231913, 19503, 17907, 24698, 74492, 17197, 20896, 174218, 79304, 19005, 77004, 7997, 55294, 22696]
T2 = [97082, 4598, 41601, 205110, 183119, 6797, 5498, 12091, 170588, 4492, 4597, 184709, 20898, 15001, 27796, 6598, 141003, 32503, 66702, 113299, 37677, 6795, 286599, 207678, 230420, 68295, 5503, 10197, 15295, 154905]

id 70
F = [54, 43, 29, 59, 13, 15, 36, 154, 60, 40, 40, 42, 39, 35, 15, 42, 443, 34, 169, 311, 43, 42, 42, 56, 186, 182, 12, 47, 191, 48]
F2 = [100, 465, 153, 110, 24, 323, 15, 41, 84, 399, 146, 135, 17, 249, 20, 175, 61, 141, 20, 508, 74, 144, 8, 94, 259, 301, 140, 76, 94, 132]
T = [23907, 29593, 14904, 24397, 158998, 8000, 21402, 60105, 25889, 16597, 19899, 21600, 17400, 17292, 7701, 20096, 160227, 17796, 68095, 123385, 25199, 20300, 17797, 25494, 69913, 67297, 11197, 22505, 76303, 25409]
T2 = [37191, 184100, 54794, 39190, 10609, 115597, 7007, 14997, 30106, 139213, 56795, 48211, 5899, 88616, 8004, 61092, 22098, 50003, 7605, 188281, 29998, 62511, 3197, 33190, 96988, 128802, 50992, 26814, 33207, 47502]

id 71
F = [51, 152, 51, 37, 149, 276, 35, 32, 44, 11, 12, 42, 47, 142, 137, 43, 13, 33, 11, 49, 10, 43, 38, 46, 46, 19, 11, 14, 42, 35]
F2 = [454, 280, 746, 379, 221, 22, 17, 555, 495, 29, 31, 168, 183, 361, 80, 184, 194, 163, 25, 236, 146, 335, 17, 138, 451, 142, 194, 487, 182, 16]
T = [30097, 74879, 23404, 18010, 57697, 120796, 17495, 14205, 29406, 10999, 11300, 18486, 21305, 53492, 59903, 18199, 14000, 15100, 6703, 47493, 5506, 21504, 19905, 21898, 21806, 11598, 6900, 9898, 19102, 19591]
T2 = [159682, 101199, 470241, 166789, 100190, 10193, 6595, 196837, 174291, 20803, 34395, 59306, 65815, 134505, 28394, 81310, 89704, 77393, 10103, 86305, 51604, 139095, 7801, 48190, 158110, 50894, 75385, 216117, 64008, 9002]

id 72
F = [142, 9, 16, 53, 119, 35, 15, 43, 127, 151, 12, 38, 12, 38, 8, 45, 14, 41, 217, 38, 214, 43, 32, 194, 39, 49, 17, 37, 38, 175]
F2 = [141, 22, 22, 254, 18, 147, 663, 249, 702, 359, 192, 253, 29, 137, 642, 1024, 179, 255, 286, 265, 576, 611, 158, 333, 238, 785, 182, 143, 203, 308]
T = [55597, 6298, 8298, 26493, 45597, 15206, 8500, 17693, 51278, 65988, 7600, 18494, 7105, 22500, 10202, 20196, 12797, 17305, 81406, 23803, 81588, 20005, 17388, 71501, 19705, 20397, 8801, 16810, 17000, 65905]
T2 = [49399, 9106, 9701, 89214, 6307, 51995, 251506, 87701, 274701, 125313, 69006, 103181, 11407, 49914, 296813, 365899, 82393, 90011, 115330, 94704, 203121, 217724, 56381, 115890, 82987, 278489, 64497, 50496, 72207, 109717]

id 73
F = [44, 147, 42, 34, 180, 48, 50, 134, 61, 45, 51, 41, 42, 212, 35, 41, 112, 199, 42, 15, 13, 35, 140, 67, 145, 38, 36, 32, 151, 36]
F2 = [91, 366, 94, 15, 14, 81, 18, 40, 132, 431, 619, 17, 348, 26, 136, 229, 20, 21, 10, 708, 33, 171, 159, 465, 32, 158, 472, 254, 137, 169]
T = [31300, 64418, 28489, 15999, 67314, 21297, 31302, 59014, 26995, 24096, 30090, 25697, 19504, 84792, 16703, 23899, 45483, 74416, 18693, 9408, 10403, 16903, 74282, 49295, 65296, 20193, 17406, 17188, 80408, 15494]
T2 = [43517, 141816, 63118, 7306, 4801, 29504, 23702, 15197, 54287, 262872, 308383, 6201, 121388, 9700, 48590, 101498, 7407, 7400, 4001, 252014, 16395, 59503, 68093, 241078, 12007, 56198, 291894, 89831, 49711, 60892]

id 74
F = [13, 59, 21, 178, 35, 41, 182, 20, 269, 26, 16, 47, 137, 41, 34, 20, 16, 43, 34, 40, 38, 41, 40, 42, 34, 41, 38, 15, 30, 13]
F2 = [31, 148, 23, 141, 401, 17, 14, 31, 216, 7, 24, 452, 158, 255, 240, 158, 121, 145, 146, 142, 412, 763, 140, 149, 3, 257, 12, 533, 11, 183]
T = [9201, 23910, 12703, 65586, 18204, 18402, 68390, 11898, 104566, 14201, 10496, 20796, 51820, 17493, 15606, 10703, 9301, 18399, 19493, 18406, 17792, 18006, 17105, 23608, 18404, 28495, 25101, 8001, 14094, 10404]
T2 = [12603, 52215, 9498, 50210, 140899, 6002, 5304, 15406, 79621, 3401, 9799, 172503, 55901, 90701, 84501, 55584, 46411, 51426, 51786, 50206, 143517, 267238, 50102, 57008, 1700, 121189, 5797, 191691, 4300, 66472]

id 75
F = [61, 14, 41, 37, 160, 46, 185, 30, 40, 38, 8, 147, 51, 39, 199, 10, 284, 136, 33, 9, 146, 42, 199, 137, 32, 12, 41, 36, 130, 35]
F2 = [102, 27, 200, 148, 294, 141, 293, 154, 255, 17, 22, 376, 420, 150, 29, 130, 27, 33, 147, 128, 358, 252, 589, 314, 784, 135, 384, 127, 210, 260]
T = [24500, 7504, 18902, 17194, 61696, 19101, 68110, 13200, 17800, 17005, 4897, 116501, 24596, 19287, 79163, 6703, 130885, 129191, 14502, 11300, 96812, 19812, 75487, 53406, 14806, 7605, 18196, 20399, 49203, 18995]
T2 = [36195, 10708, 70618, 53188, 108693, 49374, 102093, 82913, 88078, 6099, 9203, 163421, 147308, 76395, 11399, 51193, 10191, 31601, 53100, 65112, 161086, 92115, 207091, 110920, 279364, 49697, 135725, 51182, 73824, 99082]

id 76
F = [195, 33, 39, 42, 43, 11, 12, 10, 15, 19, 30, 13, 41, 37, 10, 12, 39, 49, 42, 151, 177, 39, 41, 131, 35, 34, 12, 15, 39, 60]
F2 = [316, 144, 185, 262, 13, 28, 24, 140, 142, 26, 111, 28, 349, 149, 37, 28, 16, 108, 14, 376, 135, 14, 585, 348, 400, 398, 146, 827, 8, 139]
T = [82487, 22499, 18204, 21404, 22404, 7998, 8906, 6602, 10700, 18397, 13797, 7899, 18488, 16001, 6696, 7002, 21090, 33310, 19906, 66286, 69082, 20492, 18102, 55100, 22895, 15993, 10897, 15800, 18498, 28811]
T2 = [110516, 54179, 76490, 92018, 5499, 12209, 12395, 50279, 63297, 11407, 39721, 10894, 120995, 52386, 14200, 11193, 6301, 45191, 5800, 131403, 60406, 5501, 203497, 123297, 207865, 146687, 53199, 440649, 3103, 86495]

id 77
F = [10, 34, 284, 60, 33, 177, 133, 12, 31, 42, 67, 31, 38, 143, 127, 34, 48, 8, 41, 38, 32, 183, 9, 139, 133, 142, 40, 44, 20, 154]
F2 = [189, 257, 205, 87, 201, 16, 382, 127, 14, 152, 93, 17, 201, 359, 71, 250, 140, 27, 15, 182, 194, 311, 138, 93, 284, 84, 85, 157, 31, 278]
T = [8701, 17001, 102473, 51401, 15411, 66020, 51012, 6095, 36801, 17797, 27188, 15498, 22105, 57676, 72211, 17992, 25896, 5597, 17800, 17884, 17099, 74485, 10904, 52694, 53810, 54288, 18402, 19108, 10699, 57983]
T2 = [68003, 89407, 72509, 30495, 77779, 6205, 133887, 45389, 6297, 54191, 31804, 7094, 95415, 125581, 57804, 93135, 66998, 11397, 5601, 70108, 70396, 111913, 50513, 33584, 122879, 29405, 30285, 55907, 12599, 116212]

id 78
F = [37, 40, 34, 39, 50, 16, 18, 37, 49, 357, 33, 41, 36, 13, 28, 19, 12, 188, 32, 13, 33, 187, 29, 13, 275, 27, 40, 262, 39, 291]
F2 = [157, 399, 200, 12, 396, 33, 25, 502, 246, 85, 21, 245, 147, 28, 197, 25, 41, 301, 19, 680, 153, 307, 3, 25, 343, 12, 455, 135, 10, 30]
T = [31810, 19100, 21402, 18104, 22104, 10102, 9002, 16801, 27192, 130313, 15494, 16999, 16902, 11699, 12600, 14906, 10502, 76404, 16396, 7800, 15191, 87896, 24400, 7903, 98098, 14095, 18304, 101593, 18506, 109093]
T2 = [66306, 141170, 135081, 5204, 137195, 12805, 10399, 176888, 94111, 29210, 8306, 85479, 52888, 10804, 68714, 14896, 22097, 110170, 7701, 364389, 69398, 108097, 2502, 10097, 120713, 4603, 167612, 47880, 4399, 10397]

id 79
F = [40, 36, 34, 36, 38, 14, 9, 41, 36, 45, 51, 22, 31, 40, 12, 35, 291, 41, 33, 157, 60, 33, 186, 45, 35, 10, 51, 36, 46, 41]
F2 = [135, 249, 144, 157, 143, 24, 34, 13, 150, 139, 88, 138, 16, 14, 151, 139, 215, 155, 84, 45, 154, 18, 318, 18, 337, 24, 89, 149, 93, 466]
T = [18299, 17206, 17002, 17696, 17399, 10603, 8597, 43799, 15602, 21012, 28206, 11201, 14999, 21507, 7604, 16100, 112002, 17495, 14899, 61105, 25306, 29809, 69705, 24500, 28898, 7701, 25704, 16500, 20201, 18887]
T2 = [48593, 87602, 51902, 57589, 50602, 10695, 13892, 6396, 56491, 61118, 36605, 49704, 6198, 5702, 54194, 49487, 75729, 54602, 29303, 16192, 60717, 9301, 113014, 6998, 187480, 9609, 38790, 53203, 32698, 174205]

id 80
F = [36, 146, 32, 289, 133, 13, 40, 36, 127, 36, 30, 43, 33, 36, 30, 158, 16, 35, 14, 40, 7, 40, 52, 47, 39, 386, 47, 12, 40, 190]
F2 = [18, 272, 470, 209, 81, 24, 137, 135, 18, 12, 151, 14, 228, 432, 83, 40, 23, 142, 25, 19, 27, 240, 136, 178, 118, 92, 159, 128, 241, 310]
T = [16099, 57905, 13602, 105715, 54301, 8408, 27895, 16102, 48682, 16197, 14195, 20097, 16093, 38087, 17004, 67691, 9299, 15998, 8098, 29202, 4902, 16813, 21694, 21406, 17604, 139887, 22000, 7400, 19301, 70998]
T2 = [7200, 95494, 171120, 81704, 28592, 10095, 50022, 48705, 6794, 4803, 54298, 5703, 80894, 168301, 32895, 16213, 9104, 62616, 9893, 8304, 10898, 83922, 47213, 62804, 40611, 32402, 55604, 46096, 84618, 113894]

id 81
F = [37, 10, 33, 146, 294, 46, 58, 45, 36, 125, 31, 36, 11, 33, 190, 33, 27, 44, 37, 36, 42, 39, 38, 13, 38, 57, 117, 35, 194, 9]
F2 = [249, 23, 326, 145, 523, 260, 786, 123, 141, 74, 239, 17, 32, 149, 634, 3, 246, 255, 182, 480, 139, 255, 14, 22, 187, 95, 534, 221, 33, 32]
T = [16799, 6201, 16192, 57917, 106498, 20896, 41205, 19098, 19000, 49801, 16804, 17896, 12799, 14809, 71585, 14804, 12201, 23202, 17497, 16100, 22008, 17596, 17499, 7101, 18988, 23203, 130497, 17995, 88420, 9502]
T2 = [90906, 9291, 115320, 51129, 183469, 90911, 296347, 44022, 52375, 26197, 109489, 6899, 13303, 53106, 220627, 1799, 95710, 90790, 65294, 168090, 57288, 89992, 5502, 8804, 66089, 35706, 195927, 88898, 12603, 13210]

id 82
F = [6, 34, 143, 38, 147, 45, 60, 16, 52, 122, 16, 178, 35, 134, 153, 213, 294, 205, 39, 38, 53, 41, 136, 124, 146, 42, 179, 64, 27, 228]
F2 = [693, 276, 40, 398, 378, 174, 768, 30, 647, 356, 24, 14, 268, 50, 141, 255, 203, 81, 14, 421, 94, 141, 142, 71, 45, 124, 615, 157, 243, 242]
T = [5198, 15699, 53499, 17402, 61922, 21109, 26092, 10797, 21601, 47311, 12598, 72100, 20307, 71577, 59311, 103088, 168397, 79725, 19099, 19005, 22284, 19898, 51501, 51007, 56508, 21199, 66709, 26197, 12508, 83389]
T2 = [246342, 96927, 14603, 217771, 132282, 62520, 267301, 11602, 233784, 126289, 11405, 5300, 104306, 22394, 49399, 117666, 83379, 28898, 4898, 160657, 32689, 50407, 53205, 25400, 16093, 43793, 228636, 55011, 86791, 85079]

id 83
F = [32, 39, 14, 7, 59, 15, 53, 151, 173, 44, 33, 34, 16, 33, 30, 33, 40, 134, 120, 11, 38, 283, 38, 176, 36, 42, 39, 186, 44, 11]
F2 = [15, 18, 474, 24, 580, 362, 248, 259, 645, 139, 476, 137, 29, 142, 196, 15, 184, 20, 364, 168, 149, 213, 12, 349, 140, 137, 338, 15, 192, 34]
T = [15290, 17792, 11594, 6003, 37884, 14897, 28297, 58205, 68100, 24993, 15408, 15795, 8605, 15899, 14304, 16399, 16203, 50105, 47797, 6601, 17493, 107401, 20000, 75795, 17500, 20702, 19898, 78509, 20707, 9701]
T2 = [7400, 7004, 178708, 9599, 276194, 148524, 138829, 90919, 226717, 52913, 192625, 49510, 12097, 52202, 70295, 5790, 65486, 7802, 132880, 65303, 52710, 73405, 4500, 129400, 49487, 49082, 125789, 7201, 76904, 14406]

id 84
F = [40, 13, 45, 35, 41, 66, 191, 41, 42, 33, 42, 32, 122, 45, 40, 140, 40, 45, 38, 40, 41, 38, 40, 157, 42, 45, 157, 31, 42, 505]
F2 = [186, 192, 180, 393, 182, 264, 654, 17, 17, 251, 18, 248, 39, 262, 592, 70, 632, 93, 192, 10, 242, 178, 6, 37, 148, 152, 145, 451, 14, 361]
T = [19507, 9796, 25501, 17406, 27402, 28195, 70823, 17196, 20994, 18208, 19296, 22808, 56898, 20406, 18304, 54689, 18002, 20800, 17504, 18395, 19307, 18499, 23196, 63299, 19009, 28300, 57896, 16703, 19295, 194298]
T2 = [66996, 89487, 86783, 145016, 89718, 93001, 287815, 6097, 6906, 90408, 6797, 109814, 17290, 99978, 207607, 25591, 234678, 38004, 67010, 3802, 84311, 71114, 3598, 13796, 52795, 75293, 51998, 188907, 5798, 126096]

id 85
F = [14, 18, 51, 35, 60, 12, 31, 49, 41, 39, 37, 67, 34, 203, 143, 186, 38, 143, 19, 36, 42, 59, 17, 118, 134, 163, 36, 55, 46, 31]
F2 = [133, 23, 18, 15, 477, 26, 144, 146, 405, 7, 252, 90, 143, 86, 34, 149, 144, 158, 134, 277, 182, 90, 33, 186, 149, 287, 133, 99, 242, 397]
T = [9094, 11196, 23680, 16505, 31296, 8097, 15800, 35894, 19690, 18011, 15399, 26699, 14895, 76520, 53810, 67897, 17502, 53897, 14598, 17209, 23899, 25203, 9500, 86785, 65292, 60106, 22696, 30811, 25610, 14702]
T2 = [76018, 9601, 6992, 7002, 201380, 11400, 61514, 102901, 148504, 3298, 89480, 32195, 49802, 30516, 12389, 53105, 51103, 55300, 47700, 97904, 64487, 32515, 12999, 78277, 71396, 139729, 55907, 40707, 103200, 139927]

id 86
F = [42, 38, 134, 231, 36, 13, 33, 15, 492, 48, 50, 31, 41, 49, 32, 33, 38, 34, 33, 60, 37, 54, 53, 116, 189, 292, 144, 33, 137, 35]
F2 = [16, 17, 82, 1049, 9, 364, 14, 132, 7, 18, 153, 15, 16, 266, 248, 16, 182, 409, 143, 138, 86, 147, 93, 676, 308, 501, 147, 154, 17, 14]
T = [22900, 19999, 51694, 106400, 16503, 7402, 19597, 9890, 175408, 26707, 21495, 15408, 17604, 26900, 14912, 18202, 17898, 17208, 21693, 40592, 18192, 23989, 20702, 47421, 87911, 108800, 54186, 16894, 52034, 16704]
T2 = [5900, 6993, 29404, 399775, 3697, 129001, 5701, 62410, 3297, 7304, 54219, 5502, 5901, 123509, 87585, 6994, 63304, 148986, 52499, 67520, 30502, 51595, 36310, 241242, 131114, 174783, 58110, 60123, 6102, 5501]

id 87
F = [29, 226, 40, 17, 41, 52, 19, 51, 37, 161, 37, 292, 62, 34, 32, 172, 43, 41, 34, 45, 38, 41, 38, 33, 44, 28, 33, 201, 38, 33]
F2 = [159, 279, 140, 27, 186, 143, 138, 407, 148, 341, 13, 348, 780, 183, 12, 15, 237, 192, 130, 256, 475, 264, 264, 132, 263, 197, 258, 15, 188, 91]
T = [13702, 81593, 23505, 10205, 19704, 23199, 8702, 23007, 17595, 66510, 16703, 107988, 33609, 14697, 14602, 65180, 20996, 20708, 17004, 24001, 16901, 18095, 36603, 23196, 20600, 16492, 14495, 77199, 19602, 15802]
T2 = [60292, 97124, 53719, 9904, 93089, 51093, 49289, 143290, 51916, 122311, 4899, 121214, 277692, 64418, 5298, 5700, 89290, 68208, 46079, 89915, 258024, 92513, 100714, 48374, 108397, 70815, 91411, 5593, 67196, 32497]

id 88
F = [133, 127, 10, 29, 13, 208, 42, 13, 39, 39, 34, 41, 131, 48, 39, 36, 134, 49, 43, 41, 30, 278, 152, 35, 61, 199, 41, 40, 55, 44]
F2 = [45, 39, 327, 17, 33, 31, 14, 26, 247, 15, 183, 470, 46, 252, 142, 249, 81, 161, 15, 199, 193, 222, 97, 254, 95, 315, 194, 236, 310, 19]
T = [51187, 49602, 9399, 14005, 6798, 82898, 19704, 7496, 20911, 17305, 15805, 18613, 49491, 20001, 17596, 18204, 52705, 21999, 19208, 19991, 13805, 102389, 73596, 18696, 27696, 73508, 18800, 21604, 23206, 21706]
T2 = [16104, 13592, 120306, 6706, 12802, 15405, 5297, 10695, 87816, 5900, 65601, 163025, 16601, 104106, 51282, 92492, 29814, 57085, 5800, 70724, 67197, 78664, 42696, 101701, 80698, 111515, 72681, 84482, 115111, 7998]

id 89
F = [334, 18, 34, 16, 44, 42, 38, 47, 41, 140, 35, 29, 44, 39, 50, 41, 37, 38, 40, 149, 179, 7, 63, 158, 299, 16, 38, 134, 40, 48]
F2 = [47, 28, 191, 204, 373, 384, 188, 19, 157, 45, 241, 132, 197, 14, 429, 16, 144, 204, 135, 81, 633, 30, 433, 83, 545, 776, 242, 82, 12, 22]
T = [121598, 13993, 14785, 8305, 24793, 28509, 19798, 35208, 20310, 60885, 18804, 13707, 20198, 18591, 25502, 17993, 16693, 21610, 17803, 101206, 67010, 7697, 27493, 59503, 108403, 8398, 25200, 62095, 18089, 25207]
T2 = [16400, 11301, 68001, 73443, 224848, 205028, 67727, 17198, 56890, 19398, 98017, 47320, 71395, 5402, 189201, 5702, 50505, 71989, 47410, 38281, 226904, 16400, 153398, 28997, 226474, 286830, 108184, 36599, 4301, 7998]

id 90
F = [38, 50, 41, 177, 15, 7, 33, 49, 43, 39, 45, 37, 138, 8, 40, 51, 154, 14, 200, 41, 129, 150, 144, 40, 507, 48, 8, 185, 45, 34]
F2 = [232, 566, 399, 14, 154, 30, 143, 155, 16, 248, 184, 179, 49, 360, 470, 85, 38, 33, 15, 16, 365, 42, 79, 179, 8, 188, 30, 306, 84, 193]
T = [17699, 21908, 19598, 66005, 13698, 5700, 15200, 21383, 19005, 18103, 19692, 17310, 62808, 9797, 18098, 25104, 67902, 8796, 74523, 22700, 53177, 57581, 61875, 20110, 196095, 20699, 7000, 71901, 20403, 15202]
T2 = [83171, 205287, 143403, 5401, 57600, 12504, 51802, 55395, 6198, 88996, 65000, 64016, 17505, 154385, 171780, 30101, 23989, 12899, 5691, 6500, 137512, 15305, 27705, 62514, 3503, 66119, 11898, 141086, 30497, 68618]

id 91
F = [442, 43, 41, 40, 47, 10, 17, 119, 45, 41, 54, 449, 155, 41, 40, 33, 26, 145, 32, 40, 9, 235, 36, 41, 43, 191, 33, 36, 38, 39]
F2 = [396, 87, 238, 132, 12, 27, 27, 20, 15, 193, 138, 382, 37, 234, 12, 135, 86, 33, 157, 137, 18, 286, 12, 140, 246, 92, 182, 373, 263, 19]
T = [172661, 22601, 19200, 28505, 20411, 11402, 8899, 47002, 24810, 17598, 27701, 162519, 66995, 18302, 18305, 15506, 11998, 55297, 15598, 26398, 7198, 85685, 16089, 16398, 19102, 72594, 21405, 16397, 20805, 17204]
T2 = [138806, 31209, 83603, 65014, 4397, 10400, 10594, 7504, 5704, 67974, 57680, 133298, 16103, 84491, 4904, 47516, 30697, 11699, 56194, 58184, 7396, 130711, 5005, 49593, 87225, 41877, 77790, 132501, 113777, 6704]

id 92
F = [194, 31, 40, 30, 35, 136, 151, 35, 42, 186, 207, 215, 40, 51, 35, 200, 41, 41, 39, 49, 140, 11, 187, 21, 8, 183, 41, 39, 186, 14]
F2 = [85, 256, 15, 150, 428, 136, 289, 6, 14, 30, 90, 292, 394, 92, 146, 29, 357, 723, 402, 86, 37, 26, 438, 389, 26, 19, 453, 212, 150, 125]
T = [93383, 14402, 19599, 13896, 20398, 64807, 57302, 16597, 23602, 83902, 111892, 93608, 30507, 29305, 17704, 80690, 18091, 17799, 18593, 20897, 52911, 9697, 69908, 11299, 11200, 70793, 20002, 19402, 101900, 44003]
T2 = [34897, 97612, 5502, 53486, 186394, 54582, 101709, 2601, 7103, 12500, 42397, 118425, 217511, 40099, 59577, 12606, 144464, 284900, 146311, 31200, 13706, 12305, 168219, 145497, 13002, 7304, 170392, 75881, 57502, 55502]

id 93
F = [45, 32, 50, 31, 138, 9, 13, 58, 134, 9, 9, 154, 36, 43, 12, 33, 181, 33, 166, 33, 44, 37, 45, 64, 46, 39, 166, 31, 27, 32]
F2 = [397, 185, 260, 253, 139, 34, 30, 145, 127, 28, 29, 281, 146, 409, 32, 3, 540, 17, 82, 16, 147, 8, 138, 89, 209, 150, 302, 153, 15, 374]
T = [42191, 14396, 22008, 16103, 51797, 12095, 11300, 38507, 49508, 7393, 6401, 69897, 23302, 19699, 9804, 24994, 69292, 14703, 66507, 16895, 21802, 17407, 20100, 29307, 45695, 17499, 67003, 13799, 13297, 14497]
T2 = [341988, 65222, 91110, 89820, 49798, 15193, 11600, 56091, 45496, 15401, 14699, 140303, 65291, 143980, 12293, 2102, 193661, 6899, 32202, 6199, 52118, 3101, 48409, 31784, 72695, 53099, 105687, 54307, 6290, 144538]

id 94
F = [39, 37, 157, 160, 207, 40, 38, 141, 34, 35, 62, 143, 37, 54, 14, 36, 197, 36, 48, 12, 142, 37, 143, 60, 180, 180, 14, 37, 53, 41]
F2 = [13, 17, 39, 81, 97, 263, 379, 340, 405, 136, 95, 33, 151, 97, 34, 18, 26, 84, 266, 140, 79, 266, 78, 468, 884, 11, 133, 196, 147, 241]
T = [20300, 17496, 64009, 64491, 78907, 18787, 15891, 56295, 15595, 15899, 26683, 53022, 20000, 22204, 7999, 17002, 107109, 17402, 22902, 8695, 63106, 16598, 59001, 26304, 67416, 84390, 7998, 23599, 22493, 19009]
T2 = [5198, 7404, 13908, 31017, 33889, 93284, 157690, 120406, 144707, 48418, 33794, 11698, 54493, 33390, 13795, 7000, 12702, 30004, 93012, 51595, 33894, 96413, 35411, 163095, 316249, 4899, 47585, 79324, 52211, 85293]

id 95
F = [11, 35, 41, 18, 195, 58, 140, 137, 201, 12, 42, 39, 45, 12, 185, 34, 37, 38, 283, 14, 42, 38, 231, 38, 42, 39, 141, 34, 140, 39]
F2 = [35, 235, 19, 19, 458, 88, 32, 14, 29, 130, 166, 3, 180, 24, 292, 3, 387, 14, 365, 137, 150, 19, 259, 12, 239, 119, 44, 16, 284, 245]
T = [6795, 20587, 19699, 9508, 74913, 27410, 55014, 53110, 79107, 8303, 20708, 17703, 18901, 8001, 67608, 17198, 17204, 18599, 109584, 9099, 18292, 19602, 117803, 24604, 20807, 22396, 58715, 14603, 89896, 22901]
T2 = [13698, 102308, 7696, 7807, 182938, 31098, 11189, 5301, 10205, 47184, 58620, 1700, 63887, 9594, 102389, 1501, 137196, 5103, 127503, 51692, 52697, 7695, 150212, 5299, 84078, 42991, 15602, 6002, 173599, 136782]

id 96
F = [31, 38, 36, 30, 38, 46, 11, 38, 49, 15, 44, 33, 204, 152, 192, 39, 15, 40, 11, 63, 43, 59, 35, 40, 31, 10, 8, 139, 138, 435]
F2 = [119, 13, 245, 3, 468, 495, 34, 138, 87, 30, 341, 147, 273, 341, 307, 13, 28, 11, 42, 85, 192, 96, 149, 11, 199, 24, 289, 347, 41, 65]
T = [14790, 17308, 27299, 49294, 17096, 23696, 6198, 18002, 20906, 8307, 26797, 15193, 117412, 69821, 71488, 16999, 9897, 18500, 7600, 26107, 21595, 25106, 17201, 17400, 16408, 13499, 5998, 52809, 52022, 161527]
T2 = [43798, 5404, 135385, 2303, 169395, 173737, 13200, 54808, 31896, 12001, 119875, 52296, 106696, 127704, 107706, 4997, 11509, 5098, 15996, 30399, 67508, 33992, 55490, 4303, 70685, 10405, 120513, 120879, 14692, 23399]

id 97
F = [44, 155, 35, 32, 146, 28, 332, 38, 39, 9, 31, 39, 39, 11, 205, 267, 192, 39, 207, 32, 33, 38, 15, 37, 35, 190, 37, 10, 22, 48]
F2 = [376, 104, 148, 248, 256, 138, 111, 202, 19, 30, 222, 230, 149, 25, 88, 203, 80, 20, 91, 15, 246, 14, 29, 19, 401, 326, 2, 657, 36, 143]
T = [19909, 59295, 15804, 14395, 76194, 25090, 122900, 17293, 38188, 8000, 18905, 17307, 18897, 7702, 75520, 100897, 73492, 18010, 78285, 14703, 14298, 17403, 10205, 17297, 17506, 142201, 28903, 7997, 16999, 22000]
T2 = [138308, 36988, 52488, 88290, 107963, 60616, 40398, 74986, 9003, 12295, 132204, 83788, 53189, 10384, 31804, 71712, 28499, 8201, 32100, 5704, 92524, 5496, 11401, 7200, 151409, 153886, 1199, 253390, 15300, 50499]

id 98
F = [48, 14, 141, 34, 10, 50, 189, 40, 38, 30, 40, 42, 40, 43, 42, 14, 145, 7, 36, 12, 491, 39, 51, 8, 35, 40, 38, 10, 44, 44]
F2 = [257, 481, 158, 17, 145, 161, 324, 465, 148, 391, 459, 13, 128, 255, 143, 30, 80, 22, 371, 31, 12, 137, 743, 316, 788, 20, 153, 862, 117, 17]
T = [22001, 8405, 58989, 17990, 6998, 21201, 71299, 20000, 17302, 14399, 22599, 23708, 20191, 19001, 21099, 9201, 54993, 10305, 16516, 7194, 198480, 19796, 25305, 6500, 15800, 18596, 16105, 7807, 19402, 30091]
T2 = [93402, 170225, 55196, 6301, 63396, 55985, 120992, 171917, 52380, 151030, 215545, 5498, 62282, 91890, 50584, 12001, 28401, 11095, 274302, 12497, 5601, 56096, 296811, 134506, 284982, 7500, 54203, 318198, 46490, 7503]

id 99
F = [41, 45, 9, 49, 29, 178, 55, 148, 147, 34, 39, 59, 35, 36, 124, 35, 48, 35, 39, 42, 34, 45, 151, 33, 27, 49, 228, 30, 35, 211]
F2 = [17, 137, 25, 227, 256, 16, 595, 137, 360, 378, 142, 627, 468, 11, 375, 473, 89, 157, 13, 258, 194, 148, 83, 187, 12, 242, 262, 152, 11, 35]
T = [26705, 19700, 8096, 21599, 18799, 69186, 23215, 61804, 54707, 16291, 16895, 24298, 17306, 15998, 47690, 15802, 21597, 23702, 20297, 21703, 17391, 20402, 57193, 15500, 11700, 40099, 85594, 12798, 19105, 81895]
T2 = [8002, 48498, 10593, 80830, 91293, 6100, 218329, 49417, 127501, 136495, 50494, 223725, 162811, 4102, 138213, 168512, 32003, 57585, 5799, 101699, 85497, 59286, 29604, 66505, 4800, 105498, 100315, 55474, 5298, 13699]

