id 0
F = [11, 35, 36, 9, 36, 127, 385, 28, 10, 49, 242, 35, 27, 55, 214, 31, 121, 11, 296, 11, 10, 57, 114, 187, 33, 15, 65, 41, 44, 35]
F2 = [22, 144, 162, 874, 2, 17, 138, 120, 33, 209, 286, 145, 26, 155, 255, 183, 19, 121, 33, 27, 127, 92, 18, 92, 139, 190, 144, 82, 93, 139]
T = [248798, 148299, 109697, 170300, 42300, 108695, 312507, 45002, 179899, 28891, 155093, 28079, 20199, 60809, 99502, 88404, 60497, 17203, 103506, 13102, 26101, 27605, 41202, 66414, 32602, 15099, 28714, 48797, 31899, 34911]
T2 = [181405, 309602, 548503, 824400, 1700, 18804, 105207, 124298, 12609, 74512, 152599, 164103, 9402, 129487, 91229, 53907, 7902, 38103, 10000, 12200, 43518, 27314, 5202, 27802, 82707, 56104, 49315, 65090, 40193, 61596]

id 1
F = [69, 16, 174, 30, 14, 216, 33, 16, 55, 145, 46, 37, 221, 39, 40, 43, 266, 272, 151, 114, 139, 13, 15, 23, 284, 125, 16, 183, 38, 64]
F2 = [142, 341, 200, 14, 119, 92, 153, 199, 149, 42, 138, 2, 94, 273, 90, 86, 10, 34, 152, 15, 92, 118, 20, 30, 56, 17, 32, 248, 149, 144]
T = [123489, 13705, 81114, 25297, 115999, 88791, 16499, 13803, 36307, 77997, 21396, 33591, 83695, 21696, 25103, 19405, 100667, 129236, 58298, 47304, 53515, 10096, 12199, 13205, 115008, 50091, 12204, 69406, 16997, 27307]
T2 = [58400, 152325, 190829, 8605, 42497, 33489, 59002, 85605, 60302, 14993, 49400, 1298, 33486, 96722, 32011, 31604, 3602, 19505, 54494, 5107, 33900, 41713, 8388, 10901, 20091, 6094, 11314, 87121, 53608, 52390]

id 2
F = [12, 10, 40, 137, 48, 286, 201, 9, 36, 35, 401, 15, 61, 182, 45, 39, 343, 47, 41, 164, 45, 11, 40, 57, 178, 62, 369, 52, 44, 194]
F2 = [34, 28, 154, 44, 249, 37, 77, 483, 259, 29, 74, 38, 148, 302, 85, 467, 102, 177, 253, 620, 813, 141, 145, 99, 17, 81, 76, 160, 113, 96]
T = [9697, 8005, 24398, 73087, 25197, 145881, 76308, 7499, 30897, 16602, 146312, 10001, 26808, 75309, 24992, 19697, 152687, 20997, 18499, 111205, 34813, 10399, 22200, 31907, 69791, 26100, 138386, 23300, 19500, 75402]
T2 = [12506, 10105, 54504, 18699, 88994, 17506, 27194, 180064, 173595, 10504, 26391, 13797, 51815, 109789, 30991, 229312, 45298, 63308, 94789, 229723, 398726, 58791, 94092, 36604, 6096, 29205, 26900, 57505, 39503, 34900]

id 3
F = [149, 28, 41, 46, 40, 245, 47, 41, 11, 33, 62, 39, 36, 33, 148, 36, 53, 170, 45, 141, 150, 137, 41, 35, 44, 12, 38, 229, 196, 8]
F2 = [290, 146, 457, 254, 2, 279, 2, 2, 30, 136, 134, 142, 464, 18, 41, 5, 1221, 1104, 422, 306, 125, 32, 133, 141, 159, 261, 2, 290, 17, 21]
T = [92606, 14206, 27591, 26708, 21909, 92399, 19993, 40200, 10097, 16403, 28100, 23108, 16606, 20301, 79319, 17390, 66100, 76304, 19306, 62604, 56096, 54501, 19207, 22795, 19487, 9199, 22989, 117696, 120589, 10101]
T2 = [146001, 51992, 165715, 106717, 799, 98882, 1001, 999, 10895, 49701, 50483, 60116, 163200, 7506, 20295, 1998, 517939, 470718, 163323, 108951, 43507, 11903, 47191, 54806, 133699, 97409, 1100, 122169, 8105, 9188]

id 4
F = [34, 10, 183, 57, 15, 307, 55, 9, 140, 41, 127, 10, 164, 53, 188, 165, 16, 191, 235, 45, 9, 131, 42, 33, 32, 195, 17, 151, 8, 144]
F2 = [18, 42, 13, 219, 1279, 81, 87, 17, 42, 171, 203, 153, 336, 88, 99, 149, 152, 31, 574, 148, 24, 220, 138, 181, 187, 29, 23, 39, 25, 11]
T = [20497, 7496, 68313, 24296, 11405, 114003, 27596, 16299, 56997, 17796, 49388, 9000, 62401, 24293, 76406, 62696, 12895, 94117, 86982, 25301, 9596, 57529, 20101, 19293, 15699, 74799, 17501, 64285, 9103, 62305]
T2 = [6600, 15807, 4698, 77727, 493825, 29108, 31104, 9198, 14889, 61404, 72098, 59409, 119803, 32304, 35304, 53321, 54106, 11201, 217495, 53196, 7999, 79579, 49693, 65800, 65793, 10303, 9003, 14317, 10996, 4794]

id 5
F = [16, 57, 416, 135, 139, 118, 152, 51, 37, 52, 37, 42, 42, 122, 171, 54, 131, 157, 125, 219, 42, 199, 45, 53, 10, 58, 48, 54, 17, 37]
F2 = [29, 269, 3035, 290, 91, 20, 83, 140, 97, 96, 88, 87, 96, 246, 96, 129, 18, 38, 19, 132, 141, 108, 2, 86, 28, 290, 814, 20, 29, 189]
T = [10906, 30603, 164489, 54398, 72008, 156608, 59904, 32281, 25697, 21795, 25905, 20199, 19110, 47712, 65890, 25611, 50694, 61003, 51818, 83102, 19391, 75795, 21497, 22504, 8399, 29402, 20901, 30196, 15197, 16397]
T2 = [11200, 97679, 1225074, 105203, 33103, 7897, 29492, 50813, 35218, 34621, 31196, 32209, 34796, 86200, 34693, 46702, 6897, 13805, 6999, 46907, 50498, 38798, 801, 30910, 10808, 131682, 290154, 10800, 12794, 68606]

id 6
F = [34, 28, 42, 140, 40, 37, 53, 42, 16, 16, 30, 10, 42, 20, 33, 20, 31, 17, 44, 50, 11, 7, 18, 52, 40, 36, 194, 11, 17, 11]
F2 = [10, 77, 191, 80, 159, 135, 2, 390, 35, 123, 2, 29, 137, 176, 82, 26, 279, 129, 2, 81, 22, 34, 128, 87, 15, 3, 29, 22, 130, 33]
T = [23205, 15898, 23894, 127378, 22000, 20299, 36004, 22306, 9797, 11406, 19707, 8597, 22511, 16000, 19706, 22202, 20504, 10104, 23902, 19500, 10394, 6996, 14195, 27695, 23898, 29399, 96893, 12002, 13108, 9094]
T2 = [5504, 34517, 155186, 36396, 70688, 58492, 1100, 249992, 14610, 54903, 1000, 10896, 61809, 104478, 44802, 11794, 323981, 50206, 1103, 25192, 9897, 15405, 59103, 42692, 6601, 1599, 12899, 10905, 49505, 14801]

id 7
F = [56, 31, 40, 36, 204, 61, 39, 357, 141, 38, 174, 34, 50, 142, 39, 36, 32, 140, 39, 199, 12, 122, 14, 141, 289, 33, 176, 130, 6, 48]
F2 = [78, 166, 2, 15, 227, 2, 2, 71, 290, 13, 88, 10, 249, 80, 141, 16, 178, 277, 253, 87, 33, 234, 26, 38, 210, 180, 29, 19, 28, 242]
T = [24596, 15699, 18204, 18602, 83198, 30497, 18198, 142818, 67795, 25085, 78104, 18404, 28702, 77306, 18989, 23992, 17195, 66491, 19205, 79109, 15292, 51700, 12097, 53993, 122199, 14900, 84899, 50701, 5799, 25893]
T2 = [27891, 60807, 802, 5504, 93197, 1300, 801, 30895, 105703, 10702, 37611, 3600, 208699, 43302, 50084, 7197, 75308, 136670, 89896, 33102, 15094, 83197, 16206, 14107, 85905, 64889, 11195, 6998, 13399, 93007]

id 8
F = [18, 12, 173, 33, 39, 146, 32, 210, 140, 37, 38, 44, 420, 37, 46, 9, 215, 518, 33, 47, 283, 159, 44, 40, 190, 38, 37, 9, 380, 36]
F2 = [37, 126, 20, 242, 125, 144, 2, 64, 148, 266, 251, 262, 366, 147, 272, 24, 97, 271, 307, 13, 190, 17, 2, 2, 330, 17, 13, 29, 18, 159]
T = [12496, 7901, 71209, 16505, 17203, 58293, 14006, 92020, 68757, 17604, 19999, 20602, 225292, 20206, 20911, 7500, 81216, 209382, 14997, 21110, 112806, 61188, 24600, 19401, 74701, 27503, 16700, 8998, 146807, 18104]
T2 = [13704, 44104, 7900, 90295, 44306, 50870, 899, 26190, 52790, 95605, 90410, 93404, 154531, 53812, 98772, 9088, 47191, 116097, 109775, 5299, 67406, 6198, 902, 701, 119418, 7504, 4598, 10596, 6201, 56407]

id 9
F = [53, 10, 268, 50, 33, 39, 163, 16, 36, 180, 10, 31, 42, 61, 34, 144, 186, 42, 131, 34, 205, 39, 148, 193, 158, 10, 10, 138, 30, 11]
F2 = [150, 363, 25, 97, 17, 2, 44, 319, 7, 95, 515, 249, 191, 93, 248, 147, 91, 228, 46, 192, 25, 135, 145, 133, 80, 40, 29, 42, 6, 131]
T = [39398, 10102, 102102, 31207, 16396, 17604, 64105, 9805, 23605, 71193, 8399, 25000, 18102, 39306, 17196, 62408, 73220, 19890, 55711, 21700, 109099, 32196, 60189, 73099, 61011, 7500, 11999, 53680, 23000, 7696]
T2 = [80495, 154400, 9100, 42700, 6398, 997, 16902, 118983, 3299, 34203, 231510, 89921, 68391, 33598, 88381, 52289, 33398, 83016, 16203, 100609, 19997, 66582, 56026, 47996, 29103, 14804, 10004, 15002, 2399, 45196]

id 10
F = [44, 36, 30, 43, 55, 36, 13, 35, 33, 40, 43, 153, 45, 276, 42, 119, 128, 187, 44, 7, 36, 38, 38, 59, 35, 34, 265, 8, 39, 40]
F2 = [358, 130, 7, 2, 85, 396, 187, 15, 86, 344, 2, 278, 19, 67, 117, 18, 74, 13, 16, 32, 95, 12, 154, 270, 107, 29, 150, 473, 176, 2]
T = [21098, 16095, 86009, 18703, 25094, 18297, 7701, 20910, 17805, 23908, 22503, 61291, 22499, 101414, 23391, 60214, 58493, 96397, 23399, 6298, 18697, 18301, 26103, 25703, 16995, 16489, 97295, 11698, 17000, 19988]
T2 = [127778, 45899, 2501, 1201, 30592, 144497, 66200, 5999, 30408, 126614, 1601, 98605, 8204, 23705, 51175, 6602, 32406, 4997, 6694, 11604, 36695, 5298, 55594, 96377, 38405, 11203, 53605, 187471, 63517, 902]

id 11
F = [18, 33, 14, 33, 43, 36, 177, 203, 9, 131, 166, 184, 25, 14, 10, 35, 148, 42, 18, 133, 39, 306, 14, 15, 41, 294, 40, 42, 45, 9]
F2 = [21, 483, 186, 149, 143, 77, 10, 23, 135, 17, 35, 31, 19, 146, 186, 137, 381, 174, 29, 17, 18, 61, 25, 359, 394, 32, 11, 447, 16, 134]
T = [11995, 19997, 9706, 21400, 21511, 17100, 129170, 76015, 11897, 50586, 79005, 70784, 15105, 11796, 12000, 20700, 55503, 24004, 13208, 56491, 26400, 124474, 9099, 9001, 21399, 168386, 28795, 18600, 20202, 10698]
T2 = [7697, 221521, 64792, 53603, 52004, 27105, 4898, 8499, 47601, 6500, 13507, 12490, 7499, 63515, 66584, 49306, 136502, 61789, 10299, 6604, 7697, 22010, 8899, 128823, 152724, 13596, 5500, 159090, 6204, 60405]

id 12
F = [44, 42, 13, 42, 35, 148, 14, 41, 12, 38, 30, 199, 31, 179, 12, 419, 32, 30, 38, 13, 192, 36, 40, 57, 32, 36, 9, 32, 19, 47]
F2 = [15, 190, 148, 2, 15, 150, 28, 139, 360, 188, 20, 15, 12, 311, 33, 867, 482, 2, 2, 33, 133, 16, 145, 90, 411, 7, 22, 378, 33, 386]
T = [22800, 18500, 10898, 18804, 30497, 57206, 17604, 24214, 8805, 23094, 17194, 79500, 15396, 70985, 15497, 156209, 14787, 15604, 18810, 9397, 72995, 17303, 18795, 25098, 16000, 16095, 9798, 15209, 11795, 25397]
T2 = [5395, 67411, 52304, 801, 7403, 53509, 10806, 80503, 129492, 67279, 7300, 6000, 4601, 110202, 12506, 306271, 189303, 801, 1197, 11597, 50501, 5703, 50895, 32802, 146120, 2796, 10100, 189978, 12297, 137215]

id 13
F = [9, 38, 141, 144, 40, 11, 28, 292, 42, 13, 190, 194, 14, 265, 181, 190, 45, 47, 34, 155, 52, 15, 43, 35, 46, 273, 41, 302, 9, 41]
F2 = [40, 89, 314, 37, 2, 36, 30, 3092, 149, 29, 15, 29, 470, 221, 209, 24, 320, 2, 10, 576, 85, 28, 2, 103, 143, 54, 233, 207, 490, 13]
T = [10999, 40205, 54304, 64792, 23909, 8597, 24288, 121830, 19592, 13601, 71308, 75305, 10401, 103013, 74195, 93700, 22493, 21297, 30500, 78199, 24816, 8995, 20805, 18999, 21599, 105001, 20697, 117094, 7200, 18611]
T2 = [18898, 46094, 112504, 14007, 1601, 12915, 12800, 1109113, 87603, 13806, 5599, 10499, 170619, 76887, 74597, 10096, 114158, 801, 4901, 218203, 35297, 11101, 899, 36802, 50393, 18904, 157276, 74915, 178370, 4998]

id 14
F = [27, 47, 128, 176, 42, 336, 42, 10, 30, 137, 38, 30, 41, 268, 188, 54, 137, 37, 149, 163, 14, 55, 42, 36, 15, 8, 43, 63, 40, 12]
F2 = [482, 14, 380, 19, 175, 2016, 355, 24, 2, 153, 7, 177, 178, 34, 321, 1805, 46, 2, 39, 101, 30, 89, 17, 345, 40, 29, 15, 91, 91, 36]
T = [15493, 20812, 49100, 69599, 20400, 127396, 27501, 9001, 16407, 81009, 23207, 14802, 18402, 99797, 74994, 22908, 53079, 118895, 58193, 90270, 10002, 25892, 19005, 20305, 9702, 10202, 21705, 37908, 22496, 10404]
T2 = [178190, 5398, 135799, 6606, 61096, 715776, 162570, 9704, 1101, 57305, 3397, 61494, 63293, 12592, 117802, 660692, 16497, 900, 13804, 50987, 10897, 32206, 6102, 154071, 17602, 10608, 5801, 31996, 32018, 12798]

id 15
F = [188, 141, 29, 36, 8, 38, 143, 40, 14, 10, 14, 119, 42, 49, 18, 276, 37, 12, 17, 9, 42, 50, 50, 35, 134, 31, 268, 34, 109, 121]
F2 = [102, 150, 2, 14, 25, 15, 40, 32, 29, 27, 136, 15, 99, 82, 256, 34, 2, 20, 25, 28, 2, 2, 2, 236, 78, 2, 34, 241, 219, 13]
T = [92096, 65097, 16005, 22907, 8200, 17298, 67690, 17906, 11304, 17202, 8500, 54005, 20101, 24103, 16696, 103692, 17800, 9297, 11299, 9101, 22305, 23999, 21897, 17695, 52899, 16604, 120506, 55406, 45212, 61807]
T2 = [81705, 53519, 1199, 9900, 11004, 5503, 20105, 11499, 10601, 9803, 49790, 5399, 36395, 29700, 116697, 11901, 900, 7101, 9103, 10595, 801, 801, 799, 83183, 27588, 797, 13011, 122199, 79591, 6002]

id 16
F = [33, 46, 17, 10, 119, 58, 43, 11, 13, 221, 32, 36, 37, 46, 48, 36, 176, 314, 360, 283, 334, 42, 16, 34, 8, 12, 133, 45, 46, 16]
F2 = [21, 126, 128, 29, 14, 262, 485, 283, 26, 290, 13, 2, 400, 2, 2, 2, 8, 221, 134, 89, 101, 99, 172, 196, 157, 735, 302, 2, 133, 23]
T = [16100, 21912, 11904, 8201, 46388, 24999, 23200, 15396, 11701, 80994, 21500, 22405, 16807, 24707, 23691, 16402, 91783, 123015, 132500, 105900, 121724, 28903, 11101, 21398, 6202, 17499, 52987, 20702, 26001, 13698]
T2 = [8399, 54708, 45606, 10200, 5205, 95003, 335614, 124596, 12598, 102676, 4903, 899, 145289, 1101, 900, 801, 3800, 79805, 48500, 32399, 35903, 38603, 62282, 70201, 55781, 334978, 141393, 1001, 47613, 8806]

id 17
F = [37, 8, 143, 8, 42, 59, 38, 10, 11, 46, 140, 140, 11, 25, 13, 379, 179, 37, 8, 150, 33, 30, 143, 39, 35, 173, 13, 31, 50, 42]
F2 = [200, 28, 260, 29, 2, 1805, 2, 172, 39, 194, 88, 244, 24, 79, 660, 413, 222, 131, 296, 126, 170, 14, 39, 147, 192, 14, 122, 2, 16, 138]
T = [18301, 5399, 56093, 10001, 20190, 33098, 22996, 14800, 17798, 21900, 54910, 54501, 8496, 21296, 14096, 163910, 98596, 16907, 9896, 56501, 26399, 14803, 57109, 19900, 17299, 88328, 10595, 17000, 25498, 18196]
T2 = [71893, 10895, 91586, 10502, 1900, 734246, 1402, 78907, 15598, 87214, 32103, 99279, 8906, 36090, 264196, 153308, 79782, 46398, 124380, 45311, 69608, 5096, 14101, 52405, 69088, 6004, 52595, 1100, 6002, 50284]

id 18
F = [180, 200, 141, 39, 42, 35, 12, 44, 56, 54, 13, 39, 10, 14, 14, 49, 25, 9, 12, 174, 36, 146, 225, 35, 37, 172, 310, 26, 37, 32]
F2 = [16, 29, 82, 139, 242, 11, 31, 108, 300, 77, 177, 2, 123, 31, 26, 307, 456, 168, 27, 102, 19, 368, 57, 183, 254, 10, 114, 10, 2, 2]
T = [74586, 76718, 53491, 34998, 18706, 28993, 9996, 22305, 26296, 25403, 8299, 35708, 7998, 8798, 9495, 22791, 13499, 6997, 10295, 68004, 18499, 58097, 84580, 22595, 19320, 88013, 119930, 13897, 21204, 15098]
T2 = [6297, 10299, 29302, 57722, 86695, 6196, 12105, 42289, 105319, 33094, 92819, 798, 57417, 11103, 22000, 111394, 256501, 59282, 11198, 36202, 7396, 136431, 20596, 65111, 93904, 4202, 40701, 4798, 999, 902]

id 19
F = [55, 317, 10, 40, 181, 223, 477, 43, 152, 201, 142, 40, 37, 31, 14, 38, 13, 9, 6, 139, 40, 35, 179, 333, 38, 44, 15, 13, 37, 279]
F2 = [91, 114, 138, 8, 18, 95, 8652, 354, 147, 95, 147, 158, 91, 299, 31, 251, 137, 27, 25, 100, 200, 136, 329, 34, 2, 142, 321, 29, 260, 8]
T = [24001, 130284, 7898, 21905, 71516, 85622, 174887, 19900, 57886, 75376, 59008, 18297, 22405, 17408, 10495, 18612, 9696, 7598, 4903, 57314, 27902, 16201, 76906, 164488, 17405, 24415, 13405, 15502, 20697, 101296]
T2 = [32902, 41409, 49190, 3201, 6798, 33995, 3039745, 125701, 52699, 34099, 53315, 56683, 38797, 106009, 10698, 92884, 47493, 10001, 9192, 36497, 70324, 48502, 118114, 20698, 797, 51210, 123272, 16798, 92216, 3402]

id 20
F = [38, 43, 43, 211, 38, 36, 165, 187, 11, 16, 16, 57, 33, 8, 12, 270, 30, 48, 10, 28, 40, 38, 123, 187, 36, 36, 41, 44, 147, 39]
F2 = [141, 201, 7, 24, 137, 15, 14, 15, 484, 31, 25, 142, 87, 193, 23, 12, 174, 141, 124, 264, 97, 146, 19, 199, 141, 374, 14, 1250, 138, 121]
T = [29106, 23004, 19301, 79908, 17602, 17201, 63176, 91678, 7799, 11401, 9697, 27611, 52696, 9702, 9499, 103486, 14897, 26602, 8899, 17298, 22699, 16693, 65111, 71918, 17896, 17101, 18007, 19999, 66288, 18406]
T2 = [57808, 90781, 2698, 8896, 49899, 5506, 5202, 6702, 174002, 11105, 9295, 50817, 33504, 67984, 9196, 4300, 61704, 50297, 44001, 94713, 44801, 51900, 7197, 72194, 51096, 132389, 5508, 449836, 50614, 43201]

id 21
F = [15, 11, 147, 11, 11, 16, 31, 153, 13, 136, 45, 41, 306, 147, 45, 26, 35, 41, 47, 40, 36, 37, 43, 137, 13, 39, 35, 44, 32, 52]
F2 = [270, 270, 31, 30, 26, 31, 153, 370, 139, 75, 110, 257, 113, 45, 178, 10, 101, 187, 208, 16, 102, 184, 440, 690, 28, 5, 2, 15, 93, 458]
T = [11101, 8600, 70001, 19397, 9097, 13102, 17299, 59614, 9797, 69580, 22305, 18393, 139186, 59508, 19793, 12699, 16597, 24093, 28498, 28408, 29494, 18604, 34703, 80177, 8694, 28098, 18101, 19196, 14802, 23710]
T2 = [96412, 116880, 10808, 13505, 9200, 10911, 56703, 131096, 49489, 37705, 38494, 101215, 39981, 18404, 64213, 3694, 36002, 85707, 92009, 6497, 37402, 67301, 160300, 290690, 10195, 2000, 898, 5503, 32898, 190424]

id 22
F = [10, 345, 152, 17, 142, 181, 39, 129, 44, 11, 279, 32, 61, 41, 13, 15, 190, 50, 35, 151, 140, 14, 7, 50, 9, 35, 279, 37, 13, 9]
F2 = [180, 168, 38, 34, 42, 308, 2, 209, 235, 37, 213, 330, 141, 27, 21, 27, 31, 93, 14, 247, 144, 25, 142, 280, 33, 6, 29, 159, 39, 133]
T = [7403, 128911, 66474, 10006, 56505, 70229, 18508, 50716, 21298, 7602, 155803, 18500, 33005, 58297, 12303, 8599, 77909, 82206, 20304, 73187, 58623, 9607, 7897, 23602, 7698, 21201, 102825, 23494, 8398, 16995]
T2 = [64796, 60903, 14103, 12395, 17802, 114385, 799, 73793, 82882, 15295, 80118, 145209, 50915, 39700, 9095, 13198, 11494, 82685, 5403, 89195, 55006, 8991, 49807, 99420, 12602, 2999, 10596, 61487, 14190, 68303]

id 23
F = [197, 54, 147, 44, 228, 194, 33, 11, 12, 38, 51, 38, 60, 42, 192, 15, 57, 47, 47, 145, 52, 214, 13, 44, 188, 171, 11, 48, 222, 35]
F2 = [227, 134, 38, 2, 98, 320, 130, 31, 274, 140, 82, 10, 126, 2, 17, 636, 461, 191, 2, 37, 146, 41, 27, 17, 137, 17, 163, 15, 278, 2]
T = [146306, 149296, 56002, 19205, 84614, 81799, 19299, 6195, 8005, 17096, 21900, 18092, 24200, 19404, 72597, 10300, 25105, 56702, 21709, 55903, 21295, 79508, 7798, 18504, 70521, 89688, 7801, 21003, 117399, 17404]
T2 = [83814, 46602, 13604, 803, 35304, 113998, 49704, 10696, 97398, 49099, 29703, 3901, 72915, 1201, 6299, 245674, 164372, 134324, 801, 13901, 52228, 14707, 10201, 6304, 48307, 23101, 60195, 5907, 112906, 801]

id 24
F = [7, 30, 35, 36, 11, 39, 157, 59, 206, 144, 221, 49, 45, 40, 9, 38, 55, 36, 188, 43, 16, 34, 203, 138, 156, 36, 47, 40, 16, 42]
F2 = [35, 200, 12, 281, 460, 2, 50, 77, 110, 36, 296, 95, 154, 84, 21, 2, 87, 240, 321, 189, 495, 112, 318, 34, 70, 2, 146, 8, 174, 363]
T = [4801, 15297, 14193, 21493, 10500, 18502, 61307, 30696, 77505, 59992, 121999, 29613, 22397, 27301, 7200, 16699, 23505, 16886, 76900, 25598, 8095, 15497, 79630, 52303, 78708, 20400, 27701, 23385, 13904, 18101]
T2 = [14199, 70904, 4301, 98224, 186507, 799, 18490, 27705, 39983, 12999, 131789, 33898, 56998, 31503, 7700, 801, 31300, 85920, 114119, 102990, 177988, 40301, 116708, 12001, 29605, 802, 59768, 3699, 85204, 127682]

id 25
F = [12, 108, 132, 139, 204, 38, 134, 14, 41, 56, 36, 46, 41, 149, 12, 12, 12, 134, 145, 147, 39, 30, 31, 40, 148, 57, 10, 14, 15, 33]
F2 = [129, 75, 85, 152, 35, 440, 80, 30, 149, 7506, 463, 2, 2, 47, 181, 30, 131, 373, 353, 369, 141, 238, 5, 120, 51, 96, 26, 448, 30, 86]
T = [7802, 41088, 52407, 51790, 77207, 16600, 53295, 8702, 18799, 24900, 20700, 22806, 28801, 88495, 8493, 15107, 8100, 145898, 56915, 54812, 17394, 14499, 16301, 19192, 55083, 24198, 5901, 9405, 7894, 15799]
T2 = [49205, 27102, 31512, 54512, 13097, 296593, 31390, 10499, 53089, 3025771, 176192, 1499, 898, 20809, 68007, 14601, 46404, 135186, 128612, 135823, 50411, 83969, 2102, 42893, 18290, 34412, 9796, 162116, 10998, 31396]

id 26
F = [16, 308, 223, 33, 41, 59, 176, 29, 42, 33, 44, 13, 41, 10, 47, 32, 13, 43, 190, 31, 36, 9, 14, 184, 140, 143, 12, 56, 38, 152]
F2 = [29, 55, 66, 132, 21, 195, 29, 253, 97, 150, 13, 292, 2, 132, 2, 313, 22, 148, 64, 91, 2, 204, 28, 249, 141, 41, 27, 100, 2, 42]
T = [12392, 153684, 86898, 17398, 18101, 24810, 64908, 16608, 18895, 15294, 27799, 8099, 21007, 8198, 24495, 19710, 8402, 46797, 73505, 16501, 20008, 12005, 9499, 69724, 59305, 53500, 6498, 23197, 22099, 57223]
T2 = [12705, 20396, 24006, 47008, 7304, 70894, 10398, 100097, 34715, 51813, 4704, 104084, 1201, 48379, 1100, 114097, 42903, 66506, 23711, 36598, 999, 75699, 10298, 88996, 64315, 15107, 10201, 36401, 799, 15605]

id 27
F = [33, 456, 124, 236, 34, 64, 14, 14, 291, 40, 31, 202, 35, 59, 46, 31, 185, 132, 48, 143, 122, 30, 37, 145, 145, 47, 41, 36, 45, 119]
F2 = [152, 857, 90, 557, 98, 146, 130, 127, 106, 2, 32, 84, 13, 81, 85, 2, 83, 81, 16, 234, 14, 87, 2, 48, 254, 164, 316, 2, 187, 19]
T = [14502, 184698, 45902, 93311, 17505, 29309, 16998, 9405, 111007, 17706, 17404, 99621, 22095, 97109, 26298, 13398, 70691, 58709, 19703, 57299, 45814, 14899, 19796, 57296, 99300, 29111, 21203, 18790, 18698, 56118]
T2 = [54280, 423589, 32185, 199382, 45596, 52606, 46899, 44502, 38594, 801, 14996, 29904, 50601, 28599, 38705, 797, 29985, 28897, 5998, 84815, 5096, 31399, 899, 18991, 128209, 232930, 113509, 1299, 66814, 8394]

id 28
F = [272, 136, 275, 9, 42, 282, 166, 32, 210, 12, 40, 138, 51, 38, 31, 33, 38, 55, 43, 189, 67, 193, 61, 11, 50, 42, 202, 139, 42, 191]
F2 = [7, 162, 213, 142, 140, 234, 492, 2, 109, 42, 2, 36, 134, 2, 146, 184, 410, 93, 141, 12, 154, 29, 453, 35, 92, 2, 95, 36, 2, 245]
T = [99401, 50496, 129007, 6197, 22000, 103528, 82872, 15900, 79016, 20003, 23796, 54913, 22008, 17106, 21101, 28403, 18299, 29002, 19595, 70305, 45989, 77124, 32997, 8101, 23289, 21100, 75987, 60691, 30194, 74413]
T2 = [2596, 58084, 78384, 51804, 69423, 84086, 176482, 1097, 41899, 20104, 1400, 13005, 47604, 700, 52088, 188884, 148693, 33018, 51602, 4500, 63482, 10806, 160685, 12790, 40519, 1000, 35101, 12994, 999, 94517]

id 29
F = [152, 13, 177, 51, 27, 42, 29, 14, 8, 40, 361, 10, 16, 13, 186, 127, 39, 30, 501, 34, 35, 44, 52, 178, 60, 231, 44, 40, 14, 36]
F2 = [38, 314, 93, 377, 3, 15, 10, 37, 203, 2, 1395, 152, 125, 35, 27, 21, 2, 89, 22, 2, 140, 157, 287, 27, 456, 105, 233, 2, 337, 191]
T = [58619, 10106, 108074, 27201, 15300, 24997, 16301, 12002, 7101, 21604, 130266, 6799, 12601, 7700, 72700, 84291, 28804, 31295, 184430, 19798, 18408, 23595, 40596, 68181, 25895, 86703, 18109, 17902, 9899, 15692]
T2 = [14008, 117129, 62298, 133602, 1297, 6999, 4198, 20806, 71508, 801, 537852, 55588, 45303, 12398, 12794, 14099, 1399, 61692, 8702, 901, 52707, 68595, 335894, 10100, 177698, 38302, 90598, 1201, 137196, 69888]

id 30
F = [36, 11, 30, 137, 40, 162, 54, 145, 37, 59, 48, 30, 123, 33, 12, 171, 495, 32, 198, 46, 40, 34, 144, 148, 34, 36, 37, 131, 182, 9]
F2 = [145, 202, 2, 44, 2, 51, 17, 39, 413, 86, 149, 154, 131, 1275, 33, 17, 54, 137, 99, 174, 19, 2, 40, 82, 267, 381, 187, 673, 29, 318]
T = [18500, 8101, 16604, 58592, 17203, 61125, 24893, 56305, 23798, 30599, 22591, 13802, 58706, 14800, 8597, 65908, 184723, 14297, 78797, 21300, 17593, 16900, 70403, 63708, 20808, 16593, 16101, 51494, 116292, 6899]
T2 = [51909, 72814, 700, 16198, 1002, 18001, 6399, 14002, 158114, 32790, 53020, 54491, 61993, 451794, 11406, 6208, 19510, 48802, 35796, 79114, 6699, 901, 14697, 29700, 96381, 139914, 65704, 246723, 12893, 113511]

id 31
F = [35, 44, 41, 34, 33, 34, 34, 299, 53, 387, 47, 54, 203, 37, 16, 58, 53, 7, 12, 34, 42, 42, 36, 113, 52, 154, 40, 180, 216, 283]
F2 = [149, 436, 2, 155, 119, 2, 98, 65, 93, 65, 25, 85, 91, 16, 140, 98, 612, 30, 25, 27, 14, 19, 2, 18, 1207, 394, 109, 96, 2347, 194]
T = [22295, 26908, 18605, 16303, 15296, 17189, 16001, 156019, 24994, 141086, 21601, 29093, 78003, 18993, 8797, 23793, 22608, 6197, 8806, 15407, 18109, 20993, 16291, 49691, 20902, 58510, 17007, 98087, 86201, 131478]
T2 = [52788, 173937, 801, 56313, 43306, 899, 35590, 26890, 44991, 23196, 9404, 56807, 32496, 6197, 50375, 34492, 223730, 11710, 9201, 10810, 5095, 7502, 799, 7101, 429296, 148067, 40112, 47007, 881643, 121713]

id 32
F = [175, 47, 52, 28, 33, 47, 12, 56, 141, 15, 144, 29, 36, 12, 128, 130, 47, 38, 111, 10, 31, 278, 38, 48, 38, 16, 44, 185, 10, 43]
F2 = [328, 290, 92, 141, 10, 88, 41, 100, 136, 129, 69, 247, 2, 32, 41, 19, 23, 16, 378, 36, 12, 68, 151, 2, 2, 143, 140, 468, 21, 82]
T = [84387, 20598, 51507, 15995, 19908, 24905, 7206, 27302, 66708, 10600, 56898, 20002, 20706, 8301, 49593, 56498, 20598, 21595, 40698, 8501, 14697, 124718, 19694, 22906, 18898, 10506, 18710, 81969, 8997, 21993]
T2 = [116377, 132490, 67588, 49521, 3898, 34384, 15204, 36415, 60502, 48280, 24797, 89118, 1500, 11399, 14401, 6497, 8308, 6404, 134087, 13599, 4598, 35100, 54797, 801, 898, 64912, 48600, 176007, 7710, 30103]

id 33
F = [163, 29, 9, 45, 229, 217, 252, 14, 52, 142, 12, 221, 47, 36, 9, 38, 187, 53, 32, 59, 302, 9, 6, 42, 38, 56, 231, 43, 39, 488]
F2 = [35, 201, 35, 260, 135, 277, 118, 34, 212, 270, 120, 59, 252, 145, 28, 267, 14, 320, 183, 262, 137, 132, 30, 2, 132, 449, 89, 18, 13, 8]
T = [60407, 28902, 19693, 29086, 84500, 84313, 95018, 10998, 25904, 58593, 17405, 139388, 20797, 26802, 6096, 16506, 72797, 22291, 16099, 25805, 111496, 9300, 8199, 18793, 16698, 25687, 88084, 22099, 20098, 269507]
T2 = [13008, 75785, 15797, 92320, 48794, 98924, 45014, 12092, 100266, 94709, 45303, 29600, 90908, 51895, 10100, 96499, 5000, 114010, 64793, 93987, 48301, 47103, 11199, 899, 48684, 160884, 31807, 6702, 4899, 3698]

id 34
F = [8, 14, 386, 10, 38, 34, 37, 42, 39, 60, 37, 35, 40, 11, 13, 10, 37, 46, 65, 176, 127, 47, 200, 34, 296, 44, 49, 179, 9, 40]
F2 = [245, 33, 45, 129, 257, 2, 2, 12, 12, 95, 15, 2, 183, 32, 40, 503, 140, 395, 214, 101, 76, 2, 242, 146, 10, 145, 2, 15, 199, 192]
T = [6601, 13205, 141131, 7499, 31798, 16299, 20396, 18502, 18402, 25101, 19699, 16103, 19900, 14297, 22605, 9099, 16497, 23693, 26299, 77300, 48503, 21201, 82705, 15398, 116986, 18209, 22200, 67593, 9100, 17683]
T2 = [88399, 11892, 15707, 46998, 100698, 1000, 699, 4701, 4898, 33496, 5803, 797, 64809, 12098, 17802, 251329, 50389, 172480, 77703, 57014, 27799, 900, 96101, 52592, 3797, 61590, 901, 5597, 71189, 81104]

id 35
F = [137, 43, 447, 43, 13, 137, 153, 158, 16, 297, 221, 152, 43, 174, 141, 156, 55, 46, 35, 51, 489, 32, 56, 141, 38, 230, 33, 11, 44, 37]
F2 = [17, 265, 62, 266, 34, 144, 78, 285, 34, 706, 1774, 79, 2, 13, 16, 41, 155, 90, 391, 2, 11, 6, 83, 312, 178, 276, 16, 30, 8, 2]
T = [63501, 18297, 175595, 18703, 17705, 56611, 66071, 59080, 12698, 109208, 87282, 81510, 18799, 82701, 64096, 60488, 50304, 21804, 19889, 26902, 189893, 14300, 24294, 53316, 23705, 87203, 16094, 7999, 20902, 17204]
T2 = [7406, 97621, 22090, 95291, 19901, 51187, 28295, 100817, 12201, 261292, 665723, 34091, 799, 4998, 6000, 15103, 65514, 33504, 224209, 1100, 4795, 2501, 29504, 123796, 63498, 112604, 5899, 10304, 3101, 1102]

id 36
F = [34, 125, 34, 48, 32, 147, 38, 9, 34, 15, 17, 221, 58, 49, 33, 36, 33, 54, 38, 36, 11, 164, 42, 121, 142, 30, 35, 44, 32, 67]
F2 = [2, 69, 2, 144, 13, 38, 2, 30, 230, 285, 125, 33, 450, 2, 2, 2, 86, 592, 145, 138, 132, 145, 157, 24, 35, 2, 138, 257, 2, 213]
T = [17108, 49005, 15705, 21602, 15197, 60200, 16607, 10499, 14997, 8504, 9000, 119593, 32816, 27689, 16099, 23206, 20210, 24383, 20704, 23300, 7495, 61402, 18601, 46701, 55498, 21907, 16801, 21096, 16899, 27596]
T2 = [901, 25109, 800, 51788, 4499, 13605, 997, 17396, 89991, 103195, 45194, 17302, 408715, 1001, 1097, 899, 39196, 210293, 51400, 50190, 47400, 52396, 57417, 8494, 14000, 797, 48095, 92203, 799, 76198]

id 37
F = [42, 230, 227, 216, 44, 38, 161, 183, 29, 231, 7, 46, 11, 46, 212, 38, 115, 127, 34, 44, 12, 10, 12, 42, 120, 176, 62, 40, 46, 44]
F2 = [477, 147, 59, 256, 107, 137, 42, 12, 414, 264, 130, 133, 27, 174, 282, 20, 76, 22, 2, 530, 489, 22, 19, 2, 189, 17, 90, 16, 2, 137]
T = [17594, 86291, 83090, 89493, 19308, 17110, 60408, 69394, 16507, 85489, 13402, 21394, 7797, 22497, 83792, 21705, 47601, 49792, 19102, 22992, 8102, 8801, 7800, 18801, 50676, 66684, 24212, 20499, 20106, 23690]
T2 = [171522, 52409, 20683, 93005, 39095, 50915, 14897, 4401, 187592, 93397, 55293, 47997, 10006, 63498, 100499, 6999, 28399, 8200, 899, 210280, 175807, 7804, 6997, 899, 74308, 5899, 32411, 6101, 799, 48522]

id 38
F = [33, 144, 131, 37, 9, 145, 201, 183, 140, 43, 130, 44, 148, 209, 44, 185, 42, 35, 56, 35, 190, 32, 378, 131, 11, 18, 212, 36, 42, 45]
F2 = [141, 78, 70, 2, 18, 149, 111, 305, 42, 2, 76, 181, 76, 101, 552, 176, 13, 15, 254, 2, 82, 28, 141, 34, 262, 39285, 215, 2, 2, 301]
T = [15796, 54697, 59389, 21598, 11198, 76909, 92904, 84593, 67105, 25593, 82301, 23809, 56687, 76997, 23593, 83188, 18499, 19897, 24605, 22900, 76303, 14598, 171812, 62915, 8998, 11895, 107294, 23304, 18604, 18894]
T2 = [49591, 27705, 25908, 1100, 8502, 68112, 49580, 158622, 18709, 898, 33705, 80729, 25905, 36592, 198486, 76214, 4702, 6606, 98414, 1000, 34304, 10495, 62917, 14997, 93199, 16037604, 78995, 1501, 799, 108233]

id 39
F = [59, 51, 225, 38, 221, 169, 11, 14, 36, 40, 41, 161, 38, 119, 17, 41, 35, 13, 12, 15, 41, 33, 38, 52, 51, 16, 53, 37, 138, 145]
F2 = [89, 101, 278, 125, 271, 169, 519, 186, 260, 2, 2, 73, 150, 68, 26, 2, 16, 27, 255, 147, 138, 2, 269, 283, 479, 127, 102, 110, 153, 77]
T = [26903, 21697, 85418, 18500, 81470, 64483, 9699, 9894, 16702, 18104, 19702, 61714, 20496, 64084, 12606, 18509, 15690, 7801, 12601, 11499, 18608, 17995, 16796, 21999, 21297, 10601, 22404, 17208, 53689, 56383]
T2 = [31895, 36597, 103893, 44895, 97097, 67207, 202077, 72010, 94005, 1002, 799, 31599, 53894, 35897, 9698, 799, 6095, 10204, 92578, 54499, 49411, 801, 94523, 110799, 172789, 44597, 36509, 39500, 70701, 27007]

id 40
F = [42, 11, 145, 39, 130, 13, 58, 13, 34, 41, 17, 47, 125, 185, 65, 49, 36, 191, 126, 44, 34, 17, 10, 39, 42, 55, 13, 127, 395, 30]
F2 = [231, 492, 91, 484, 307, 23, 88, 26, 142, 127, 127, 15, 16, 297, 438, 2, 17, 106, 294, 274, 10, 27, 29, 152, 169, 288, 28, 141, 112, 785]
T = [20308, 6599, 56313, 17205, 49895, 9895, 37191, 13104, 15096, 25700, 10595, 23394, 108805, 71991, 28005, 67704, 23007, 72974, 52593, 18696, 18405, 9103, 7803, 17397, 18298, 23104, 7901, 60710, 150692, 21202]
T2 = [82694, 174423, 32792, 171264, 110689, 8201, 32987, 10104, 50483, 48510, 46489, 6101, 7201, 112192, 183318, 1798, 6204, 38308, 105613, 110888, 4399, 10000, 10190, 55098, 59904, 103936, 10201, 50506, 40802, 293788]

id 41
F = [13, 35, 31, 200, 65, 10, 31, 225, 8, 37, 10, 17, 11, 203, 149, 295, 109, 41, 133, 426, 16, 45, 143, 47, 9, 7, 259, 191, 36, 144]
F2 = [38, 20, 2, 16, 88, 2574, 11, 724, 21, 195, 24, 22, 33, 150, 277, 38, 17, 225, 229, 94, 24, 2, 143, 2, 508, 33, 89, 84, 455, 44]
T = [8599, 17209, 14997, 73584, 27783, 7796, 13595, 99118, 5902, 22202, 7198, 8805, 7899, 76599, 118402, 213074, 62001, 26803, 50303, 154900, 8998, 20693, 54878, 27704, 6101, 9302, 103815, 74311, 34191, 57698]
T2 = [18005, 7304, 901, 6105, 32004, 910244, 3997, 272669, 7500, 82999, 8404, 7805, 12194, 77904, 290892, 13996, 7499, 98819, 80215, 33390, 8601, 901, 54509, 1299, 181012, 15889, 31413, 29400, 246671, 15591]

id 42
F = [10, 13, 38, 148, 14, 133, 62, 219, 32, 275, 173, 50, 12, 50, 43, 13, 49, 12, 39, 41, 280, 200, 60, 201, 169, 34, 38, 16, 8, 37]
F2 = [27, 28, 138, 141, 28, 40, 139, 38, 180, 149, 81, 2, 24, 279, 164, 122, 2, 186, 94, 202, 132, 27, 138, 336, 585, 145, 17, 32, 29, 2]
T = [7500, 9705, 18006, 56805, 8597, 53206, 25515, 81393, 15300, 102882, 67415, 30807, 10802, 34705, 23497, 10395, 26102, 7999, 29402, 19101, 117189, 76409, 26394, 82415, 64202, 16694, 19605, 7903, 8602, 16002]
T2 = [10200, 10499, 49392, 50704, 10598, 14997, 50419, 13699, 64482, 55695, 29706, 1100, 8705, 125984, 62697, 44515, 1397, 86617, 34090, 77477, 47723, 9597, 50187, 123182, 306893, 51521, 6699, 11997, 12397, 1399]

id 43
F = [38, 10, 44, 36, 38, 232, 56, 131, 32, 365, 24, 61, 42, 54, 30, 142, 9, 192, 34, 494, 49, 18, 230, 45, 33, 38, 39, 28, 41, 16]
F2 = [2, 22, 2, 88, 153, 279, 148, 203, 18, 71, 147, 271, 18, 424, 454, 161, 137, 25, 13, 9, 103, 29, 40, 96, 180, 19, 104, 13, 2, 28]
T = [17706, 15499, 24796, 15500, 22805, 93823, 25700, 51289, 15399, 143982, 11502, 26302, 19106, 22602, 19299, 54485, 7303, 107297, 15909, 195407, 21212, 11503, 87098, 19689, 16102, 24301, 19891, 14797, 21100, 16594]
T2 = [801, 13800, 901, 31901, 53795, 108506, 52887, 71024, 6598, 25589, 52902, 95286, 9603, 152106, 205381, 56403, 50096, 14898, 4995, 4099, 36394, 11003, 14402, 34606, 63714, 7403, 228894, 7102, 801, 11099]

id 44
F = [302, 512, 309, 10, 34, 469, 209, 42, 62, 142, 47, 160, 130, 48, 48, 36, 180, 45, 32, 187, 10, 44, 40, 60, 30, 29, 12, 44, 34, 43]
F2 = [80, 27, 119, 139, 2, 2798, 97, 2, 3684, 40, 152, 383, 76, 92, 195, 2, 198, 6, 9, 13, 37, 85, 16, 276, 418, 388, 21, 142, 175, 145]
T = [111910, 187844, 150711, 8896, 19707, 178152, 95422, 25605, 28315, 60914, 19999, 72029, 49104, 20304, 19601, 16496, 69308, 28697, 14705, 71022, 8204, 21900, 19299, 25083, 13899, 13389, 8604, 23396, 22903, 20707]
T2 = [28303, 9693, 51107, 48403, 1301, 1010740, 35710, 1200, 1469249, 14203, 53926, 185881, 26586, 33695, 69905, 997, 70291, 3102, 3203, 5002, 13805, 31111, 6699, 96800, 149391, 239121, 7594, 50390, 68490, 52307]

id 45
F = [60, 45, 36, 12, 135, 56, 14, 18, 20, 39, 40, 36, 50, 13, 42, 38, 38, 257, 38, 53, 44, 36, 40, 136, 13, 171, 36, 39, 55, 8]
F2 = [155, 89, 521, 36, 162, 469, 34, 22, 140, 230, 88, 80, 143, 24, 442, 145, 298, 169, 379, 92, 95, 83, 8, 20, 27, 337, 473, 254, 92, 273]
T = [25297, 21102, 16598, 7902, 53393, 26114, 10092, 11502, 16402, 24800, 16612, 25191, 23200, 10908, 21296, 16896, 18205, 99215, 17394, 22307, 19498, 15993, 22498, 53891, 16897, 67714, 20197, 21699, 36495, 13802]
T2 = [54897, 31601, 194928, 13297, 58007, 169194, 12397, 7801, 55096, 103984, 31600, 34295, 50304, 9602, 157197, 51308, 112505, 60621, 136898, 33312, 34405, 29495, 3203, 7490, 14690, 129885, 195224, 109299, 40393, 114874]

id 46
F = [38, 40, 14, 35, 179, 43, 39, 16, 14, 32, 39, 20, 201, 38, 269, 140, 47, 46, 34, 54, 289, 123, 36, 38, 9, 34, 143, 43, 42, 35]
F2 = [7, 141, 525, 381, 307, 102, 2, 180, 28, 253, 467, 28, 219, 504, 35, 49, 2, 160, 194, 74, 37, 207, 17, 12, 184, 2, 309, 250, 21, 14]
T = [18802, 23009, 9100, 29100, 78692, 19899, 18313, 12699, 13601, 14598, 21496, 13003, 76697, 20809, 108602, 86319, 25101, 24993, 17706, 28997, 163590, 46386, 24087, 16602, 7500, 17397, 55410, 22398, 19197, 18501]
T2 = [2999, 67805, 390903, 147324, 134306, 37010, 900, 74827, 39595, 150123, 205711, 11297, 78907, 181919, 12716, 24896, 1598, 92905, 69402, 27206, 17809, 73194, 6403, 4201, 130497, 1200, 116289, 90394, 7499, 5399]

id 47
F = [46, 31, 42, 15, 146, 44, 129, 226, 44, 229, 28, 53, 37, 41, 8, 26, 224, 57, 31, 10, 14, 137, 9, 9, 9, 60, 47, 197, 41, 58]
F2 = [83, 177, 173, 28, 86, 189, 140, 275, 19, 62, 126, 141, 2, 396, 37, 144, 1067, 77, 2, 25, 38, 84, 30, 117, 31, 154, 5, 38, 2, 101]
T = [22092, 14400, 17890, 8995, 55920, 18995, 55305, 85299, 23310, 121390, 15506, 21883, 23292, 22299, 15902, 15503, 92103, 26405, 15398, 11301, 7902, 58300, 8201, 7102, 7102, 23689, 22106, 73596, 37303, 27596]
T2 = [29696, 64111, 96913, 10905, 30693, 67214, 51297, 109887, 8097, 26704, 58111, 51094, 1101, 163785, 16010, 52689, 380183, 27593, 799, 9202, 14002, 32011, 11104, 40998, 10900, 55795, 1999, 13993, 1100, 35990]

id 48
F = [35, 12, 38, 28, 43, 13, 37, 55, 36, 12, 191, 10, 204, 305, 39, 31, 277, 30, 37, 200, 141, 184, 55, 41, 37, 38, 15, 37, 36, 40]
F2 = [449, 134, 467, 194, 78, 35, 2, 433, 180, 498, 304, 35, 96, 112, 498, 16, 544, 2, 18, 29, 41, 302, 111, 143, 282, 2, 165, 17, 2, 6]
T = [19201, 12501, 32000, 14392, 18297, 10903, 23907, 23097, 23392, 38202, 73109, 8594, 75483, 113700, 23100, 16295, 101993, 16303, 20902, 76094, 61209, 96391, 23201, 20709, 16501, 21498, 8201, 18597, 15901, 19099]
T2 = [160782, 58009, 226562, 67809, 28107, 15195, 1201, 153496, 89207, 224778, 108711, 13104, 34513, 40716, 176880, 7099, 192588, 997, 7996, 10196, 15001, 146400, 39217, 74504, 100998, 999, 58626, 6293, 801, 2402]

id 49
F = [8, 528, 141, 40, 40, 153, 159, 38, 33, 49, 40, 9, 33, 45, 513, 9, 16, 279, 166, 42, 209, 140, 33, 46, 193, 11, 192, 167, 35, 137]
F2 = [38, 103, 40, 155, 184, 43, 37, 268, 13, 15, 381, 388, 144, 146, 7, 45, 125, 165, 8, 165, 154, 21, 255, 451, 32, 137, 102, 233, 394, 50]
T = [12497, 200017, 80816, 19301, 20190, 64317, 98910, 16312, 15002, 30199, 32014, 6700, 16301, 19710, 193722, 8498, 8697, 130908, 62317, 30097, 113988, 53386, 16498, 25488, 101115, 9601, 79022, 94002, 19303, 62530]
T2 = [15699, 45707, 16601, 54902, 71312, 15296, 17300, 95073, 4907, 5905, 155109, 139400, 50391, 52487, 2700, 21398, 57102, 62400, 3201, 83107, 288178, 7703, 110012, 211195, 23106, 49399, 37311, 84898, 145770, 21002]

id 50
F = [13, 56, 57, 40, 37, 189, 138, 166, 12, 48, 38, 14, 18, 57, 42, 31, 41, 235, 51, 180, 13, 34, 42, 145, 35, 39, 11, 34, 202, 173]
F2 = [24, 86, 93, 400, 11, 27, 314, 106, 25, 81, 83, 21, 26, 425, 96, 2, 257, 103, 2, 303, 124, 389, 86, 46, 76, 6, 164, 241, 1129, 44]
T = [7799, 24500, 23904, 18304, 16297, 74720, 53087, 64507, 9999, 19596, 16604, 14596, 34103, 26802, 22393, 19107, 18407, 90906, 21196, 68318, 8602, 35088, 18706, 54711, 23096, 17202, 11297, 19302, 93709, 81695]
T2 = [15711, 31108, 33294, 142984, 4107, 9904, 112201, 38695, 15705, 28194, 29906, 10794, 12099, 155969, 35102, 1100, 93039, 35895, 698, 108618, 43104, 173597, 36507, 16795, 27199, 2399, 67499, 85207, 415966, 16709]

id 51
F = [55, 45, 115, 48, 16, 18, 49, 139, 28, 47, 288, 32, 195, 43, 524, 227, 11, 35, 9, 201, 11, 46, 37, 8, 36, 16, 47, 203, 33, 13]
F2 = [81, 170, 160, 95, 132, 115, 184, 46, 253, 146, 224, 11, 27, 18, 7, 277, 498, 184, 134, 97, 29, 140, 139, 138, 10, 24, 151, 323, 91, 31]
T = [24496, 18501, 44604, 20606, 9802, 13608, 22598, 56390, 25795, 22295, 135689, 16790, 73019, 29902, 213090, 100394, 8505, 21803, 7598, 74476, 7397, 22111, 15200, 9201, 17106, 11198, 21789, 76996, 16807, 7298]
T2 = [29298, 59987, 64500, 34382, 47594, 41297, 65902, 17201, 123488, 52499, 80115, 4599, 10103, 9700, 2996, 114677, 179169, 87405, 46996, 34299, 10299, 54301, 52608, 50406, 3703, 8903, 59699, 116520, 37204, 11004]

id 52
F = [48, 46, 41, 196, 190, 41, 60, 34, 10, 128, 191, 43, 47, 39, 32, 194, 35, 30, 201, 69, 41, 34, 12, 50, 38, 290, 40, 35, 34, 38]
F2 = [779, 16, 13, 35, 31, 338, 317, 23, 29, 250, 16, 2, 92, 2, 17, 306, 141, 80, 372, 95, 2, 131, 148, 19, 2, 33, 406, 136, 103, 91]
T = [21002, 22308, 18394, 107914, 79080, 22402, 36088, 16092, 8498, 70493, 74609, 18002, 27304, 22993, 14702, 74823, 16200, 14198, 76684, 27596, 19407, 17297, 8603, 25990, 31204, 114377, 23195, 16001, 16780, 18594]
T2 = [276829, 6501, 4893, 15298, 11402, 121513, 140393, 8001, 10803, 98304, 6403, 700, 33189, 1000, 6602, 107792, 49903, 28885, 132706, 34095, 800, 47088, 52796, 7003, 1100, 11698, 163618, 50005, 36588, 32305]

id 53
F = [13, 150, 64, 137, 231, 43, 188, 12, 192, 147, 11, 51, 461, 188, 197, 185, 11, 36, 45, 9, 489, 136, 40, 39, 240, 6, 13, 41, 44, 14]
F2 = [136, 81, 210, 131, 278, 25, 87, 32, 15, 39, 24, 145, 54, 165, 29, 289, 124, 2, 2, 185, 753, 16, 2, 166, 296, 37, 220, 14, 85, 35]
T = [7907, 67610, 25401, 57602, 112593, 19399, 76290, 11100, 82829, 73710, 15495, 32992, 174514, 78587, 74989, 79590, 7301, 16304, 22606, 6999, 178115, 54385, 17101, 19906, 91417, 6501, 8000, 26901, 21803, 11302]
T2 = [47797, 29213, 76393, 46512, 123294, 9401, 30303, 15204, 6300, 17099, 10799, 70487, 19187, 59095, 15597, 103399, 43594, 801, 1102, 68232, 265305, 5494, 900, 65166, 107007, 12899, 113996, 5902, 31501, 12206]

id 54
F = [14, 36, 147, 153, 515, 10, 14, 37, 37, 12, 16, 41, 40, 36, 37, 12, 250, 11, 13, 14, 45, 12, 116, 141, 177, 148, 490, 142, 33, 39]
F2 = [126, 10, 70, 93, 9, 23, 20, 132, 2, 33, 133, 102, 2, 9, 95, 186, 24, 27, 36, 26, 2, 124, 248, 85, 144, 46, 8, 42, 2, 14]
T = [12097, 19502, 62892, 57711, 188389, 8103, 7994, 21503, 18094, 10297, 9403, 18001, 21407, 18598, 16394, 7901, 118294, 9708, 8098, 9201, 19400, 8697, 55803, 54204, 78896, 59209, 191309, 59424, 18005, 17797]
T2 = [45009, 5600, 25609, 34010, 3198, 8793, 7203, 46805, 1401, 12100, 47322, 37103, 997, 3498, 34288, 69801, 10301, 12909, 13096, 11306, 801, 55287, 102977, 44109, 60520, 17002, 18600, 15503, 801, 5401]

id 55
F = [11, 36, 280, 38, 40, 206, 10, 41, 32, 46, 31, 145, 270, 45, 14, 43, 195, 41, 39, 204, 8, 128, 134, 155, 13, 34, 172, 7, 32, 39]
F2 = [28, 194, 358, 2, 139, 38, 126, 2, 240, 275, 20, 37, 27, 160, 22, 28, 33, 186, 2, 29, 857, 80, 1177, 35, 21, 15, 17, 20, 189, 187]
T = [6702, 15803, 103098, 17496, 17892, 77191, 8100, 45800, 19703, 33397, 15601, 52913, 123306, 24798, 10902, 20309, 223791, 38209, 19407, 77499, 7700, 47701, 51193, 60905, 10603, 16297, 65796, 8198, 15408, 20499]
T2 = [19408, 89412, 127983, 899, 49104, 14196, 45996, 1002, 103582, 124976, 7305, 13403, 11299, 65288, 9001, 10100, 24904, 112097, 801, 11599, 322110, 283201, 422663, 12505, 8796, 5395, 6204, 7401, 69079, 69405]

id 56
F = [39, 31, 35, 12, 35, 39, 42, 36, 41, 189, 37, 201, 37, 10, 13, 32, 41, 146, 5, 45, 222, 33, 133, 56, 7, 28, 16, 15, 184, 414]
F2 = [178, 264, 28, 132, 160, 139, 399, 187, 138, 222, 157, 43, 14, 30, 331, 2, 242, 38, 27, 2, 274, 419, 42, 852, 129, 266, 36, 28, 346, 92]
T = [16799, 19797, 15407, 10603, 15392, 17297, 18598, 15899, 18894, 71397, 18106, 76705, 18912, 6497, 9702, 20309, 18996, 58199, 7203, 20302, 99794, 14808, 51497, 32715, 5697, 13104, 9699, 8996, 70194, 149586]
T2 = [89124, 106902, 10397, 47191, 57105, 49402, 146916, 67282, 49303, 78590, 63390, 15400, 5396, 11205, 124791, 1001, 96497, 13793, 10502, 799, 118191, 147913, 15501, 390035, 47797, 95187, 13499, 10504, 124000, 33001]

id 57
F = [115, 34, 149, 30, 42, 16, 127, 39, 12, 29, 52, 41, 417, 38, 40, 231, 14, 49, 41, 47, 35, 44, 160, 14, 39, 53, 12, 8, 51, 225]
F2 = [66, 18, 40, 184, 12, 487, 216, 593, 31, 119, 84, 179, 271, 156, 11, 98, 323, 99, 145, 143, 11, 266, 152, 29, 197, 88, 28, 137, 82, 292]
T = [53702, 15605, 69893, 14505, 18704, 11598, 48289, 19204, 12000, 13596, 29992, 22003, 185417, 20698, 18804, 103207, 14601, 20895, 21307, 49399, 15899, 18996, 60615, 9605, 17093, 25101, 6998, 7595, 21202, 83105]
T2 = [29504, 6200, 14700, 65711, 4201, 193598, 82495, 254030, 12304, 42695, 37788, 63671, 102524, 55588, 4199, 40204, 176094, 35398, 56615, 79404, 4103, 95592, 54309, 10592, 70421, 31194, 10403, 50097, 29703, 105918]

id 58
F = [324, 12, 167, 40, 37, 34, 42, 377, 48, 36, 38, 199, 42, 122, 61, 182, 57, 199, 54, 140, 42, 45, 64, 10, 296, 134, 40, 56, 44, 182]
F2 = [52, 136, 317, 2, 1395, 142, 184, 126, 2, 250, 318, 94, 1355, 74, 258, 304, 454, 2557, 131, 45, 152, 2, 214, 127, 60, 44, 15, 448, 143, 149]
T = [123497, 16499, 63189, 17909, 16600, 15001, 19699, 135521, 21104, 23101, 15997, 82796, 19088, 49814, 26903, 69381, 25193, 82513, 22904, 69203, 17110, 19902, 27002, 8198, 122706, 53909, 17900, 26801, 19005, 68509]
T2 = [18693, 58221, 140903, 801, 495160, 49691, 69694, 45198, 997, 161581, 113594, 43993, 576229, 26115, 92409, 108479, 162473, 912781, 44808, 15889, 55295, 900, 75716, 46090, 21105, 15602, 5899, 162010, 51816, 54197]

id 59
F = [44, 137, 15, 32, 189, 10, 197, 39, 136, 225, 33, 40, 42, 131, 411, 194, 11, 53, 60, 147, 45, 288, 38, 55, 42, 133, 240, 110, 35, 45]
F2 = [87, 45, 36, 15, 143, 29, 101, 119, 90, 276, 176, 12, 16, 66, 103, 31, 192, 88, 309, 34, 13, 36, 2, 449, 138, 41, 275, 65, 380, 177]
T = [22301, 53381, 11503, 18598, 70909, 7597, 77702, 17504, 56116, 109727, 17899, 19903, 18302, 51109, 188220, 108295, 6502, 23599, 24007, 77407, 20992, 105716, 25603, 27395, 18295, 66203, 88886, 46093, 18998, 19196]
T2 = [39729, 17391, 13501, 6199, 51690, 10496, 36804, 46294, 31691, 98714, 63601, 4501, 6103, 23692, 41897, 11101, 69907, 35200, 109184, 14292, 4697, 13108, 900, 158712, 48615, 18205, 97134, 23301, 262301, 63186]

id 60
F = [12, 49, 195, 35, 150, 117, 38, 12, 40, 298, 287, 45, 37, 189, 142, 137, 46, 49, 221, 38, 36, 143, 38, 38, 138, 15, 13, 282, 33, 170]
F2 = [143, 150, 36, 14, 291, 224, 2, 34, 5, 35, 85, 192, 163, 33, 306, 390, 268, 261, 57, 2, 2, 70, 181, 258, 40, 136, 27, 38, 89, 79]
T = [11902, 22088, 76710, 14909, 58005, 45904, 18291, 9700, 17002, 124091, 108910, 18710, 29109, 82628, 53008, 55689, 19702, 21196, 90217, 24207, 15497, 53819, 15901, 19302, 52199, 14497, 9596, 107220, 16795, 77215]
T2 = [50492, 53692, 16205, 4802, 105805, 79910, 901, 12702, 2198, 12497, 30909, 69294, 73517, 13801, 108518, 139326, 97024, 93372, 20491, 900, 900, 24998, 64898, 91088, 14208, 87687, 9903, 14098, 37886, 34594]

id 61
F = [176, 269, 39, 236, 9, 134, 191, 62, 9, 187, 56, 33, 139, 18, 150, 266, 12, 15, 8, 49, 59, 12, 10, 31, 137, 45, 34, 15, 36, 253]
F2 = [103, 68, 1072, 89, 29, 240, 95, 132, 491, 30, 92, 163, 44, 181, 40, 988, 33, 177, 34, 2, 101, 28, 30, 176, 41, 5, 16, 184, 206, 29]
T = [67297, 156497, 23913, 105009, 7198, 49401, 75502, 25205, 8093, 72322, 23196, 15297, 52503, 14200, 57995, 107292, 7297, 16602, 6303, 29104, 24188, 11800, 7398, 21609, 81006, 19401, 14997, 8301, 19104, 93107]
T2 = [37089, 32588, 467094, 32508, 10909, 84997, 34612, 47210, 177832, 11300, 33593, 72904, 15898, 70515, 14795, 458826, 12187, 92811, 12701, 1401, 36080, 9902, 11907, 67217, 19007, 2401, 5802, 65490, 73890, 10811]

id 62
F = [13, 34, 46, 40, 17, 36, 15, 44, 339, 42, 36, 36, 230, 35, 13, 13, 34, 45, 13, 15, 57, 41, 47, 346, 10, 47, 136, 38, 40, 33]
F2 = [31, 178, 197, 14, 140, 509, 26, 359, 115, 139, 7, 400, 141, 403, 27, 26, 361, 2, 176, 21, 136, 18, 143, 83, 187, 141, 289, 21, 16, 193]
T = [8797, 15997, 22109, 17388, 11399, 15102, 19099, 23113, 124683, 20989, 24905, 25005, 85686, 16107, 8397, 20099, 17603, 19199, 13299, 19400, 23797, 29799, 18804, 129769, 8698, 20314, 53101, 18492, 18203, 14697]
T2 = [11500, 66008, 69902, 5109, 49492, 179724, 70207, 126893, 40986, 57295, 3002, 141915, 48886, 152400, 10400, 10104, 131683, 799, 66304, 7898, 48709, 8006, 50906, 45199, 68090, 48906, 108794, 8803, 5807, 70210]

id 63
F = [36, 37, 41, 32, 43, 196, 50, 169, 211, 11, 295, 51, 12, 29, 15, 37, 42, 169, 202, 124, 13, 35, 44, 14, 8, 8, 39, 178, 166, 231]
F2 = [7, 2, 100, 28, 136, 16, 343, 18, 17, 26, 25, 252, 355, 25, 176, 95, 306, 307, 292, 142, 119, 323, 2, 496, 312, 31, 13, 169, 1812, 303]
T = [15711, 17208, 23004, 14002, 28598, 74411, 20695, 65410, 80603, 8400, 126095, 21497, 9902, 15507, 8400, 16606, 31202, 68071, 99419, 55792, 8700, 16192, 26893, 12499, 5998, 6401, 20699, 68102, 132912, 94996]
T2 = [2699, 801, 35406, 10103, 56291, 5803, 121005, 6400, 6901, 10393, 9402, 89595, 143531, 8791, 65006, 33099, 108305, 118903, 138894, 60006, 43319, 115607, 1100, 178712, 130714, 11003, 5001, 72396, 801398, 124493]

id 64
F = [11, 39, 210, 128, 40, 35, 38, 15, 164, 35, 57, 121, 126, 58, 177, 39, 61, 17, 501, 13, 315, 7, 18, 56, 40, 39, 26, 50, 13, 14]
F2 = [27, 2, 26, 43, 11, 196, 77, 134, 41, 2, 133, 996, 23, 93, 19, 2, 86, 192, 14, 116, 45, 32, 27, 85, 418, 13, 159, 11, 250, 149]
T = [9294, 16109, 77572, 48593, 19393, 21303, 17597, 8704, 65716, 22405, 26391, 46696, 65393, 24600, 82196, 23090, 25604, 17695, 180127, 8506, 115315, 5999, 15202, 23095, 19501, 17693, 15699, 23408, 10005, 17997]
T2 = [9697, 799, 9299, 15609, 27499, 70508, 27688, 49005, 15508, 1101, 46609, 360879, 8104, 32305, 6705, 1001, 29788, 69898, 5196, 41409, 16902, 11593, 11997, 30107, 174643, 5004, 56331, 4103, 129208, 52878]

id 65
F = [27, 39, 36, 200, 39, 11, 19, 32, 35, 13, 10, 42, 13, 138, 311, 42, 48, 130, 248, 12, 159, 14, 33, 33, 33, 42, 30, 144, 35, 185]
F2 = [257, 2, 4, 29, 2, 36, 292, 277, 146, 29, 316, 97, 169, 89, 363, 2, 345, 88, 91, 26, 370, 29, 161, 478, 395, 449, 6, 141, 2, 26]
T = [14800, 19898, 53603, 84207, 27602, 11904, 12800, 31000, 18293, 15697, 7393, 28700, 8402, 55501, 123889, 17897, 21996, 52996, 94226, 8700, 77479, 13697, 26797, 16709, 18408, 18100, 14694, 55295, 15794, 69398]
T2 = [119583, 800, 2702, 11496, 1002, 13089, 129482, 200011, 59478, 11700, 133092, 35720, 60602, 33712, 131199, 900, 122194, 32102, 33609, 11003, 130013, 12698, 59121, 171231, 142396, 166404, 2503, 50302, 900, 9706]

id 66
F = [45, 67, 146, 9, 7, 20, 36, 47, 14, 57, 34, 272, 176, 49, 9, 25, 43, 161, 33, 49, 38, 40, 285, 180, 36, 190, 150, 42, 145, 43]
F2 = [176, 88, 37, 41, 40, 23, 2, 2, 30, 133, 2, 213, 138, 2, 509, 2, 15, 67, 143, 83, 139, 14, 37, 30, 275, 301, 41, 2, 49, 2]
T = [25288, 27693, 73681, 6695, 9301, 10399, 17300, 24900, 7800, 24004, 17210, 107615, 70286, 20705, 11199, 14901, 22609, 68415, 15900, 27599, 17292, 45295, 105306, 67693, 15404, 70493, 68491, 17598, 78503, 22307]
T2 = [75295, 32298, 14106, 14497, 14004, 8696, 799, 798, 11294, 46414, 803, 74806, 51106, 898, 199103, 900, 6298, 25100, 50609, 41820, 50401, 7898, 13400, 11098, 97900, 108208, 15201, 799, 17502, 900]

id 67
F = [37, 12, 135, 174, 50, 53, 60, 40, 33, 141, 39, 32, 42, 39, 37, 39, 40, 122, 47, 7, 139, 11, 32, 38, 123, 118, 145, 18, 17, 56]
F2 = [6, 268, 35, 314, 264, 139, 138, 15, 2, 377, 127, 138, 2, 87, 2, 254, 411, 199, 146, 28, 140, 169, 92, 129, 80, 17, 43, 28, 134, 101]
T = [18992, 7203, 51498, 66206, 36706, 21798, 24201, 18815, 18802, 59613, 24099, 16396, 27301, 18897, 18011, 24306, 17791, 50199, 20799, 6499, 53492, 7494, 18606, 16203, 49597, 45420, 74390, 11204, 12199, 22792]
T2 = [6900, 96803, 11894, 111204, 94183, 50299, 49796, 5602, 902, 132201, 67303, 49493, 2400, 32392, 798, 276770, 145303, 71003, 51874, 10205, 50212, 60400, 33602, 45786, 29098, 6304, 17912, 12096, 48391, 36004]

id 68
F = [278, 38, 34, 50, 14, 182, 42, 45, 13, 40, 131, 31, 13, 11, 11, 140, 220, 193, 12, 34, 200, 161, 42, 44, 43, 37, 8, 146, 136, 43]
F2 = [73, 153, 422, 2, 135, 12, 105, 250, 34, 16, 79, 2, 142, 32, 23, 42, 46, 152, 349, 2, 311, 222, 87, 181, 479, 30, 125, 146, 40, 471]
T = [148496, 168201, 19211, 27593, 9595, 68794, 17901, 22199, 8899, 22896, 51299, 13904, 9296, 7606, 7699, 55288, 544503, 77203, 10403, 16892, 74405, 75618, 67003, 18806, 31306, 17097, 6401, 58303, 51290, 18499]
T2 = [26693, 71991, 241803, 900, 48394, 4604, 37088, 136575, 12302, 6301, 28307, 699, 55404, 11303, 8993, 15305, 20205, 53584, 146311, 899, 116366, 87398, 90990, 64979, 272364, 11503, 44717, 51487, 13998, 179425]

id 69
F = [36, 13, 7, 15, 41, 17, 36, 54, 227, 37, 286, 16, 141, 132, 42, 116, 9, 34, 13, 33, 207, 45, 42, 39, 7, 60, 47, 34, 36, 46]
F2 = [2, 135, 32, 32, 13, 19, 2, 94, 297, 13, 221, 131, 155, 76, 13, 22, 25, 2, 494, 2, 106, 175, 510, 394, 27, 96, 473, 2, 10, 134]
T = [16319, 11902, 5302, 8200, 19601, 11408, 17496, 28094, 84394, 18300, 132777, 11695, 61411, 49415, 18001, 72592, 6299, 17700, 8303, 15393, 76095, 19295, 18399, 16505, 6497, 32896, 23794, 30399, 17694, 20895]
T2 = [797, 48910, 12909, 11998, 4902, 7099, 899, 37395, 106969, 4595, 107893, 58088, 72515, 27301, 4898, 8197, 9106, 999, 175440, 901, 37494, 62693, 596709, 140785, 10099, 40402, 175138, 1899, 4003, 49000]

id 70
F = [41, 14, 17, 56, 301, 38, 429, 35, 141, 175, 9, 198, 41, 153, 41, 125, 8, 299, 9, 42, 16, 38, 16, 13, 39, 145, 40, 31, 48, 41]
F2 = [2, 17, 123, 97, 229, 2, 65, 14, 33, 137, 191, 227, 2, 295, 204, 238, 27, 102, 648, 22, 190, 2, 489, 270, 12, 45, 18, 190, 99, 2]
T = [17502, 8694, 9300, 24005, 110383, 17007, 156128, 15698, 61695, 88114, 6198, 76284, 29296, 57307, 24199, 48898, 6404, 123986, 7002, 17996, 10094, 15899, 8503, 7704, 25005, 63793, 17710, 20206, 22105, 19698]
T2 = [1201, 5495, 56682, 35099, 83308, 801, 22998, 5403, 12700, 60692, 67298, 88878, 1101, 104084, 75901, 85523, 10402, 37505, 230884, 8304, 68596, 801, 175807, 96312, 6006, 19004, 6705, 93106, 35700, 801]

id 71
F = [42, 35, 43, 38, 11, 11, 19, 225, 16, 45, 32, 57, 11, 126, 58, 37, 12, 47, 48, 30, 14, 12, 173, 167, 189, 38, 34, 14, 222, 32]
F2 = [397, 465, 163, 14, 41, 114, 24, 536, 19, 149, 183, 3369, 36, 18, 89, 145, 131, 224, 133, 250, 32, 32, 79, 131, 317, 136, 174, 23, 594, 2]
T = [24595, 21300, 21298, 16812, 7198, 12302, 9303, 85588, 9298, 28408, 13694, 21605, 15401, 51491, 24699, 27303, 11996, 20899, 22012, 15494, 8289, 8899, 64708, 66594, 70123, 16202, 16505, 8401, 81984, 14597]
T2 = [162597, 181374, 64297, 5099, 16499, 41790, 8402, 197686, 6999, 54196, 68978, 1187088, 26489, 8400, 31304, 61408, 57317, 79514, 65591, 89800, 11699, 11505, 27992, 46102, 111380, 49618, 61016, 8498, 213507, 800]

id 72
F = [12, 188, 12, 58, 10, 9, 62, 17, 43, 18, 14, 193, 330, 44, 44, 150, 44, 42, 42, 44, 38, 113, 12, 131, 53, 9, 232, 13, 173, 34]
F2 = [22, 181, 23, 86, 21, 131, 94, 33, 263, 128, 24, 29, 53, 389, 17, 334, 132, 243, 2, 10, 2, 178, 110, 46, 141, 33, 57, 39, 333, 26]
T = [7702, 71230, 7899, 22905, 6807, 8699, 28408, 19992, 18898, 16308, 8203, 73401, 163888, 19498, 23901, 58205, 18097, 27093, 18394, 19896, 17904, 43497, 7502, 52692, 31586, 6803, 86671, 8799, 65003, 16400]
T2 = [8798, 64100, 8403, 31103, 7599, 47414, 33515, 15102, 92882, 58093, 8899, 10405, 22702, 193290, 6598, 138801, 47082, 87995, 797, 3701, 900, 63702, 39216, 19800, 51011, 12001, 33606, 16203, 116484, 9504]

id 73
F = [500, 43, 273, 48, 34, 63, 38, 36, 11, 39, 47, 8, 57, 198, 113, 41, 57, 36, 264, 375, 43, 33, 43, 38, 12, 41, 42, 39, 26, 214]
F2 = [820, 156, 217, 96, 2, 95, 263, 256, 307, 394, 87, 29, 85, 87, 19, 460, 84, 134, 41, 271, 136, 2, 14, 20, 120, 15, 243, 2, 14, 286]
T = [184099, 19006, 100522, 20794, 19404, 26304, 21002, 18407, 10893, 23306, 25813, 11901, 24106, 104989, 45817, 20604, 26800, 15295, 105799, 153612, 19505, 24202, 18599, 21192, 7794, 19201, 17213, 19899, 13204, 82493]
T2 = [294424, 55513, 89022, 34801, 1000, 34696, 110783, 100483, 116438, 138212, 30808, 10702, 33493, 36785, 6904, 163108, 34785, 58486, 14894, 103278, 48504, 1700, 5201, 7204, 44193, 5701, 87920, 1302, 5598, 100982]

id 74
F = [130, 9, 39, 52, 42, 135, 11, 40, 44, 128, 140, 17, 197, 190, 12, 57, 57, 182, 47, 10, 53, 43, 59, 66, 321, 125, 44, 29, 173, 52]
F2 = [37, 38, 2, 275, 132, 36, 30, 457, 14, 83, 39, 30, 93, 19, 188, 435, 86, 298, 88, 26, 473, 16, 130, 74, 237, 32, 17, 15, 16, 83]
T = [51099, 6598, 16803, 22306, 25005, 51689, 7902, 19711, 19505, 63188, 52899, 10397, 74093, 74793, 11702, 46088, 24704, 78373, 25303, 9101, 32199, 25404, 24101, 26707, 121014, 51304, 21890, 13898, 72478, 21797]
T2 = [13397, 16398, 1100, 103001, 47506, 12904, 11099, 161410, 5304, 32604, 16798, 11398, 32796, 7401, 77883, 166930, 29789, 108416, 31297, 9904, 192596, 6500, 46181, 26599, 86080, 12098, 6404, 5403, 7503, 29793]

id 75
F = [42, 14, 18, 48, 52, 46, 45, 283, 43, 139, 37, 36, 43, 176, 30, 48, 45, 12, 30, 49, 13, 12, 47, 12, 7, 40, 492, 39, 49, 183]
F2 = [18, 189, 32, 82, 96, 2, 11, 252, 2, 145, 13, 378, 154, 96, 378, 2, 150, 754, 159, 2, 490, 27, 88, 27, 134, 20, 1224, 6, 132, 20]
T = [24782, 8802, 10102, 20602, 30206, 35187, 20500, 138081, 27896, 54714, 25390, 20808, 21497, 70110, 30395, 19803, 24397, 7696, 14104, 21308, 7298, 8502, 19399, 11800, 9000, 24802, 247718, 16594, 21399, 71091]
T2 = [7596, 67902, 12296, 29719, 43217, 1099, 4095, 124408, 801, 51901, 5599, 169808, 55603, 33985, 222121, 902, 65504, 267874, 57491, 999, 177070, 10094, 31789, 17599, 59093, 7001, 433681, 2501, 51405, 7505]

id 76
F = [9, 24, 51, 33, 36, 211, 49, 34, 16, 15, 32, 34, 187, 31, 9, 50, 13, 2399, 9, 44, 183, 38, 38, 12, 40, 33, 37, 39, 28, 40]
F2 = [25, 12, 19, 2, 137, 103, 2, 85, 25, 32, 6, 140, 150, 149, 186, 449, 32, 38, 28, 149, 322, 12, 189, 808, 141, 87, 2, 13, 260, 2]
T = [6600, 12197, 24201, 15703, 20498, 79792, 20703, 14799, 8599, 8802, 17906, 17402, 73720, 16000, 6803, 22799, 8507, 867190, 7806, 25502, 77010, 16798, 21591, 7901, 19597, 14503, 18398, 18111, 15994, 18592]
T2 = [9107, 5500, 9505, 797, 52181, 47012, 798, 30992, 9698, 11402, 2700, 53412, 53410, 59298, 68605, 158198, 12403, 13406, 10003, 53599, 191112, 4395, 66814, 284071, 51385, 30196, 997, 5001, 93308, 801]

id 77
F = [38, 141, 6, 238, 65, 222, 39, 141, 51, 53, 46, 301, 59, 127, 33, 45, 36, 201, 155, 53, 38, 47, 134, 47, 178, 132, 31, 276, 12, 36]
F2 = [132, 36, 360, 2379, 131, 278, 140, 35, 269, 255, 15, 35, 136, 47, 18, 83, 2, 94, 79, 263, 5, 2, 31, 209, 90, 131, 16, 551, 186, 2]
T = [17704, 58297, 4899, 90097, 28202, 84100, 19310, 70188, 23507, 22897, 20195, 161385, 32095, 86001, 15603, 19897, 15304, 79926, 60500, 22193, 18996, 23905, 68694, 19188, 70589, 50327, 13408, 112301, 13695, 16301]
T2 = [50795, 13198, 126608, 928668, 46693, 99230, 50797, 15688, 97568, 90621, 5603, 13589, 48717, 19186, 6400, 30986, 1002, 38189, 28016, 93475, 2001, 1300, 11498, 116287, 32588, 47518, 7194, 198684, 73664, 1000]

id 78
F = [52, 14, 32, 9, 48, 136, 60, 140, 46, 35, 495, 38, 216, 11, 218, 10, 56, 42, 139, 181, 11, 10, 41, 421, 63, 12, 60, 186, 42, 32]
F2 = [88, 33, 159, 29, 2, 66, 280, 40, 2, 149, 10, 240, 137, 145, 269, 269, 759, 90, 238, 16, 188, 135, 2, 70, 452, 301, 289, 13, 169, 9]
T = [20994, 12800, 14805, 7196, 20703, 55094, 28596, 62689, 19693, 16196, 178823, 25900, 124105, 7096, 88084, 9000, 23401, 20099, 58796, 73689, 7299, 7295, 19303, 152395, 35718, 9709, 24014, 74204, 19495, 18901]
T2 = [31591, 11711, 63766, 10303, 1001, 24007, 104007, 15398, 999, 53172, 3700, 85186, 72097, 51700, 96089, 94208, 277414, 33297, 90016, 5901, 70400, 49700, 797, 25102, 169312, 123596, 103600, 4903, 67105, 3500]

id 79
F = [42, 174, 38, 44, 39, 14, 40, 33, 10, 59, 282, 146, 42, 19, 270, 37, 208, 43, 45, 146, 40, 12, 38, 47, 38, 40, 284, 7, 12, 234]
F2 = [2, 93, 151, 356, 265, 1836, 268, 462, 35, 428, 33, 145, 15, 24, 77, 197, 132, 322, 321, 40, 2, 137, 18, 153, 21, 133, 3867, 21, 28, 467]
T = [40396, 75297, 23999, 20092, 17006, 8606, 18895, 20603, 8997, 43890, 106072, 55598, 29788, 9903, 135487, 18805, 88014, 18607, 23303, 73674, 20695, 8496, 16997, 26503, 16203, 20403, 113779, 6102, 13499, 93520]
T2 = [999, 39999, 55103, 124101, 95080, 664532, 96901, 174675, 15606, 251995, 12095, 55695, 6300, 8501, 27301, 71107, 47697, 115919, 115106, 15298, 899, 50404, 6401, 60604, 7995, 70008, 1732025, 8196, 10291, 166737]

id 80
F = [48, 10, 39, 8, 261, 58, 37, 18, 34, 13, 13, 161, 62, 186, 34, 37, 141, 52, 8, 35, 42, 143, 27, 131, 161, 138, 37, 38, 333, 108]
F2 = [99, 32, 258, 136, 32, 234, 10, 22, 16, 653, 23, 40, 92, 465, 187, 10, 378, 596, 36, 241, 2, 44, 16, 384, 47, 96, 260, 125, 119, 19]
T = [35804, 22899, 17596, 5999, 97892, 23803, 18805, 11001, 16895, 10100, 13800, 60907, 26405, 86407, 19399, 16991, 52398, 20902, 8496, 14899, 20901, 54897, 27804, 63806, 87002, 61598, 20502, 16802, 136408, 41402]
T2 = [36402, 17794, 94922, 47495, 11498, 84770, 3598, 7899, 6096, 229897, 12700, 14904, 32503, 239510, 82208, 4401, 134147, 215394, 18894, 85987, 898, 16002, 7796, 150704, 16600, 37705, 93007, 44588, 42788, 7097]

id 81
F = [176, 42, 13, 8, 39, 41, 37, 45, 181, 138, 142, 199, 186, 142, 36, 46, 10, 32, 10, 40, 38, 29, 163, 16, 207, 40, 187, 40, 58, 40]
F2 = [13, 2, 840, 24, 13, 135, 113, 81, 15, 361, 120, 98, 223, 137, 2, 157, 129, 2, 28, 175, 137, 2, 81, 30, 99, 19, 318, 2, 141, 2]
T = [105977, 17408, 8897, 8397, 17009, 19305, 15697, 21498, 67008, 72017, 66313, 75597, 71598, 53614, 15205, 22706, 6598, 20899, 9092, 20595, 19994, 22008, 62209, 11897, 79498, 18508, 74700, 17897, 23701, 17191]
T2 = [5908, 803, 312225, 8994, 4700, 47896, 41396, 29998, 5298, 170287, 43691, 37894, 81081, 49109, 801, 77294, 46401, 2001, 11699, 62397, 50710, 900, 29304, 22107, 34599, 7810, 115226, 898, 51007, 899]

id 82
F = [53, 278, 135, 35, 38, 42, 11, 41, 218, 119, 144, 9, 15, 186, 183, 39, 41, 135, 132, 34, 424, 13, 14, 223, 47, 518, 43, 131, 181, 1053]
F2 = [16, 746, 15, 138, 139, 86, 22, 78, 139, 19, 151, 148, 24, 14, 307, 248, 86, 3369, 380, 14, 383, 36, 23, 54, 2, 748, 380, 36, 125, 22]
T = [23397, 108203, 294504, 17406, 25298, 28103, 10602, 17106, 78496, 49391, 82583, 6202, 8800, 68485, 68013, 19993, 19188, 50603, 57489, 16004, 153870, 7804, 8102, 79000, 26094, 293390, 18389, 52207, 77098, 382325]
T2 = [6396, 350885, 5605, 56195, 49910, 45706, 7901, 27096, 50104, 6899, 85667, 55498, 9298, 5403, 109280, 94509, 31393, 1357907, 135191, 5304, 146831, 12907, 8200, 19692, 1099, 262613, 147803, 13199, 45200, 8199]

id 83
F = [36, 34, 36, 183, 41, 59, 157, 38, 60, 47, 133, 207, 33, 144, 51, 10, 28, 51, 52, 36, 12, 44, 134, 7, 38, 216, 16, 40, 119, 13]
F2 = [2, 148, 247, 80, 408, 255, 40, 256, 212, 239, 1232, 95, 16, 48, 85, 127, 2, 76, 141, 189, 28, 79, 82, 32, 260, 97, 22, 105, 18, 24]
T = [16202, 15806, 27801, 68089, 17295, 24602, 59812, 16995, 25901, 22408, 49900, 76830, 15094, 56596, 43200, 10500, 13498, 28891, 24206, 16701, 12396, 19496, 50094, 6201, 17202, 84500, 11001, 18496, 45606, 7494]
T2 = [797, 52902, 135476, 28789, 144726, 91820, 14302, 92481, 75085, 86695, 453803, 34693, 5595, 16705, 37899, 51997, 798, 32916, 51205, 68607, 13000, 29707, 159615, 11303, 101497, 35596, 20292, 37909, 6501, 8596]

id 84
F = [43, 208, 40, 177, 35, 13, 125, 33, 284, 43, 12, 32, 194, 171, 143, 16, 47, 8, 197, 39, 49, 16, 123, 146, 11, 138, 29, 132, 148, 36]
F2 = [92, 27, 262, 317, 2, 127, 19, 139, 29, 2, 29, 2, 18, 12, 36, 22, 5, 836, 34, 7, 141, 145, 21, 81, 21, 82, 86, 81, 390, 7]
T = [23703, 76179, 19989, 74887, 16495, 8499, 47910, 17303, 108042, 19304, 15304, 28196, 86596, 70013, 92812, 9002, 20091, 5502, 95187, 16206, 21898, 9701, 48413, 65307, 6996, 54503, 13106, 68488, 56205, 19196]
T2 = [54505, 9605, 94090, 123200, 799, 48593, 6695, 63319, 11509, 997, 17093, 1900, 9202, 5505, 21604, 7693, 2103, 313239, 14706, 2397, 51990, 51308, 23699, 36694, 7297, 29206, 30705, 34295, 137116, 3099]

id 85
F = [37, 157, 46, 41, 43, 36, 15, 38, 55, 38, 41, 46, 14, 9, 182, 45, 32, 140, 238, 520, 291, 167, 37, 10, 9, 192, 145, 31, 38, 39]
F2 = [183, 62, 241, 2, 145, 190, 24, 2, 253, 17, 93, 2, 33, 30, 75, 2, 271, 91, 25, 230, 79, 161, 2, 247, 29, 110, 35, 15, 2, 2]
T = [16096, 59302, 19489, 20688, 18398, 17099, 8199, 16698, 31386, 20395, 27705, 24592, 10002, 11395, 69010, 19990, 25003, 55886, 103109, 192912, 111966, 65003, 18198, 6797, 6204, 70789, 55201, 13498, 24703, 23001]
T2 = [66179, 22310, 122105, 1001, 52294, 67818, 8801, 900, 107500, 6502, 49703, 800, 11698, 15802, 27802, 700, 113304, 32290, 10993, 82317, 31507, 57193, 1001, 88402, 10896, 39394, 12297, 5700, 901, 899]

id 86
F = [55, 50, 8, 280, 38, 46, 11, 274, 10, 12, 12, 30, 14, 12, 10, 145, 57, 35, 39, 39, 10, 39, 16, 38, 162, 143, 40, 21, 36, 214]
F2 = [147, 15, 303, 451, 2, 11, 37, 233, 126, 38, 23, 197, 279, 23, 368, 35, 90, 396, 93, 2, 25, 134, 144, 79, 80, 84, 17, 26, 198, 141]
T = [23502, 22396, 7298, 113807, 18205, 22191, 7194, 208089, 8899, 11901, 13099, 14496, 10005, 18307, 7795, 59196, 24580, 16895, 17502, 17095, 7398, 17405, 14001, 19312, 65075, 54110, 19602, 15797, 17003, 100800]
T2 = [51997, 5401, 138704, 165281, 900, 7296, 13498, 85176, 53809, 17601, 10600, 70295, 99991, 11505, 129379, 16198, 31923, 142091, 33484, 1200, 9502, 48503, 96903, 28505, 28691, 30702, 8999, 10902, 71911, 61700]

id 87
F = [347, 10, 51, 14, 11, 199, 43, 15, 41, 204, 51, 39, 34, 41, 64, 152, 41, 33, 213, 9, 25, 43, 42, 139, 30, 39, 57, 34, 129, 32]
F2 = [74, 32, 475, 26, 184, 15, 185, 32, 182, 262, 350, 17, 2, 242, 140, 48, 154, 13, 294, 500, 254, 482, 2, 39, 294, 509, 155, 240, 40, 31]
T = [129785, 6397, 25297, 8201, 8195, 91195, 20797, 10198, 22702, 76112, 29398, 26410, 17304, 19184, 26694, 57780, 18407, 20598, 82601, 6500, 13101, 18196, 18701, 55097, 13301, 19206, 22699, 20201, 55589, 15493]
T2 = [27202, 11996, 196878, 9103, 65095, 6103, 79600, 11604, 78790, 93798, 174006, 6003, 1002, 88382, 49997, 16991, 53701, 4898, 118882, 178904, 114008, 172377, 802, 14806, 104129, 179393, 59311, 136613, 14301, 10996]

id 88
F = [200, 43, 13, 49, 36, 45, 416, 172, 40, 39, 145, 186, 39, 144, 45, 12, 132, 183, 145, 12, 34, 9, 33, 13, 40, 13, 47, 8, 35, 10]
F2 = [337, 2, 24, 309, 131, 27, 62, 180, 2, 2, 79, 18, 151, 44, 149, 34, 88, 175, 82, 19, 488, 26, 86, 23, 150, 33, 2, 35, 372, 173]
T = [76676, 19197, 8000, 20304, 17502, 19506, 156086, 79298, 18503, 87811, 58398, 73410, 18193, 56995, 23511, 9202, 53710, 68989, 69398, 9797, 18999, 6597, 14601, 8804, 18204, 9598, 20405, 8403, 151097, 8897]
T2 = [138911, 799, 9297, 116712, 46081, 9200, 29696, 79399, 902, 1101, 37791, 6599, 54194, 15897, 63905, 13196, 31195, 62423, 35103, 6197, 207804, 9508, 31012, 8700, 53214, 14795, 898, 12697, 999868, 62479]

id 89
F = [58, 47, 218, 53, 12, 137, 39, 36, 12, 42, 39, 127, 44, 275, 57, 27, 40, 144, 36, 35, 47, 16, 7, 48, 41, 11, 214, 41, 39, 44]
F2 = [97, 84, 24, 94, 178, 42, 366, 7, 29, 2, 183, 87, 14, 8, 491, 459, 2, 93, 142, 173, 81, 127, 24, 87, 382, 364, 137, 2, 8, 206]
T = [23992, 24999, 80921, 22002, 8801, 52412, 17900, 16797, 8294, 21501, 21806, 114300, 54287, 122530, 25394, 13699, 17995, 58807, 14704, 18206, 20495, 8997, 6602, 20303, 17398, 6500, 81499, 18011, 18201, 19299]
T2 = [33493, 29798, 8301, 33599, 63389, 14904, 132390, 2596, 10798, 1099, 68905, 56897, 5598, 3101, 235991, 166278, 801, 34117, 50200, 710879, 28397, 47291, 10894, 30597, 137175, 160110, 48495, 898, 2901, 77908]

id 90
F = [188, 148, 431, 45, 137, 45, 14, 46, 58, 43, 9, 46, 41, 178, 144, 37, 38, 48, 319, 55, 16, 38, 45, 38, 214, 52, 33, 39, 263, 130]
F2 = [317, 83, 831, 115, 194, 2, 121, 84, 300, 16, 147, 2, 243, 169, 41, 5, 153, 474, 290, 422, 21, 13, 97, 2, 280, 2, 158, 16, 33, 47]
T = [75884, 57492, 156114, 18713, 80321, 21410, 11104, 28189, 26506, 18798, 6600, 22497, 21209, 79017, 54416, 17495, 16507, 22105, 116003, 23707, 10595, 16195, 19893, 17799, 82289, 26898, 14793, 42693, 96893, 49501]
T2 = [117032, 36398, 361086, 46807, 70294, 699, 43597, 30883, 117901, 5500, 61197, 799, 94016, 60000, 14689, 1997, 53596, 170902, 127010, 150086, 8896, 4698, 34710, 1000, 99017, 1298, 56685, 6904, 12704, 16691]

id 91
F = [39, 29, 247, 137, 139, 11, 151, 37, 202, 14, 219, 43, 38, 42, 17, 38, 41, 40, 119, 142, 9, 30, 186, 31, 185, 143, 13, 193, 36, 33]
F2 = [2, 2, 422, 84, 36, 32, 40, 351, 98, 34, 261, 19, 17, 138, 27, 2, 292, 475, 79, 298, 22, 7, 18, 8, 109, 44, 148, 89, 15, 2]
T = [20395, 13294, 91181, 51699, 52718, 11497, 57500, 22303, 74670, 11503, 95280, 20402, 24299, 21407, 9495, 16099, 17689, 21896, 51317, 54206, 5802, 14401, 72817, 14491, 69702, 53900, 9306, 72901, 15692, 15504]
T2 = [899, 801, 149544, 31198, 12808, 12501, 14689, 149591, 35605, 12401, 120377, 7198, 8202, 98098, 9700, 800, 102881, 187991, 32003, 110169, 8400, 2600, 7207, 2997, 39298, 16193, 54088, 32704, 12707, 899]

id 92
F = [52, 47, 15, 36, 46, 38, 42, 33, 191, 11, 54, 32, 43, 42, 36, 9, 34, 60, 15, 38, 149, 57, 31, 29, 33, 37, 51, 44, 112, 8]
F2 = [262, 86, 31, 102, 258, 2, 139, 2, 1503, 179, 3919, 191, 168, 17, 2, 31, 12, 451, 349, 13, 150, 87, 2, 79, 141, 155, 138, 16, 17, 24]
T = [22105, 20597, 9506, 16098, 21107, 16599, 18197, 14403, 72201, 8002, 25087, 14192, 31600, 18598, 16008, 6694, 21593, 30104, 8500, 19903, 69810, 23798, 17495, 14386, 17795, 16199, 23212, 19903, 43282, 13699]
T2 = [93497, 30898, 10903, 36914, 92212, 999, 51783, 1099, 542696, 71197, 1387313, 69200, 83888, 6197, 900, 12293, 5102, 160895, 124583, 4999, 68889, 33711, 1198, 28883, 58204, 55690, 49512, 6194, 6500, 9600]

id 93
F = [38, 12, 438, 32, 145, 34, 53, 297, 439, 37, 9, 11, 226, 51, 294, 152, 39, 12, 36, 138, 181, 33, 14, 145, 40, 177, 34, 206, 42, 48]
F2 = [394, 27, 65, 13, 280, 1429, 93, 215, 67, 2, 137, 34, 37, 99, 6933, 75, 100, 858, 164, 143, 94, 2, 134, 35, 190, 299, 13, 102, 136, 2]
T = [15807, 7393, 194181, 21996, 189095, 16705, 51601, 127492, 160710, 16094, 10201, 8298, 85213, 21811, 107597, 60202, 16698, 8800, 16404, 53304, 70501, 15099, 8800, 62586, 19499, 69873, 18990, 77491, 20198, 38300]
T2 = [141111, 10195, 22899, 5200, 146903, 512353, 37688, 77398, 23699, 798, 55789, 33904, 15596, 34490, 2466343, 27802, 36117, 305217, 59217, 50601, 37392, 901, 49520, 13000, 72400, 118904, 6109, 35492, 69205, 1498]

id 94
F = [11, 38, 206, 370, 45, 13, 10, 20, 15, 39, 209, 297, 211, 33, 39, 11, 146, 301, 31, 47, 43, 37, 35, 113, 151, 58, 126, 35, 36, 40]
F2 = [26, 97, 239, 42, 14, 822, 18, 137, 26, 252, 39, 207, 270, 92, 31, 26, 35, 85, 20, 257, 2, 13, 25, 17, 146, 554, 34, 2, 26, 2]
T = [8801, 18497, 75600, 135603, 18494, 14100, 8796, 10999, 11007, 23100, 91991, 110404, 85985, 16404, 23404, 12498, 58218, 111677, 14404, 24496, 17891, 17398, 20394, 43108, 78499, 34590, 59206, 16101, 20304, 20215]
T2 = [9795, 33790, 85709, 15202, 5598, 362787, 14202, 47794, 19106, 89281, 16999, 75304, 95107, 32185, 33004, 11199, 12696, 30299, 8101, 100991, 1001, 5507, 8902, 5900, 70708, 267572, 15093, 1099, 9394, 901]

id 95
F = [29, 38, 147, 32, 39, 27, 13, 165, 45, 16, 171, 51, 152, 159, 366, 33, 9, 181, 200, 45, 44, 47, 48, 184, 139, 208, 12, 30, 37, 33]
F2 = [2, 333, 80, 2, 131, 25, 188, 44, 237, 26, 18, 8, 144, 84, 67, 21, 191, 37, 15, 105, 396, 2, 157, 148, 40, 252, 125, 168, 421, 2]
T = [13898, 19803, 59105, 15408, 17204, 13191, 9401, 63515, 21799, 9505, 72586, 26290, 88693, 61081, 142084, 17307, 9297, 81765, 95878, 24095, 18903, 21811, 28394, 92318, 61810, 76705, 7795, 14909, 16102, 26797]
T2 = [803, 118717, 28403, 799, 49508, 9602, 70920, 15593, 99684, 9394, 7202, 3604, 77509, 30102, 24296, 9200, 86305, 19396, 6805, 44988, 146908, 698, 76121, 60102, 17205, 89679, 52601, 59604, 147711, 1099]

id 96
F = [12, 32, 11, 186, 44, 38, 39, 134, 205, 191, 37, 186, 43, 332, 160, 46, 13, 41, 30, 11, 47, 15, 133, 12, 143, 34, 8, 40, 246, 16]
F2 = [34, 9, 32, 235, 2, 2, 458, 37, 34, 24, 2, 119, 181, 103, 132, 23, 495, 138, 155, 22, 139, 25, 76, 174, 140, 152, 26, 14, 87, 30]
T = [7500, 15996, 6998, 69801, 19298, 16500, 21109, 51090, 80313, 74399, 31787, 73107, 26908, 161473, 60590, 24386, 8904, 23004, 14399, 9605, 19907, 8602, 50194, 8195, 62420, 22701, 6302, 20691, 102008, 12304]
T2 = [12006, 3803, 11300, 87030, 801, 799, 167667, 13302, 12592, 9593, 998, 43001, 76803, 42619, 46499, 9797, 174982, 103094, 56514, 10804, 50906, 9203, 28105, 72401, 52407, 76492, 9701, 4903, 34394, 12995]

id 97
F = [18, 140, 224, 42, 32, 41, 181, 36, 32, 40, 194, 39, 203, 37, 14, 53, 12, 140, 13, 152, 39, 52, 145, 123, 36, 9, 41, 32, 238, 284]
F2 = [20, 44, 34, 142, 5, 10, 650, 257, 135, 460, 16, 15, 17, 5, 121, 89, 28, 43, 126, 43, 5, 2, 280, 76, 19, 28, 15, 20, 106, 485]
T = [9801, 64286, 85512, 18804, 15402, 17299, 67496, 15103, 14997, 17599, 73799, 23191, 76882, 31999, 14498, 50892, 7800, 55489, 14803, 59204, 28201, 28105, 55292, 48299, 15204, 8397, 17203, 24797, 88280, 105194]
T2 = [7894, 21819, 12307, 53799, 1897, 3699, 292075, 91309, 54073, 162837, 5701, 7498, 6098, 2099, 71088, 33200, 10298, 15592, 44305, 15204, 2001, 900, 101800, 27991, 6695, 10601, 5804, 10705, 39301, 171293]

id 98
F = [265, 58, 50, 68, 185, 39, 518, 14, 35, 50, 43, 29, 42, 147, 147, 135, 140, 10, 8, 16, 14, 151, 126, 119, 181, 32, 166, 286, 43, 47]
F2 = [37, 133, 287, 437, 1115, 19, 12, 28, 264, 186, 428, 249, 153, 36, 35, 18, 1334, 127, 28, 22, 137, 241, 70, 20, 88, 139, 155, 32, 133, 144]
T = [103798, 29002, 21511, 29104, 68915, 22402, 187694, 11602, 15504, 105696, 18198, 15095, 17890, 61616, 60996, 51098, 52405, 6698, 6797, 13400, 7899, 74419, 48080, 48280, 84705, 15304, 62899, 104320, 23415, 19807]
T2 = [13190, 49630, 105999, 244693, 394541, 7405, 4402, 9896, 93499, 84998, 153019, 88689, 53995, 13002, 14690, 8200, 508521, 44903, 10396, 8297, 48082, 86803, 24900, 7495, 34911, 49805, 59396, 12000, 56888, 50989]

id 99
F = [230, 51, 34, 19, 138, 34, 35, 31, 14, 52, 141, 10, 36, 34, 41, 13, 134, 185, 160, 17, 52, 138, 221, 185, 199, 135, 32, 40, 10, 38]
F2 = [128, 821, 6, 500, 95, 415, 105, 15, 317, 227, 207, 32, 8, 4, 2, 34, 33, 88, 73, 22, 262, 75, 284, 15, 304, 127, 152, 2, 517, 179]
T = [87904, 22311, 15009, 13205, 51978, 21005, 14997, 15009, 8197, 22798, 55917, 8799, 17501, 16306, 19097, 7197, 56602, 68611, 63176, 10904, 20488, 65889, 80418, 96822, 73976, 48906, 15700, 91609, 8602, 18585]
T2 = [45389, 294891, 2499, 178008, 58802, 150820, 37888, 6000, 135572, 81672, 73475, 14094, 3000, 1600, 701, 12709, 12108, 31298, 26802, 7907, 93625, 28903, 117095, 6699, 108773, 45116, 64408, 1200, 185802, 65906]

