id 0
F = [52, 10, 38, 43, 141, 39, 55, 134, 16, 495, 53, 43, 36, 35, 238, 43, 45, 121, 12, 31, 21, 41, 29, 41, 43, 10, 43, 189, 14, 58]
F2 = [307, 117, 14, 257, 148, 170, 148, 142, 30, 11, 90, 136, 185, 403, 100, 18, 17, 83, 31, 145, 42, 251, 161, 138, 2, 195, 368, 74, 34, 266]
T = [233298, 87896, 146895, 75804, 75600, 24694, 44695, 112695, 19502, 263122, 94602, 25597, 26497, 20096, 122920, 23695, 32798, 59405, 10100, 18294, 18504, 22604, 23701, 29008, 26492, 8402, 25598, 91991, 12900, 80903]
T2 = [528185, 114199, 9197, 119883, 83799, 81816, 98797, 92499, 19499, 4001, 39793, 97681, 83102, 603886, 49496, 8303, 9999, 36196, 14402, 65709, 21098, 114198, 104308, 61412, 1000, 87305, 175327, 31288, 15501, 231306]

id 1
F = [194, 14, 304, 38, 12, 34, 61, 57, 153, 37, 35, 11, 51, 30, 45, 36, 32, 216, 314, 53, 9, 137, 13, 56, 36, 11, 338, 34, 34, 12]
F2 = [96, 26, 376, 145, 493, 371, 424, 457, 76, 327, 12, 23, 82, 145, 2, 379, 17, 225, 79, 140, 33, 83, 23, 89, 5, 23, 75, 134, 174, 27]
T = [237886, 91397, 168491, 23405, 8902, 20208, 33499, 31910, 74299, 21291, 19595, 8797, 33503, 17597, 31395, 21405, 20402, 105604, 154193, 31695, 7799, 69087, 8998, 30699, 21104, 8903, 193994, 20198, 26508, 10892]
T2 = [87792, 13807, 187993, 66379, 208602, 165328, 179984, 201389, 33807, 155725, 5498, 10399, 37895, 66309, 999, 172592, 8002, 97291, 32811, 70802, 15698, 38412, 10596, 40017, 2499, 10904, 34894, 60695, 82903, 14099]

id 2
F = [45, 203, 9, 11, 405, 234, 57, 41, 11, 10, 37, 49, 35, 39, 43, 32, 206, 201, 150, 14, 280, 8, 16, 14, 52, 14, 36, 183, 264, 54]
F2 = [89, 55, 188, 344, 95, 281, 86, 247, 20, 26, 138, 18, 181, 74, 147, 4, 23, 25, 41, 24, 27, 133, 29, 43, 465, 337, 2, 295, 38, 79]
T = [35296, 103202, 8001, 11697, 183003, 109386, 54701, 25000, 15199, 8302, 22595, 36498, 21101, 25207, 23404, 20693, 116111, 228896, 92711, 14998, 131505, 6800, 20198, 9502, 31594, 11503, 21197, 88508, 124720, 29608]
T2 = [48809, 33513, 85900, 151390, 48314, 114594, 90510, 140495, 9102, 12292, 62896, 10899, 88484, 34499, 66306, 1800, 10994, 18108, 18700, 69099, 11801, 62507, 12795, 19700, 198611, 148812, 900, 124614, 16390, 35709]

id 3
F = [5, 40, 206, 307, 51, 140, 170, 8, 31, 39, 38, 135, 141, 39, 33, 132, 15, 139, 10, 193, 55, 36, 160, 39, 138, 45, 117, 181, 226, 38]
F2 = [666, 146, 225, 376, 20, 79, 309, 26, 98, 456, 406, 90, 352, 376, 805, 80, 25, 46, 132, 489, 122, 146, 288, 15, 361, 129, 169, 328, 62, 242]
T = [7599, 28804, 137303, 141313, 30301, 68602, 98395, 6902, 19204, 21299, 43104, 68003, 88207, 66195, 19091, 65112, 13898, 65898, 10404, 92886, 31001, 21293, 77307, 30696, 68703, 25996, 84505, 86480, 110202, 22806]
T2 = [278005, 65701, 125778, 140002, 9399, 35694, 129279, 12605, 44782, 215389, 225597, 40990, 185779, 193395, 321612, 35605, 13496, 22607, 64675, 203689, 56594, 66897, 121904, 8902, 156922, 57909, 102388, 141110, 26700, 163493]

id 4
F = [9, 10, 43, 45, 13, 29, 35, 14, 49, 327, 45, 29, 18, 138, 10, 59, 161, 139, 503, 31, 39, 11, 15, 33, 65, 298, 128, 37, 37, 173]
F2 = [25, 483, 10, 84, 27, 146, 368, 516, 2, 61, 268, 414, 181, 40, 180, 98, 140, 152, 150, 170, 12, 25, 35, 152, 212, 224, 20, 426, 2, 129]
T = [6798, 8698, 25402, 24897, 11000, 16507, 22200, 10798, 32501, 166278, 26400, 17694, 18999, 69390, 9101, 31591, 83511, 113103, 591998, 18207, 22804, 8904, 12802, 25193, 42198, 166268, 54899, 37302, 19400, 66897]
T2 = [11801, 208094, 4499, 37215, 18496, 89599, 161367, 272722, 1002, 29099, 120803, 188587, 83602, 18297, 93113, 46912, 109081, 67986, 52419, 76708, 5302, 11998, 18406, 98498, 116507, 117931, 8398, 240212, 701, 45908]

id 5
F = [40, 46, 164, 44, 12, 211, 42, 48, 10, 35, 13, 36, 9, 196, 16, 409, 36, 32, 220, 12, 16, 8, 219, 60, 36, 32, 154, 38, 37, 341]
F2 = [157, 393, 98, 222, 30, 278, 8, 182, 20, 470, 31, 249, 298, 98, 135, 388, 166, 475, 96, 28, 495, 133, 408, 459, 451, 190, 128, 257, 86, 154]
T = [30795, 25399, 81121, 35491, 13397, 99394, 23606, 30804, 8702, 33310, 19599, 22995, 8095, 95008, 11204, 182193, 21601, 18803, 111314, 10002, 12000, 8001, 116019, 34403, 27089, 18495, 77991, 23300, 21213, 169000]
T2 = [78903, 170516, 43209, 105611, 14503, 114085, 3797, 84004, 9201, 204903, 14603, 110588, 133704, 43305, 61187, 140200, 82500, 211196, 43105, 12798, 210716, 62388, 162899, 194733, 229433, 97300, 56990, 118408, 41302, 62391]

id 6
F = [42, 42, 15, 55, 142, 37, 10, 40, 277, 29, 21, 31, 144, 136, 12, 35, 9, 373, 141, 138, 38, 153, 36, 39, 140, 47, 213, 442, 36, 12]
F2 = [139, 3, 129, 84, 38, 154, 119, 222, 197, 361, 123, 25, 50, 149, 32, 344, 24, 99, 359, 48, 2, 284, 139, 6, 135, 91, 269, 64, 27, 25]
T = [23398, 31310, 10902, 30592, 80906, 20294, 12300, 24897, 129417, 18002, 14495, 22105, 69693, 66309, 11102, 24200, 8901, 228928, 72800, 88007, 27095, 91211, 23903, 22103, 70011, 25794, 108007, 194289, 21494, 9700]
T2 = [63787, 1500, 58590, 53701, 20795, 71204, 56108, 101491, 81704, 185597, 65791, 11002, 63591, 65998, 14904, 150999, 11600, 41498, 159412, 22393, 902, 128307, 63900, 2900, 59691, 42208, 112290, 24798, 12491, 11497]

id 7
F = [42, 59, 148, 35, 11, 20, 148, 38, 15, 13, 12, 34, 149, 39, 9, 9, 143, 42, 192, 143, 43, 151, 301, 138, 182, 49, 48, 140, 216, 43]
F2 = [394, 89, 256, 160, 34, 30, 287, 151, 24, 319, 187, 94, 142, 6, 29, 136, 51, 3, 314, 39, 475, 140, 203, 373, 132, 169, 92, 82, 267, 12]
T = [34901, 38090, 64201, 16197, 12196, 21900, 61184, 22394, 12200, 13398, 24994, 23501, 72691, 23095, 8497, 13306, 73499, 26900, 102285, 70895, 24897, 86717, 138008, 68398, 94084, 26492, 35102, 68292, 106805, 27586]
T2 = [145305, 49994, 99414, 60309, 13298, 99001, 100901, 68810, 12004, 185192, 99703, 52291, 62907, 2898, 14996, 75492, 22892, 1402, 516117, 17301, 200602, 86405, 87692, 160404, 57991, 77025, 45010, 37090, 111296, 6400]

id 8
F = [225, 7, 40, 45, 40, 10, 38, 129, 54, 64, 11, 209, 164, 174, 201, 40, 186, 207, 13, 13, 42, 39, 39, 13, 45, 16, 36, 36, 150, 141]
F2 = [252, 37, 3, 258, 143, 23, 90, 82, 242, 89, 25, 31, 130, 16, 22, 388, 11, 95, 20, 24, 12, 22, 504, 131, 141, 321, 10, 126, 285, 46]
T = [150499, 7599, 25897, 24499, 23404, 8103, 22502, 62195, 31695, 32299, 12400, 101284, 79111, 83918, 99893, 25995, 88613, 99597, 11896, 10202, 28309, 21302, 31406, 10704, 28314, 12598, 22393, 21402, 71898, 77390]
T2 = [156087, 16898, 1701, 113894, 64899, 11398, 41089, 37096, 121387, 40092, 11806, 14001, 56813, 6697, 9606, 172585, 4801, 41913, 10297, 11207, 5895, 10498, 213304, 88890, 64194, 185100, 4700, 58698, 122514, 25195]

id 9
F = [37, 7, 14, 11, 8, 318, 133, 12, 39, 12, 46, 38, 33, 169, 43, 7, 140, 14, 15, 44, 39, 17, 39, 36, 27, 145, 204, 192, 162, 43]
F2 = [4, 32, 326, 32, 489, 188, 36, 26, 338, 22, 14, 149, 194, 20, 150, 28, 156, 141, 130, 192, 456, 122, 136, 81, 8, 153, 531, 333, 41, 2]
T = [99193, 8300, 15705, 9099, 11300, 149211, 66299, 22699, 25896, 9700, 29002, 24297, 19003, 110892, 23393, 6994, 72000, 15201, 11700, 24698, 22403, 13196, 22200, 23303, 16599, 74106, 99805, 94711, 85984, 26509]
T2 = [1803, 15099, 163624, 14797, 236537, 75615, 16001, 14803, 163219, 11799, 6603, 68389, 88299, 9003, 71604, 13200, 69816, 66110, 102213, 88709, 196404, 55689, 62999, 36799, 3702, 67213, 203932, 151125, 19099, 1000]

id 10
F = [38, 36, 46, 8, 50, 137, 53, 49, 56, 39, 8, 186, 34, 30, 13, 289, 46, 39, 138, 52, 230, 31, 44, 16, 49, 175, 142, 16, 40, 35]
F2 = [374, 401, 136, 29, 398, 84, 734, 464, 90, 461, 22, 11, 16, 147, 21, 206, 20, 29, 346, 10, 273, 238, 480, 39, 272, 10, 40, 25, 15, 120]
T = [25003, 25695, 24405, 10900, 29993, 70798, 29391, 26392, 49802, 35798, 11301, 89303, 19395, 30393, 10297, 165111, 26200, 22585, 80992, 28098, 118629, 19105, 60011, 11303, 26493, 86099, 74293, 11496, 24806, 21392]
T2 = [171915, 177906, 61308, 17908, 221596, 37406, 298997, 198314, 40688, 202027, 10694, 4700, 7801, 74913, 9702, 122703, 9103, 14504, 159211, 4601, 113903, 108194, 1841684, 18192, 120191, 4301, 17402, 11699, 8496, 55215]

id 11
F = [38, 38, 139, 42, 147, 39, 19, 33, 185, 195, 147, 43, 47, 47, 13, 189, 43, 115, 150, 47, 11, 135, 36, 45, 37, 205, 133, 10, 12, 35]
F2 = [16, 13, 74, 162, 160, 452, 129, 471, 305, 99, 35, 17, 106, 139, 148, 311, 144, 18, 75, 13, 24, 83, 139, 15, 121, 86, 240, 323, 197, 241]
T = [24398, 22199, 69006, 24497, 72590, 22597, 14004, 18303, 89791, 104898, 71303, 24602, 25305, 30704, 10695, 108790, 24800, 56395, 71295, 31297, 9201, 66312, 21398, 28008, 22294, 99001, 81411, 9203, 9494, 21806]
T2 = [7902, 6103, 33113, 74605, 69606, 194171, 57701, 202790, 130274, 51398, 16198, 7696, 47695, 63611, 103488, 133101, 65389, 7704, 33507, 6297, 10797, 36895, 63712, 8195, 70200, 38602, 111794, 146799, 88797, 107396]

id 12
F = [146, 51, 194, 49, 46, 57, 49, 286, 8, 33, 44, 131, 140, 51, 42, 286, 37, 41, 14, 35, 150, 11, 146, 31, 27, 37, 34, 169, 42, 32]
F2 = [145, 85, 101, 98, 25, 77, 143, 212, 262, 16, 18, 193, 79, 16, 17, 202, 393, 18, 28, 138, 143, 121, 42, 149, 12, 13, 406, 19, 139, 14]
T = [73216, 28795, 93905, 29394, 26000, 31688, 31099, 138007, 9999, 18108, 24605, 76303, 72828, 30295, 44501, 134688, 22198, 25802, 11195, 21897, 75200, 17694, 70201, 19496, 19601, 22191, 26291, 80997, 26096, 18696]
T2 = [66409, 38603, 44705, 45089, 11298, 34904, 66106, 86096, 121301, 7505, 10598, 82815, 40602, 7005, 11696, 84024, 176385, 10201, 13005, 75404, 64603, 56412, 18796, 68097, 6801, 6100, 203505, 8398, 62499, 6406]

id 13
F = [5, 43, 31, 141, 41, 17, 63, 142, 213, 41, 36, 293, 196, 67, 14, 14, 15, 37, 140, 33, 155, 49, 133, 11, 7, 41, 45, 513, 51, 10]
F2 = [26, 94, 109, 44, 149, 27, 670, 74, 93, 256, 94, 213, 90, 664, 708, 188, 202, 199, 146, 176, 41, 252, 124, 35, 34, 361, 12, 294, 213, 124]
T = [6199, 28997, 20800, 68997, 40704, 10901, 37185, 70395, 101487, 29006, 19594, 145602, 94597, 40797, 9902, 16591, 12699, 21793, 76673, 25003, 78990, 25795, 80088, 8299, 8302, 26694, 24202, 277691, 36601, 10299]
T2 = [12101, 44009, 50800, 19606, 89889, 12694, 302280, 33503, 39392, 118504, 42999, 86102, 39298, 272815, 288091, 89485, 91793, 88407, 64604, 89594, 18900, 114498, 57904, 16902, 18108, 186792, 5502, 110720, 96593, 57002]

id 14
F = [49, 207, 149, 13, 47, 140, 46, 41, 125, 12, 33, 34, 37, 43, 36, 42, 20, 46, 11, 140, 54, 45, 36, 46, 38, 16, 16, 32, 59, 44]
F2 = [88, 97, 37, 256, 102, 142, 504, 143, 66, 300, 13, 173, 14, 149, 150, 18, 147, 93, 138, 132, 80, 11, 13, 415, 13, 29, 28, 165, 831, 104]
T = [49898, 100496, 105899, 12606, 25805, 71007, 25195, 25109, 61789, 9700, 19898, 20998, 21601, 24090, 20600, 24801, 14093, 33298, 9203, 69205, 36101, 26396, 22199, 27998, 25202, 17900, 11802, 21804, 31398, 25401]
T2 = [148799, 40887, 18201, 114508, 48193, 63399, 211685, 70178, 28692, 156598, 6299, 82200, 6495, 67388, 69604, 8498, 66997, 54598, 63194, 59004, 36292, 5302, 6101, 186104, 6199, 13598, 13203, 75000, 330823, 47492]

id 15
F = [34, 280, 135, 197, 189, 40, 31, 189, 38, 114, 46, 349, 31, 38, 152, 198, 6, 26, 191, 168, 41, 38, 29, 5, 129, 285, 48, 35, 15, 35]
F2 = [14, 32, 138, 243, 18, 136, 2, 93, 180, 23, 2, 449, 90, 258, 38, 110, 31, 9, 106, 13, 462, 137, 6, 134, 42, 71, 93, 268, 336, 8]
T = [20095, 148206, 66290, 102604, 90685, 24300, 19500, 95111, 24695, 60711, 26396, 206784, 19096, 24002, 74117, 144119, 16300, 16692, 95196, 87000, 24702, 49602, 18701, 7101, 63606, 136506, 35700, 33502, 11497, 20406]
T2 = [6600, 14201, 60727, 101902, 8000, 63389, 1001, 42004, 285404, 10694, 1099, 198814, 43606, 115482, 16906, 47397, 14996, 4503, 52202, 5498, 197789, 77401, 2494, 63620, 18008, 30101, 45007, 127091, 149983, 4000]

id 16
F = [39, 50, 26, 13, 41, 159, 36, 35, 46, 33, 14, 36, 33, 308, 33, 43, 11, 50, 124, 37, 43, 38, 48, 33, 214, 14, 214, 46, 150, 192]
F2 = [2, 2, 137, 174, 90, 37, 224, 194, 178, 14, 29, 150, 266, 103, 352, 15, 29, 276, 17, 665, 134, 319, 479, 481, 523, 32, 56, 248, 36, 83]
T = [23403, 44201, 28802, 9500, 23503, 76014, 22395, 20106, 25902, 19300, 12702, 21801, 23399, 144500, 24300, 23902, 8395, 35490, 61309, 24901, 25599, 24704, 25703, 20296, 105222, 15897, 101498, 204895, 73200, 93317]
T2 = [1000, 1498, 69401, 79897, 42299, 16797, 100499, 425600, 79895, 6403, 13702, 67505, 139999, 45009, 155890, 7004, 13602, 140997, 7495, 312320, 60488, 145570, 207696, 211404, 203289, 15297, 31309, 109506, 16504, 36499]

id 17
F = [25, 8, 217, 40, 42, 32, 50, 12, 140, 203, 184, 133, 149, 17, 33, 38, 182, 17, 41, 33, 37, 185, 41, 10, 149, 131, 190, 34, 12, 47]
F2 = [246, 121, 57, 145, 12, 33, 450, 26, 40, 93, 291, 74, 44, 317, 84, 181, 93, 26, 90, 147, 2, 13, 16, 27, 282, 135, 23, 2, 29, 459]
T = [15403, 8000, 104600, 25798, 24603, 20600, 27808, 11004, 68308, 115699, 88501, 67802, 74084, 13701, 45303, 23996, 87287, 13099, 32402, 19299, 26397, 91998, 23902, 10296, 82603, 68002, 163498, 26804, 10499, 41599]
T2 = [111608, 55597, 25604, 78903, 5505, 15700, 215812, 12694, 18299, 47904, 120612, 32992, 19488, 142310, 44596, 82301, 39795, 11599, 41002, 66709, 999, 5997, 8901, 13000, 123107, 120704, 14800, 899, 13095, 237458]

id 18
F = [44, 157, 45, 15, 34, 10, 37, 11, 124, 28, 232, 128, 185, 39, 8, 43, 220, 18, 12, 12, 12, 10, 37, 48, 8, 290, 40, 34, 134, 135]
F2 = [378, 157, 151, 153, 146, 29, 10, 130, 35, 154, 86, 387, 305, 157, 135, 350, 297, 192, 21, 27, 25, 24, 137, 84, 35, 207, 11, 81, 42, 350]
T = [25394, 85896, 26299, 14702, 20693, 7599, 25100, 11098, 61193, 20006, 123385, 63203, 129093, 22505, 11097, 30995, 102907, 17403, 10200, 10105, 16794, 8901, 21503, 26508, 8202, 139916, 22195, 20596, 65798, 68404]
T2 = [170624, 66895, 67687, 71089, 69906, 13194, 4498, 60299, 15698, 75703, 37794, 166195, 145485, 71698, 62394, 162418, 122198, 105602, 10397, 12894, 11700, 11203, 62902, 38004, 16007, 97823, 5198, 38208, 18602, 164702]

id 19
F = [135, 6, 45, 39, 134, 135, 32, 130, 192, 137, 38, 45, 14, 38, 42, 54, 197, 52, 11, 43, 14, 63, 157, 209, 147, 50, 11, 47, 39, 11]
F2 = [46, 346, 97, 467, 72, 43, 6, 293, 196, 159, 235, 245, 468, 14, 258, 131, 97, 89, 379, 199, 27, 152, 35, 29, 145, 103, 32, 268, 12, 185]
T = [68500, 7398, 54497, 22699, 65402, 66605, 22398, 88905, 91615, 68004, 24603, 29102, 11097, 27797, 23801, 31294, 95403, 28599, 9797, 24602, 10098, 33402, 76494, 99295, 70093, 29908, 8096, 27599, 24603, 9603]
T2 = [20300, 152476, 48191, 206108, 32402, 19001, 2802, 124514, 97695, 72799, 105195, 377595, 202130, 6703, 113505, 59882, 41001, 40890, 167707, 93400, 12402, 69306, 15994, 13108, 64397, 46896, 14901, 120007, 5697, 93705]

id 20
F = [39, 35, 7, 11, 201, 43, 32, 137, 200, 10, 38, 38, 38, 36, 14, 42, 139, 192, 37, 17, 9, 40, 51, 44, 42, 61, 37, 148, 137, 36]
F2 = [207, 12, 198, 30, 95, 143, 78, 44, 15, 28, 17, 109, 11, 12, 26, 151, 73, 462, 149, 497, 36, 167, 140, 182, 2, 462, 10, 38, 198, 390]
T = [24804, 20397, 13402, 9403, 103313, 36402, 18697, 66014, 98419, 11799, 23006, 22302, 24400, 20900, 10792, 22901, 81214, 115707, 22399, 11203, 8100, 22299, 29510, 24905, 24303, 32401, 21902, 79290, 66302, 24807]
T2 = [93204, 5796, 92884, 13596, 45604, 65296, 36486, 19491, 7902, 12402, 8199, 50203, 5201, 5800, 12299, 68903, 33398, 185084, 71689, 212898, 16590, 93390, 63489, 82502, 999, 193224, 4696, 17002, 86692, 171012]

id 21
F = [47, 31, 38, 48, 55, 124, 33, 42, 13, 438, 41, 32, 40, 141, 140, 221, 11, 130, 15, 208, 16, 33, 59, 155, 39, 44, 47, 16, 41, 143]
F2 = [111, 148, 156, 93, 80, 123, 410, 6, 491, 361, 133, 6, 2, 85, 38, 30, 30, 75, 130, 30, 26, 249, 584, 274, 163, 246, 241, 123, 145, 272]
T = [50004, 19200, 23900, 28003, 29792, 65198, 20695, 24307, 11605, 202695, 25703, 20599, 22898, 69595, 69287, 111788, 8999, 89814, 10204, 99004, 10705, 19903, 35099, 75724, 27604, 26304, 27594, 13598, 23603, 71907]
T2 = [71198, 71620, 70499, 42106, 36491, 54695, 190917, 2902, 275610, 128803, 61504, 2698, 899, 36591, 17003, 13102, 13803, 43711, 60302, 13503, 11896, 111781, 459171, 115808, 73588, 117408, 111708, 59991, 66194, 116209]

id 22
F = [10, 35, 38, 34, 11, 37, 39, 41, 21, 9, 35, 14, 191, 146, 40, 36, 43, 16, 33, 174, 11, 7, 300, 50, 37, 178, 35, 173, 47, 134]
F2 = [26, 234, 156, 551, 24, 11, 373, 181, 23, 189, 116, 138, 34, 74, 12, 179, 83, 327, 149, 25, 31, 28, 227, 255, 140, 138, 15, 14, 344, 383]
T = [9200, 35410, 22098, 21302, 10404, 21704, 23706, 23688, 14794, 8403, 23397, 9293, 93987, 73198, 36902, 21896, 25297, 12205, 24998, 89904, 10295, 80197, 287002, 94300, 22788, 98292, 19696, 85413, 29390, 65604]
T2 = [12202, 125805, 70799, 236077, 11095, 5103, 201697, 132088, 10901, 86110, 56304, 64803, 14192, 31896, 5493, 82386, 38299, 145702, 136301, 11203, 14303, 14403, 94596, 131190, 66190, 62899, 7000, 6597, 167295, 162692]

id 23
F = [18, 140, 35, 198, 33, 38, 33, 34, 144, 163, 191, 173, 123, 172, 45, 34, 42, 195, 199, 443, 142, 42, 37, 44, 43, 39, 38, 10, 41, 10]
F2 = [30, 46, 387, 169, 95, 14, 12, 206, 140, 100, 447, 325, 20, 147, 237, 7, 11, 292, 434, 59, 349, 2, 2, 145, 2, 142, 85, 334, 261, 28]
T = [17403, 98086, 20910, 93794, 18896, 30304, 19101, 20195, 72806, 79296, 94916, 81307, 69790, 82212, 26495, 20007, 23895, 138506, 94903, 199600, 71213, 24899, 21301, 26504, 23597, 22298, 21401, 8000, 23903, 8502]
T2 = [16396, 20696, 166709, 75399, 43799, 11004, 5900, 109589, 63307, 44903, 182085, 136700, 9004, 62798, 107696, 72903, 5100, 123200, 195392, 25503, 144502, 800, 901, 65906, 1001, 64906, 38607, 150106, 122098, 13108]

id 24
F = [33, 40, 42, 41, 41, 53, 202, 33, 30, 13, 188, 36, 42, 35, 41, 13, 42, 14, 141, 45, 10, 149, 238, 176, 36, 230, 27, 13, 41, 295]
F2 = [6, 14, 86, 17, 2, 148, 329, 183, 17, 34, 134, 459, 118, 457, 177, 136, 220, 138, 236, 355, 177, 346, 39, 142, 455, 291, 248, 137, 455, 200]
T = [21599, 21388, 22000, 23795, 23901, 29495, 107897, 19702, 18006, 10396, 90609, 19409, 37497, 21105, 22199, 17002, 24900, 11398, 79698, 24106, 8098, 81016, 112298, 89401, 21110, 112088, 18404, 14099, 24490, 155894]
T2 = [3103, 6399, 39999, 8301, 1000, 66007, 137897, 82583, 7903, 15595, 58406, 207396, 55193, 199686, 81101, 62117, 110903, 78101, 118895, 161493, 81902, 151984, 16899, 62494, 219785, 119203, 109901, 62596, 217224, 97719]

id 25
F = [11, 28, 36, 283, 35, 12, 42, 41, 49, 35, 41, 10, 30, 36, 149, 64, 143, 62, 53, 177, 43, 273, 72, 15, 32, 13, 12, 218, 38, 141]
F2 = [20, 31, 140, 30, 144, 34, 260, 387, 270, 155, 14, 32, 18, 90, 294, 88, 43, 153, 89, 31, 253, 219, 99, 51, 143, 814, 137, 288, 478, 77]
T = [15502, 17404, 20000, 150784, 19702, 9998, 23099, 23703, 27495, 20705, 22995, 8495, 17399, 28806, 79803, 32203, 75705, 32497, 33099, 84406, 25297, 134994, 37100, 17505, 18205, 11102, 10097, 102888, 21398, 69001]
T2 = [10893, 15402, 63804, 13005, 66808, 15906, 130587, 257964, 121102, 71196, 6702, 15397, 10004, 42207, 139695, 39693, 19893, 68904, 42793, 13703, 113495, 90915, 45700, 24005, 66999, 325205, 61312, 119189, 211700, 34400]

id 26
F = [37, 12, 46, 12, 36, 210, 115, 45, 235, 431, 49, 61, 36, 51, 39, 12, 14, 45, 18, 45, 34, 60, 50, 205, 40, 36, 15, 132, 37, 148]
F2 = [2, 26, 136, 781, 170, 405, 124, 238, 22, 65, 129, 102, 94, 161, 408, 24, 140, 93, 33, 145, 161, 91, 108, 277, 246, 269, 20, 284, 84, 133]
T = [22497, 10999, 24997, 8903, 19805, 100904, 55192, 36301, 147616, 196699, 33603, 32596, 20404, 27498, 22101, 8998, 9603, 25709, 12004, 24912, 20997, 31803, 27909, 96829, 23202, 70197, 10697, 63899, 21203, 72099]
T2 = [898, 12400, 63904, 342688, 77097, 173201, 63508, 147096, 13690, 25500, 71391, 47005, 42396, 82808, 179991, 11606, 64094, 42401, 15491, 65422, 77923, 41094, 49007, 117702, 109197, 128788, 9305, 125001, 38393, 58811]

id 27
F = [13, 37, 40, 33, 47, 17, 7, 37, 43, 63, 14, 10, 34, 16, 52, 8, 38, 49, 150, 6, 143, 56, 166, 39, 44, 33, 47, 16, 14, 139]
F2 = [362, 451, 24, 76, 16, 132, 27, 250, 91, 136, 29, 499, 11, 630, 170, 27, 459, 448, 162, 131, 145, 252, 36, 321, 449, 2, 13, 120, 31, 145]
T = [9300, 21093, 21501, 19506, 31306, 11802, 6800, 19202, 23688, 36098, 9999, 8695, 20093, 11497, 34088, 8199, 21300, 33893, 73193, 9300, 68601, 28497, 87687, 21805, 24399, 20398, 28999, 11094, 10802, 67701]
T2 = [165393, 213271, 19695, 35596, 7799, 64790, 12603, 111512, 41609, 68716, 13598, 215694, 5099, 263575, 86500, 13003, 195306, 202406, 70399, 60713, 73499, 111323, 15304, 182122, 197207, 1001, 5996, 55191, 14698, 65091]

id 28
F = [15, 32, 43, 151, 11, 36, 39, 160, 38, 125, 145, 9, 45, 36, 37, 157, 33, 53, 194, 43, 237, 12, 38, 20, 32, 239, 177, 14, 142, 13]
F2 = [844, 13, 152, 78, 20, 9, 181, 358, 142, 43, 154, 196, 240, 141, 88, 128, 17, 237, 112, 242, 102, 131, 232, 128, 21, 264, 315, 262, 303, 138]
T = [10399, 19906, 32005, 72603, 11098, 20906, 25601, 91496, 21200, 88690, 80585, 10201, 27497, 20409, 22002, 75594, 19606, 29296, 91915, 27202, 113083, 9202, 21609, 12695, 25400, 111496, 105694, 10499, 67899, 9901]
T2 = [343302, 6006, 69003, 35011, 9398, 4401, 81994, 155397, 63575, 19692, 70599, 92387, 139514, 64897, 40099, 56990, 7598, 114792, 47690, 108999, 42691, 60087, 107488, 59193, 9992, 109896, 140776, 118283, 130712, 63692]

id 29
F = [137, 45, 46, 132, 9, 269, 35, 49, 17, 37, 45, 41, 41, 41, 17, 147, 34, 187, 47, 33, 35, 36, 31, 36, 41, 11, 183, 38, 34, 31]
F2 = [37, 14, 174, 153, 445, 24, 2, 236, 126, 2, 170, 15, 135, 16, 37, 39, 18, 40, 144, 3, 81, 151, 247, 482, 140, 29, 163, 134, 159, 253]
T = [87693, 26302, 27298, 64109, 7503, 401934, 19501, 27188, 15493, 22198, 29902, 27006, 43999, 25603, 12404, 71098, 20697, 89105, 25687, 19904, 26405, 24803, 18696, 20502, 23992, 8596, 95701, 22709, 18897, 17496]
T2 = [16603, 11201, 87216, 67787, 202705, 13299, 900, 128781, 106304, 902, 77919, 6999, 72506, 7497, 17312, 16892, 8300, 17904, 65220, 1299, 37800, 68104, 112903, 207103, 64296, 13400, 74698, 60491, 72807, 115308]

id 30
F = [150, 14, 36, 52, 185, 215, 57, 11, 171, 37, 48, 43, 43, 124, 197, 145, 50, 44, 19, 47, 35, 51, 50, 117, 13, 36, 39, 43, 39, 43]
F2 = [137, 29, 359, 246, 17, 36, 90, 129, 14, 163, 469, 133, 242, 514, 15, 157, 93, 247, 169, 2, 255, 189, 89, 154, 33, 404, 255, 85, 172, 469]
T = [84612, 10297, 24293, 28809, 90699, 103301, 30405, 11100, 86989, 34103, 26298, 24006, 24897, 70599, 95289, 71417, 27796, 24402, 16999, 26002, 23305, 27896, 27205, 60492, 9196, 21697, 21910, 23596, 27710, 61103]
T2 = [60811, 13397, 161091, 108913, 7902, 15197, 40890, 59409, 6698, 76100, 201619, 60098, 108017, 213333, 6203, 72901, 42195, 118404, 77197, 897, 114488, 86096, 40594, 68712, 15792, 175397, 114394, 39597, 80015, 239983]

id 31
F = [42, 9, 41, 37, 35, 48, 130, 46, 179, 124, 48, 37, 33, 118, 41, 42, 13, 41, 141, 34, 40, 55, 11, 8, 220, 33, 118, 10, 206, 205]
F2 = [142, 22, 391, 134, 82, 83, 77, 179, 317, 149, 124, 376, 8, 379, 193, 141, 21, 448, 41, 264, 151, 180, 17, 22, 632, 14, 80, 28, 307, 31]
T = [22403, 7496, 28400, 19896, 23196, 25499, 111505, 32997, 86293, 76099, 28397, 24591, 18413, 57893, 24097, 23097, 10398, 22300, 100095, 30304, 21500, 32100, 8205, 8198, 105694, 19397, 103508, 8401, 103103, 98789]
T2 = [65603, 10101, 172217, 60311, 38294, 38485, 262907, 80801, 128409, 69506, 56505, 330443, 3803, 164304, 133999, 64992, 9499, 192995, 18601, 135197, 68903, 138586, 8298, 10799, 232714, 7094, 36898, 13495, 124397, 13396]

id 32
F = [18, 175, 215, 40, 18, 35, 50, 37, 12, 32, 33, 36, 14, 12, 176, 58, 130, 11, 30, 41, 37, 48, 43, 35, 43, 38, 14, 137, 31, 41]
F2 = [126, 12, 103, 15, 131, 156, 179, 541, 33, 114, 99, 480, 24, 136, 16, 87, 40, 145, 6, 14, 188, 130, 12, 139, 20, 143, 129, 41, 259, 130]
T = [12495, 85087, 117413, 21996, 27501, 20606, 27395, 23001, 9405, 20997, 19406, 21796, 16504, 10801, 84489, 31001, 69011, 10897, 21903, 22793, 22906, 26295, 24092, 23901, 23394, 24597, 12500, 66109, 27003, 23396]
T2 = [62496, 5806, 53200, 6803, 65406, 70084, 81490, 230824, 15896, 53493, 47691, 205327, 10706, 70899, 7599, 39906, 17796, 78006, 2902, 6599, 84902, 60697, 5504, 63890, 9800, 65005, 84194, 18507, 159891, 59795]

id 33
F = [50, 320, 128, 38, 186, 176, 135, 34, 36, 163, 33, 48, 143, 48, 41, 29, 11, 39, 38, 40, 43, 38, 50, 36, 201, 12, 30, 143, 448, 167]
F2 = [10, 34, 17, 469, 216, 114, 41, 133, 17, 8, 108, 163, 341, 154, 184, 6, 461, 14, 250, 429, 454, 370, 18, 369, 599, 30, 162, 84, 333, 295]
T = [25900, 237323, 64694, 22902, 110895, 84831, 70501, 21493, 21295, 90807, 19897, 27104, 76905, 26596, 45502, 16902, 7899, 39004, 20497, 28001, 23104, 22900, 26901, 20302, 98013, 8901, 16906, 69111, 208485, 89619]
T2 = [4295, 19502, 7703, 203203, 96603, 52995, 18604, 61908, 7803, 3700, 50898, 74098, 142900, 67608, 94275, 2701, 218621, 6196, 120693, 188284, 199525, 161617, 9208, 159922, 228315, 13802, 75207, 37099, 118812, 168224]

id 34
F = [49, 40, 36, 14, 9, 54, 26, 53, 13, 7, 35, 37, 40, 42, 11, 182, 60, 40, 41, 28, 68, 131, 29, 40, 140, 147, 272, 34, 43, 39]
F2 = [88, 152, 154, 455, 127, 87, 249, 255, 477, 30, 91, 191, 14, 246, 25, 104, 244, 172, 19, 231, 99, 149, 454, 2, 43, 367, 223, 188, 14, 2]
T = [26201, 22095, 20502, 14803, 7198, 30498, 16095, 29203, 9900, 7199, 19296, 21402, 22891, 23097, 8501, 86195, 31900, 23198, 26102, 20799, 36103, 64110, 27199, 24603, 69889, 71992, 129495, 19797, 24296, 23512]
T2 = [40003, 71380, 69899, 194602, 58802, 40815, 113906, 114661, 210167, 13708, 41796, 87785, 6495, 112393, 11798, 50314, 106899, 81195, 8803, 103490, 50500, 66686, 334031, 901, 19795, 155589, 91128, 85794, 6107, 900]

id 35
F = [138, 46, 142, 186, 41, 194, 13, 11, 41, 133, 34, 13, 32, 38, 47, 46, 37, 41, 282, 36, 11, 41, 409, 220, 57, 193, 36, 42, 134, 44]
F2 = [21, 2, 118, 333, 137, 83, 369, 23, 250, 83, 12, 29, 13, 147, 16, 146, 181, 77, 73, 3, 32, 21, 77, 519, 143, 333, 15, 138, 32, 144]
T = [71197, 25196, 68100, 87479, 24195, 92993, 11900, 9598, 23096, 64296, 28400, 9000, 20895, 22109, 26198, 27988, 20597, 22700, 143012, 22503, 8104, 22201, 264321, 102795, 32595, 90788, 21592, 23103, 65712, 24412]
T2 = [9201, 1000, 51608, 133297, 61409, 39692, 162198, 10404, 111697, 36207, 5402, 13909, 6099, 67906, 7500, 65199, 81384, 34692, 31111, 1399, 14600, 9290, 40095, 202187, 65096, 136797, 7100, 63809, 14203, 65314]

id 36
F = [188, 137, 32, 142, 43, 39, 33, 45, 43, 275, 14, 42, 11, 128, 37, 191, 45, 41, 68, 32, 13, 29, 140, 7, 154, 137, 35, 12, 14, 13]
F2 = [15, 79, 152, 301, 267, 466, 251, 178, 184, 222, 24, 4, 27, 19, 88, 451, 666, 237, 87, 186, 142, 178, 79, 27, 156, 38, 258, 17, 27, 24]
T = [127985, 66414, 20891, 68098, 27597, 23200, 21599, 24604, 25100, 146787, 19802, 26100, 9202, 84413, 25302, 92698, 24697, 25697, 38099, 23597, 9697, 17100, 71493, 6600, 82103, 66404, 20803, 8796, 13100, 11800]
T2 = [10900, 36298, 69591, 135825, 129086, 197113, 124093, 82288, 83294, 136096, 12997, 1998, 12499, 9099, 44508, 212999, 268389, 111667, 50501, 86776, 65612, 81992, 35794, 12502, 68499, 16800, 117118, 8005, 12292, 11100]

id 37
F = [44, 140, 34, 36, 14, 44, 13, 28, 301, 33, 11, 33, 42, 223, 111, 34, 10, 41, 119, 47, 36, 140, 133, 48, 206, 41, 40, 41, 39, 189]
F2 = [176, 18, 183, 237, 32, 17, 32, 184, 488, 112, 27, 12, 3, 103, 14, 177, 467, 16, 22, 230, 399, 40, 276, 17, 231, 425, 16, 134, 167, 28]
T = [24204, 69508, 22804, 20898, 9798, 24400, 10700, 20998, 149788, 22506, 9104, 23096, 23092, 108401, 56001, 20302, 7300, 24504, 57608, 30211, 21100, 68696, 67307, 26804, 97911, 21602, 22204, 25199, 22496, 93781]
T2 = [81092, 7898, 99601, 106877, 14401, 8099, 14900, 136103, 189623, 51306, 13500, 5404, 1398, 44102, 6498, 84302, 203698, 7598, 10199, 111886, 192004, 17107, 122782, 7600, 105804, 215819, 7403, 65000, 74788, 12002]

id 38
F = [36, 17, 45, 144, 56, 34, 16, 145, 17, 36, 47, 9, 8, 9, 141, 51, 57, 125, 34, 45, 139, 321, 13, 34, 38, 282, 431, 131, 52, 141]
F2 = [139, 32, 173, 80, 152, 249, 28, 240, 25, 250, 95, 501, 143, 32, 37, 85, 201, 172, 245, 144, 84, 33, 25, 11, 4, 9, 49, 147, 12, 341]
T = [25700, 12699, 25404, 69405, 32302, 21991, 11505, 72986, 12405, 21204, 30507, 7300, 9799, 9899, 67901, 27804, 30095, 63693, 19101, 33705, 68508, 152810, 12296, 33296, 21006, 136477, 192586, 68110, 28900, 72510]
T2 = [71708, 15193, 77601, 35295, 68892, 124714, 13400, 106005, 11701, 112720, 43916, 219817, 66098, 14903, 16598, 37791, 90289, 76207, 110605, 65596, 36694, 14003, 13504, 4602, 2001, 4500, 17798, 65891, 5701, 150016]

id 39
F = [40, 51, 32, 233, 193, 191, 34, 126, 56, 36, 9, 15, 33, 40, 35, 32, 203, 10, 41, 35, 32, 40, 37, 174, 32, 46, 43, 121, 222, 277]
F2 = [342, 442, 120, 92, 91, 14, 193, 21, 792, 149, 28, 477, 251, 413, 9, 171, 99, 144, 90, 129, 173, 2, 85, 16, 98, 325, 19, 143, 147, 27]
T = [22696, 30494, 19801, 131397, 95615, 96213, 21098, 61204, 32903, 22502, 7701, 25098, 19300, 30505, 29701, 18704, 94900, 8901, 39093, 22698, 23497, 24002, 22598, 90397, 18800, 26404, 24095, 58210, 113586, 134370]
T2 = [151800, 233912, 54999, 45111, 42208, 6305, 86895, 9303, 309195, 68117, 12597, 233394, 112296, 738404, 4098, 76900, 43192, 65196, 49706, 61100, 78476, 1000, 43697, 7498, 43601, 143125, 8696, 62695, 63796, 11800]

id 40
F = [41, 36, 281, 30, 14, 129, 200, 215, 44, 12, 134, 65, 42, 264, 42, 40, 205, 40, 156, 189, 46, 40, 31, 39, 40, 140, 131, 33, 36, 42]
F2 = [254, 14, 327, 242, 209, 126, 233, 263, 143, 27, 158, 90, 17, 25, 82, 246, 234, 22, 87, 316, 97, 17, 8, 134, 468, 500, 275, 260, 266, 79]
T = [177907, 20198, 129978, 19405, 15197, 64288, 97580, 109210, 23894, 16002, 64300, 34685, 50904, 125820, 23600, 29305, 96993, 22598, 78301, 92379, 27304, 23005, 18297, 30601, 23904, 67993, 64702, 33402, 21695, 29098]
T2 = [114076, 6500, 128584, 110614, 98086, 54901, 97603, 112088, 63301, 13095, 78000, 41618, 7603, 10902, 38696, 111417, 97213, 10693, 47592, 133995, 44700, 8198, 3704, 61295, 207816, 206478, 126389, 123887, 118305, 42903]

id 41
F = [14, 130, 63, 13, 11, 116, 14, 60, 38, 37, 50, 15, 52, 270, 177, 62, 36, 35, 37, 13, 38, 48, 12, 12, 11, 187, 132, 37, 40, 60]
F2 = [147, 15, 270, 27, 30, 183, 16, 150, 20, 154, 102, 202, 2, 246, 311, 97, 90, 91, 12, 138, 154, 187, 182, 737, 139, 107, 41, 464, 169, 141]
T = [9299, 65710, 43101, 9601, 8403, 60493, 10098, 32803, 21398, 20900, 26299, 11296, 28903, 183393, 85404, 33201, 21001, 25898, 25701, 11001, 24107, 25690, 11701, 13703, 9395, 88904, 66391, 27103, 24004, 35505]
T2 = [67495, 7001, 120208, 12597, 14199, 79205, 7495, 67697, 9700, 70790, 46907, 93006, 801, 110204, 129889, 51203, 39703, 45908, 5796, 63791, 70717, 85210, 96301, 300486, 64203, 46104, 18396, 201983, 76602, 68795]

id 42
F = [14, 145, 182, 42, 48, 37, 125, 147, 31, 47, 17, 45, 13, 41, 38, 34, 55, 11, 143, 38, 9, 318, 19, 31, 154, 63, 177, 143, 40, 30]
F2 = [21, 39, 18, 13, 153, 20, 371, 82, 469, 15, 124, 139, 492, 139, 18, 2, 137, 316, 226, 250, 41, 201, 144, 121, 84, 83, 141, 316, 180, 9]
T = [10497, 120293, 89293, 22394, 25008, 20996, 76197, 92807, 18005, 26303, 39198, 29297, 9895, 23907, 22496, 20101, 28502, 9395, 92810, 24299, 8200, 146199, 13203, 23298, 76605, 33403, 84488, 69716, 23407, 17008]
T2 = [9992, 21601, 7697, 6196, 68983, 8998, 181496, 42407, 201907, 6695, 59311, 64216, 221286, 63801, 7998, 900, 62911, 160611, 101087, 124521, 18801, 79906, 66605, 54507, 45593, 38102, 62311, 134391, 106699, 4402]

id 43
F = [270, 366, 493, 69, 44, 42, 40, 152, 128, 10, 143, 28, 38, 130, 36, 12, 7, 38, 35, 46, 174, 14, 40, 11, 10, 37, 39, 13, 65, 45]
F2 = [239, 15, 11, 142, 175, 199, 2, 150, 93, 26, 39, 16, 127, 350, 11, 116, 171, 11, 451, 371, 141, 29, 11, 31, 124, 361, 150, 133, 151, 439]
T = [126617, 167812, 265330, 35404, 27410, 24188, 23404, 74506, 63002, 10101, 74807, 19297, 24804, 63809, 21401, 11302, 7598, 21898, 20600, 28607, 102689, 10701, 21794, 9396, 11598, 20691, 23896, 9900, 34594, 23905]
T2 = [98083, 6303, 5098, 64103, 78490, 89104, 999, 65984, 41411, 11706, 17500, 8597, 84900, 148501, 5396, 54505, 82113, 5298, 195611, 163783, 62105, 12996, 5299, 15003, 58687, 159997, 67898, 60899, 69399, 187325]

id 44
F = [120, 13, 53, 39, 132, 153, 35, 18, 197, 35, 136, 14, 33, 14, 193, 147, 19, 38, 113, 41, 45, 209, 40, 44, 55, 11, 162, 125, 45, 196]
F2 = [64, 135, 190, 102, 78, 388, 309, 131, 28, 87, 37, 477, 109, 22, 314, 165, 842, 146, 20, 83, 171, 430, 195, 196, 140, 30, 161, 192, 5, 26]
T = [58587, 9004, 28199, 25601, 94606, 74201, 20400, 14899, 97188, 24590, 65501, 11701, 26799, 10804, 99489, 75399, 14401, 21894, 59692, 21798, 27095, 127589, 22202, 32694, 29190, 10495, 79508, 65205, 26086, 97205]
T2 = [28198, 64900, 85400, 46694, 35587, 161610, 159497, 58981, 89101, 44701, 16996, 236911, 76704, 10396, 140038, 100509, 333504, 66303, 9300, 38408, 79005, 224590, 90091, 87292, 63893, 13605, 68503, 83017, 2599, 11101]

id 45
F = [35, 42, 35, 35, 160, 148, 177, 37, 215, 11, 46, 11, 32, 43, 58, 50, 31, 186, 137, 33, 12, 62, 14, 45, 40, 9, 9, 41, 155, 40]
F2 = [97, 16, 185, 143, 39, 129, 150, 243, 308, 28, 156, 19, 133, 154, 83, 85, 24, 301, 440, 9, 36, 94, 177, 91, 465, 33, 38, 381, 140, 137]
T = [22896, 23804, 20802, 21194, 88075, 94714, 84975, 23401, 105197, 8597, 27002, 8502, 19101, 27199, 30093, 29298, 17007, 91699, 79697, 21098, 10203, 33009, 20694, 32003, 26709, 7899, 8901, 32494, 80101, 21808]
T2 = [44196, 7302, 84696, 73607, 16592, 65488, 64096, 111610, 126399, 13300, 72188, 9200, 60712, 74903, 37599, 38796, 11108, 127909, 191613, 4499, 23206, 43392, 83200, 50187, 210698, 15703, 18200, 377327, 66095, 61592]

id 46
F = [191, 17, 11, 13, 55, 205, 49, 279, 14, 47, 318, 32, 37, 55, 41, 13, 57, 32, 190, 136, 9, 40, 43, 189, 11, 43, 34, 43, 32, 42]
F2 = [129, 466, 140, 25, 103, 170, 232, 521, 135, 106, 324, 336, 139, 148, 100, 25, 93, 2, 236, 78, 38, 98, 130, 698, 118, 170, 391, 458, 12, 2]
T = [93894, 13898, 8901, 10201, 35212, 97282, 28602, 129686, 9700, 26196, 146608, 19596, 26498, 31591, 33105, 9497, 31303, 18301, 90918, 67183, 8101, 21501, 23802, 88788, 10500, 25897, 21700, 24001, 19699, 24799]
T2 = [58292, 204429, 64687, 12298, 74703, 86508, 106317, 195490, 70691, 47591, 126891, 153412, 63415, 75695, 45706, 11703, 42301, 897, 101013, 34605, 17608, 45099, 61200, 259744, 54598, 87004, 170983, 197296, 5597, 800]

id 47
F = [267, 268, 188, 130, 10, 178, 17, 45, 46, 311, 33, 47, 10, 8, 186, 10, 36, 138, 181, 48, 29, 46, 58, 13, 10, 28, 40, 12, 28, 51]
F2 = [6, 159, 666, 141, 137, 140, 25, 163, 574, 131, 188, 78, 143, 288, 130, 27, 139, 34, 313, 11, 8, 196, 85, 24, 20, 456, 15, 512, 240, 783]
T = [128984, 275194, 107190, 63408, 8201, 84098, 12103, 25203, 24998, 143511, 21096, 26706, 9700, 8400, 88695, 9700, 20903, 66183, 95388, 25700, 16998, 30007, 31699, 11902, 8601, 18299, 22296, 17100, 21692, 29001]
T2 = [3000, 65397, 283004, 62308, 62793, 61798, 11896, 74190, 238192, 54007, 85287, 35301, 67107, 284506, 57606, 12701, 68601, 15500, 128882, 4700, 3699, 96596, 43400, 10898, 9597, 209114, 7198, 221787, 112088, 424594]

id 48
F = [139, 42, 145, 169, 40, 9, 35, 130, 27, 40, 13, 44, 142, 34, 30, 149, 157, 40, 147, 136, 8, 196, 61, 13, 9, 28, 13, 16, 234, 30]
F2 = [35, 255, 355, 17, 179, 24, 399, 376, 102, 396, 31, 16, 39, 568, 120, 36, 40, 144, 134, 350, 25, 32, 92, 175, 216, 34, 25, 30, 130, 407]
T = [75315, 26100, 70300, 85210, 22689, 9602, 19996, 72790, 21901, 23591, 12796, 24986, 73701, 20396, 21900, 79197, 98817, 23302, 78007, 66210, 7900, 93699, 33198, 13096, 7399, 19097, 15502, 11302, 120404, 17004]
T2 = [16895, 112404, 147291, 7902, 80095, 12405, 191608, 158034, 55601, 180822, 15597, 7599, 18006, 249888, 62102, 16909, 20396, 65309, 59103, 163108, 12602, 13996, 42893, 98708, 99810, 30097, 13201, 14308, 56897, 181085]

id 49
F = [184, 47, 46, 30, 8, 188, 37, 31, 8, 57, 32, 36, 9, 49, 40, 42, 129, 34, 35, 12, 126, 191, 13, 36, 11, 15, 43, 15, 50, 8]
F2 = [12, 2, 250, 105, 17, 170, 2, 175, 132, 315, 88, 145, 144, 148, 231, 103, 192, 408, 2, 195, 138, 152, 122, 88, 316, 185, 81, 135, 275, 133]
T = [89584, 25200, 27104, 19092, 8001, 98294, 21098, 18102, 7800, 31800, 19492, 21204, 7901, 26199, 45200, 24210, 68528, 18896, 21911, 9399, 70005, 92929, 9100, 22292, 9997, 11098, 23699, 11197, 34687, 9401]
T2 = [5399, 999, 112606, 51096, 8503, 75908, 1000, 88994, 61574, 138398, 79011, 65600, 73806, 72493, 118679, 64700, 86502, 188611, 900, 87798, 72606, 62592, 59692, 48798, 146504, 86095, 38302, 60804, 121801, 60911]

id 50
F = [42, 132, 277, 290, 52, 9, 35, 9, 224, 478, 32, 33, 38, 45, 33, 35, 40, 14, 45, 139, 56, 129, 52, 277, 8, 266, 140, 35, 12, 63]
F2 = [381, 255, 458, 218, 139, 23, 147, 257, 258, 13, 291, 500, 380, 16, 260, 456, 89, 167, 250, 497, 149, 259, 158, 212, 32, 391, 513, 83, 29, 86]
T = [24800, 64079, 146204, 132572, 31704, 6703, 34301, 7201, 105707, 221212, 18602, 56803, 27109, 28501, 19895, 25598, 27309, 11201, 28896, 82695, 30200, 63001, 29203, 130113, 8303, 151279, 96912, 24099, 12701, 33196]
T2 = [167313, 109112, 200910, 87217, 68503, 11102, 92700, 126702, 108784, 4997, 126912, 490314, 168407, 9202, 132799, 234987, 44799, 81806, 124610, 233323, 85711, 123103, 76191, 87001, 14606, 153496, 219018, 41101, 13804, 39798]

id 51
F = [234, 46, 35, 41, 13, 12, 38, 143, 59, 35, 40, 41, 209, 45, 29, 18, 26, 52, 8, 181, 42, 39, 173, 37, 190, 35, 234, 34, 44, 36]
F2 = [625, 410, 15, 464, 34, 119, 19, 150, 7, 188, 152, 239, 25, 251, 248, 155, 139, 618, 129, 406, 156, 187, 136, 169, 129, 122, 270, 154, 96, 146]
T = [112792, 27699, 20805, 28797, 11303, 9197, 24599, 77978, 33292, 22803, 21304, 25100, 103990, 25500, 19202, 12101, 24799, 28694, 55902, 86882, 28305, 24800, 82907, 21797, 95308, 19805, 118711, 20198, 30598, 29506]
T2 = [241122, 205113, 7302, 208688, 15602, 54806, 9105, 66806, 3203, 96323, 71801, 128585, 11103, 113281, 110717, 70497, 76488, 268302, 68524, 166722, 88898, 90402, 57997, 76397, 55600, 55414, 134899, 71889, 44509, 123506]

id 52
F = [330, 46, 43, 38, 39, 38, 11, 60, 233, 14, 14, 31, 36, 40, 38, 149, 10, 13, 35, 137, 53, 194, 154, 16, 29, 155, 38, 11, 39, 32]
F2 = [128, 799, 9, 16, 101, 15, 319, 152, 31, 173, 28, 479, 368, 157, 15, 483, 136, 24, 183, 67, 268, 100, 350, 132, 186, 86, 454, 24, 139, 139]
T = [156501, 25398, 24896, 20900, 31097, 25898, 9499, 35599, 115010, 11296, 9902, 17809, 20203, 27302, 21102, 73201, 7600, 10198, 21897, 95891, 33299, 94888, 80009, 11397, 17799, 82699, 22103, 8300, 28696, 25801]
T2 = [57507, 334851, 4201, 7301, 47609, 7902, 179103, 75603, 13995, 79693, 12697, 232001, 165728, 76310, 7000, 205494, 69591, 11301, 92715, 40292, 122191, 43697, 144499, 61203, 92898, 38516, 279285, 11403, 69109, 73407]

id 53
F = [158, 192, 38, 33, 217, 41, 50, 10, 8, 16, 266, 214, 42, 41, 15, 128, 38, 35, 38, 219, 189, 52, 54, 142, 151, 50, 15, 34, 48, 38]
F2 = [35, 310, 237, 535, 247, 140, 76, 190, 28, 25, 216, 98, 398, 81, 141, 298, 323, 144, 15, 36, 327, 158, 578, 303, 37, 131, 30, 6, 430, 378]
T = [77092, 96807, 23405, 19201, 101890, 40994, 26903, 9999, 8695, 22898, 126586, 100196, 24804, 22894, 13696, 62106, 22404, 18792, 21900, 112985, 97708, 27707, 30596, 68503, 85101, 26401, 13797, 26811, 26200, 22204]
T2 = [15889, 129979, 147694, 230405, 103700, 71506, 35401, 90417, 13399, 12297, 89297, 44907, 172027, 36900, 71586, 166136, 140617, 66683, 6698, 16700, 135001, 70210, 239382, 127683, 16308, 59694, 13600, 3000, 178971, 162708]

id 54
F = [56, 182, 41, 132, 38, 140, 38, 27, 11, 33, 311, 10, 40, 33, 42, 13, 141, 15, 28, 178, 132, 118, 42, 15, 39, 18, 11, 128, 140, 51]
F2 = [92, 30, 181, 23, 248, 88, 183, 9, 35, 251, 102, 36, 19, 246, 91, 303, 43, 22, 12, 561, 142, 13, 86, 31, 15, 129, 25, 15, 287, 230]
T = [34901, 133122, 23890, 99281, 21893, 70498, 21891, 17001, 14493, 21709, 139703, 7897, 28895, 19500, 22888, 12196, 75497, 11296, 18402, 85113, 64409, 56512, 24094, 10902, 28707, 15599, 12201, 63107, 68792, 32200]
T2 = [87291, 14602, 82411, 13088, 112111, 39500, 84288, 4300, 21494, 114095, 43483, 16901, 8801, 109610, 42798, 142318, 19199, 10607, 5807, 222705, 62492, 6005, 40292, 14400, 7499, 66203, 13607, 7190, 134207, 116900]

id 55
F = [275, 28, 11, 8, 32, 12, 36, 137, 9, 52, 45, 303, 12, 173, 143, 10, 13, 137, 36, 32, 147, 36, 46, 13, 40, 17, 37, 16, 32, 268]
F2 = [216, 166, 135, 192, 492, 29, 441, 147, 32, 313, 138, 33, 149, 100, 74, 191, 30, 37, 461, 144, 82, 16, 286, 181, 2, 193, 6, 24, 15, 139]
T = [130600, 48706, 9494, 8297, 19701, 8803, 19902, 69698, 10500, 28488, 27905, 141162, 9502, 83016, 70982, 13101, 13799, 66394, 63295, 35598, 73901, 20096, 25501, 12400, 22095, 12802, 23504, 9406, 19702, 129899]
T2 = [86902, 75505, 63805, 87207, 212986, 14101, 190981, 66904, 16598, 138109, 63917, 14114, 73506, 43201, 35104, 113718, 13699, 16307, 300171, 86876, 34204, 7303, 129610, 105204, 1000, 87522, 2900, 11796, 7001, 58791]

id 56
F = [236, 32, 13, 207, 8, 56, 27, 13, 39, 52, 126, 13, 13, 46, 10, 39, 10, 44, 289, 48, 39, 11, 11, 39, 8, 39, 63, 131, 34, 43]
F2 = [614, 13, 514, 26, 126, 479, 97, 30, 256, 267, 24, 137, 140, 158, 810, 291, 130, 16, 224, 184, 455, 122, 144, 90, 24, 166, 79, 35, 235, 154]
T = [112182, 19398, 9099, 99105, 7701, 30405, 14894, 12402, 22598, 28703, 87903, 9901, 11300, 27895, 12904, 25210, 7899, 24299, 137210, 31597, 21201, 11300, 8395, 23793, 6799, 22104, 32389, 63903, 20107, 24604]
T2 = [231319, 6000, 219900, 10604, 73897, 203694, 44585, 14108, 117608, 118086, 11197, 63798, 64596, 70721, 348611, 133113, 58909, 7592, 91615, 88990, 193468, 56404, 65806, 47690, 11398, 77306, 36704, 15899, 105622, 72594]

id 57
F = [47, 38, 53, 51, 45, 14, 42, 184, 45, 9, 41, 40, 138, 52, 44, 325, 16, 34, 13, 147, 174, 142, 497, 43, 35, 12, 42, 39, 43, 40]
F2 = [264, 129, 262, 252, 130, 143, 3, 316, 242, 139, 566, 4, 264, 87, 15, 105, 34, 155, 25, 259, 13, 65, 8, 94, 2, 284, 2, 261, 250, 246]
T = [26411, 21201, 32103, 27900, 27099, 13794, 27302, 89916, 27201, 8802, 32800, 23602, 124705, 30908, 25509, 165790, 22505, 20597, 12697, 70499, 86604, 68793, 230301, 25203, 21211, 16195, 23503, 21295, 23500, 22397]
T2 = [121912, 66302, 117628, 119912, 61206, 65898, 1301, 135125, 155816, 64299, 243601, 1902, 133022, 52391, 7099, 43888, 16088, 69199, 14200, 112490, 5698, 29494, 3499, 43994, 801, 140394, 999, 116710, 116402, 123299]

id 58
F = [45, 44, 143, 34, 41, 43, 11, 45, 178, 11, 192, 143, 177, 263, 16, 273, 70, 140, 17, 216, 39, 40, 193, 11, 139, 42, 139, 8, 130, 44]
F2 = [82, 367, 158, 11, 158, 172, 203, 136, 356, 37, 28, 160, 17, 258, 28, 226, 210, 357, 32, 604, 12, 144, 32, 32, 306, 152, 40, 35, 194, 91]
T = [25303, 31101, 72101, 20507, 27007, 23212, 10897, 146901, 84791, 15902, 92115, 73108, 83901, 134984, 11806, 128075, 36494, 69003, 11799, 105190, 23392, 26099, 94710, 14799, 68613, 29404, 72091, 8402, 64994, 25604]
T2 = [37501, 159981, 69301, 5396, 71320, 76084, 111099, 113207, 147799, 17295, 12298, 71912, 12798, 109613, 13001, 93881, 98429, 148481, 15095, 226107, 5602, 65381, 14401, 15202, 188882, 73392, 18801, 40095, 86400, 42701]

id 59
F = [221, 11, 49, 292, 49, 134, 43, 44, 37, 33, 9, 41, 184, 10, 489, 42, 12, 151, 152, 51, 30, 43, 57, 41, 33, 19, 39, 28, 35, 48]
F2 = [285, 135, 84, 76, 174, 30, 483, 242, 458, 158, 26, 480, 95, 136, 321, 145, 125, 45, 41, 134, 254, 253, 78, 16, 579, 30, 2, 66, 84, 15]
T = [115093, 8698, 57404, 139204, 26604, 66896, 27791, 25401, 22106, 20206, 10700, 22799, 92921, 7402, 277103, 25998, 13803, 82001, 74911, 51995, 17407, 24093, 30500, 23000, 19402, 12302, 23104, 15400, 20297, 35793]
T2 = [127619, 61297, 45407, 31695, 77878, 13702, 228369, 107599, 198506, 71515, 12406, 208992, 41605, 62795, 118876, 65097, 57500, 19896, 17801, 60291, 116983, 114136, 34803, 7599, 317354, 14398, 1001, 30008, 37803, 7202]

id 60
F = [8, 13, 33, 56, 152, 66, 8, 189, 12, 140, 190, 7, 148, 33, 143, 181, 154, 15, 41, 192, 41, 141, 6, 44, 197, 32, 224, 48, 38, 33]
F2 = [35, 35, 107, 97, 82, 431, 306, 289, 327, 140, 93, 136, 81, 238, 42, 310, 44, 134, 2, 12, 106, 73, 127, 85, 219, 16, 287, 97, 144, 227]
T = [6499, 15904, 25394, 31116, 74087, 35996, 14999, 88706, 9401, 69699, 90884, 6595, 73104, 21401, 72786, 85506, 95396, 11998, 23796, 102810, 22996, 70812, 6197, 25490, 93706, 18700, 103105, 26705, 22601, 18298]
T2 = [16707, 18596, 48716, 47401, 37203, 181696, 137400, 119888, 150495, 62483, 40612, 62801, 35602, 108189, 19003, 126662, 21494, 72714, 900, 5502, 48284, 32898, 57802, 39185, 106898, 7601, 120302, 44501, 65308, 105306]

id 61
F = [41, 232, 150, 10, 58, 52, 13, 191, 8, 35, 42, 11, 150, 53, 142, 325, 180, 48, 38, 42, 37, 30, 10, 16, 188, 10, 32, 42, 12, 236]
F2 = [12, 551, 140, 473, 95, 266, 28, 33, 129, 88, 11, 177, 85, 95, 42, 111, 15, 129, 10, 154, 470, 13, 38, 133, 89, 27, 187, 110, 191, 426]
T = [23103, 118191, 72198, 9500, 32601, 28001, 11903, 90912, 7302, 23300, 24806, 9203, 78706, 27704, 79012, 147400, 98288, 26099, 35301, 26901, 21102, 17896, 7797, 12199, 92104, 10299, 18499, 25602, 10002, 109518]
T2 = [8500, 204817, 62497, 206701, 43506, 120308, 13303, 14808, 60597, 39400, 5102, 82681, 37994, 43790, 19399, 46106, 6498, 59710, 9998, 69118, 204599, 5896, 17310, 61778, 39394, 20102, 85112, 51014, 87200, 170791]

id 62
F = [231, 181, 10, 187, 10, 34, 43, 9, 36, 51, 35, 190, 32, 39, 47, 214, 39, 39, 35, 38, 39, 36, 32, 40, 42, 16, 187, 36, 14, 64]
F2 = [278, 18, 24, 81, 342, 183, 485, 26, 462, 14, 240, 144, 91, 191, 19, 97, 13, 142, 33, 182, 106, 137, 394, 13, 158, 336, 311, 9, 140, 481]
T = [106903, 88422, 8200, 127791, 7600, 26102, 31999, 8299, 30695, 26609, 23002, 144303, 19099, 111501, 26598, 106610, 24299, 21595, 20494, 23098, 23500, 21496, 18302, 23291, 26111, 11402, 92396, 20801, 16398, 40007]
T2 = [114496, 8003, 11203, 41702, 152322, 84799, 241475, 12405, 196816, 6600, 106418, 75714, 42110, 90178, 8703, 42508, 6000, 64907, 15303, 82600, 49210, 62994, 170942, 6099, 71110, 149025, 149187, 4703, 64398, 202729]

id 63
F = [12, 198, 36, 10, 21, 42, 39, 41, 33, 53, 43, 116, 40, 13, 212, 7, 234, 31, 40, 33, 65, 45, 55, 122, 143, 39, 143, 8, 122, 30]
F2 = [30, 79, 572, 183, 193, 19, 549, 16, 15, 320, 146, 73, 84, 26, 25, 144, 59, 133, 81, 79, 93, 128, 111, 386, 141, 461, 168, 134, 300, 16]
T = [11805, 110690, 23093, 9803, 23294, 39401, 22400, 23002, 27203, 28690, 55295, 57513, 23505, 8801, 118284, 6997, 109898, 25001, 24393, 20002, 36403, 25204, 30997, 58498, 71792, 25198, 69391, 17496, 61795, 17900]
T2 = [13798, 34508, 250414, 86776, 98197, 8995, 232688, 7395, 7598, 173382, 65508, 33403, 46704, 11905, 14300, 66497, 25904, 64891, 38894, 38002, 45399, 58405, 50005, 163989, 61900, 224689, 71807, 69396, 128305, 7697]

id 64
F = [36, 34, 39, 35, 9, 38, 12, 224, 31, 117, 50, 62, 19, 35, 16, 13, 192, 31, 43, 13, 45, 32, 29, 34, 26, 124, 43, 144, 36, 218]
F2 = [12, 20, 237, 474, 131, 243, 28, 65, 2, 19, 154, 103, 19, 479, 324, 28, 82, 183, 450, 147, 85, 330, 5, 273, 11, 20, 149, 139, 153, 88]
T = [20600, 24201, 22596, 21311, 14103, 21504, 9606, 105003, 21095, 58303, 36189, 33790, 13204, 21896, 10700, 12397, 90683, 21099, 26391, 10498, 24694, 18700, 20612, 31400, 18800, 80704, 23401, 73796, 21202, 103786]
T2 = [5402, 9498, 112013, 207989, 70590, 109110, 15700, 28096, 1002, 8100, 96902, 46699, 10697, 208022, 142602, 19498, 36410, 84710, 194231, 70592, 42303, 145905, 2397, 156895, 5100, 8899, 70285, 60811, 69692, 37812]

id 65
F = [144, 44, 180, 134, 37, 136, 54, 202, 224, 31, 20, 143, 140, 12, 19, 279, 187, 41, 16, 28, 45, 183, 39, 43, 10, 17, 198, 38, 38, 8]
F2 = [392, 21, 299, 141, 12, 41, 87, 93, 279, 463, 199, 41, 88, 29, 31, 200, 662, 415, 22, 136, 2, 15, 13, 3, 190, 324, 105, 144, 231, 136]
T = [70391, 24406, 94692, 66992, 24495, 69297, 41996, 104105, 110491, 17799, 14204, 71090, 75898, 9101, 12095, 131081, 89407, 23499, 10899, 17306, 58700, 86298, 23707, 25703, 10699, 10701, 94505, 28203, 20708, 7603]
T2 = [160299, 10207, 154611, 63004, 5497, 18304, 58698, 44107, 115804, 196690, 91595, 18399, 41399, 13701, 14902, 82694, 250401, 186411, 10603, 62695, 999, 6096, 5900, 1402, 87102, 145101, 48404, 66197, 105098, 64002]

id 66
F = [186, 38, 44, 179, 45, 10, 132, 30, 35, 35, 7, 146, 175, 41, 38, 201, 141, 27, 151, 31, 38, 30, 46, 10, 12, 41, 39, 41, 44, 134]
F2 = [318, 173, 146, 185, 136, 487, 259, 15, 22, 162, 329, 45, 290, 270, 325, 176, 41, 196, 40, 18, 2, 360, 192, 24, 310, 248, 268, 142, 151, 60]
T = [88600, 20803, 25503, 84812, 24501, 7498, 66096, 21391, 26104, 20204, 11795, 73895, 87903, 22901, 21705, 95092, 68900, 17194, 71902, 20897, 22012, 17600, 25105, 9495, 9597, 22401, 25996, 23913, 25600, 68393]
T2 = [129697, 79304, 65810, 80294, 62402, 213183, 112718, 7098, 10699, 74383, 146689, 20295, 136393, 120813, 144782, 75498, 18201, 88166, 22210, 9103, 901, 156910, 86399, 11599, 138308, 111694, 129217, 64899, 68906, 26602]

id 67
F = [120, 16, 274, 44, 200, 128, 35, 146, 32, 13, 38, 44, 41, 37, 133, 35, 34, 12, 16, 51, 308, 35, 40, 41, 132, 47, 141, 23, 183, 141]
F2 = [201, 37, 148, 483, 327, 303, 21, 164, 95, 34, 156, 199, 6, 157, 17, 149, 2, 24, 26, 93, 216, 143, 125, 103, 294, 155, 34, 124, 12, 75]
T = [61597, 10797, 124796, 23500, 100524, 62201, 21792, 118986, 18394, 9798, 22305, 30402, 24302, 27007, 74120, 22899, 27806, 9303, 12504, 28301, 143795, 21498, 24492, 22508, 67693, 29898, 70299, 14006, 106205, 71287]
T2 = [90494, 17198, 62609, 204593, 136124, 130398, 10303, 84396, 60508, 15401, 89400, 151889, 2799, 88795, 12296, 71501, 998, 11401, 12601, 43398, 85693, 68913, 57495, 47389, 183002, 70098, 15495, 57798, 5504, 33606]

id 68
F = [147, 33, 37, 42, 243, 40, 68, 55, 61, 35, 42, 9, 51, 38, 41, 38, 181, 46, 16, 286, 42, 60, 37, 12, 33, 43, 144, 16, 39, 118]
F2 = [39, 17, 247, 137, 142, 182, 87, 441, 160, 2, 485, 135, 86, 144, 23, 140, 155, 244, 25, 227, 144, 447, 259, 128, 172, 235, 146, 30, 17, 386]
T = [97899, 18596, 25408, 25894, 114415, 22403, 38002, 28998, 33905, 21302, 23097, 9602, 29198, 22802, 28388, 25804, 101087, 34695, 11197, 134503, 27597, 33195, 19996, 8405, 22995, 24293, 73009, 10809, 55805, 58600]
T2 = [17001, 7601, 108907, 66794, 61796, 83605, 40403, 205809, 72912, 1000, 211596, 60823, 39801, 64488, 10700, 76520, 67000, 116003, 11904, 92503, 66808, 189498, 115781, 59001, 79511, 122411, 66294, 14101, 8101, 164989]

id 69
F = [38, 12, 37, 40, 35, 16, 37, 173, 11, 161, 56, 50, 7, 7, 139, 136, 44, 45, 145, 44, 14, 143, 17, 218, 37, 198, 149, 12, 31, 185]
F2 = [372, 183, 7, 3, 21, 124, 430, 17, 31, 47, 81, 86, 445, 29, 364, 18, 176, 244, 39, 373, 34, 81, 143, 261, 175, 335, 41, 141, 16, 33]
T = [20497, 10103, 22705, 22997, 19997, 10508, 25700, 84201, 8698, 87004, 29895, 31204, 7502, 5900, 68204, 66407, 27401, 23700, 84096, 24302, 11003, 71895, 11001, 115690, 21102, 92714, 80397, 10004, 29991, 96890]
T2 = [161008, 104603, 3398, 1401, 9806, 56287, 194162, 7694, 14601, 22899, 38812, 39095, 193679, 13695, 152012, 8098, 93783, 108786, 18303, 163927, 15703, 36197, 66393, 110509, 89899, 139196, 18394, 65313, 7597, 17704]

id 70
F = [38, 50, 48, 29, 170, 146, 227, 39, 320, 46, 39, 9, 43, 274, 41, 16, 13, 33, 38, 37, 45, 174, 11, 43, 8, 40, 15, 12, 180, 55]
F2 = [16, 354, 15, 6, 101, 41, 148, 170, 285, 14, 153, 28, 247, 225, 211, 126, 31, 141, 12, 238, 180, 75, 25, 76, 139, 138, 27, 310, 123, 153]
T = [27698, 27294, 26797, 16402, 83485, 78907, 105979, 23593, 144493, 27309, 21399, 10798, 23998, 143417, 25992, 12200, 13004, 18495, 23498, 22198, 25399, 148100, 8296, 26097, 6504, 24498, 9905, 9205, 90713, 29299]
T2 = [7698, 159607, 7002, 2801, 47492, 18611, 63800, 79893, 119496, 6403, 70097, 13098, 111814, 125128, 177673, 58893, 14807, 64900, 5600, 109387, 82488, 33896, 11606, 35103, 63102, 108796, 12400, 139720, 52182, 69114]

id 71
F = [30, 206, 151, 190, 47, 8, 45, 12, 58, 184, 13, 34, 32, 11, 42, 28, 33, 12, 460, 12, 41, 33, 48, 194, 191, 186, 43, 26, 33, 39]
F2 = [266, 83, 81, 683, 177, 189, 470, 637, 442, 160, 31, 257, 12, 39, 134, 35, 19, 28, 301, 26, 85, 594, 245, 15, 89, 295, 144, 283, 371, 140]
T = [18703, 105402, 76112, 90604, 24600, 8800, 23798, 12594, 34917, 88916, 11999, 19106, 19998, 10297, 22201, 15999, 20099, 12005, 254606, 11000, 32598, 18194, 30591, 93104, 91088, 92703, 23490, 14695, 18505, 21900]
T2 = [123208, 36391, 41197, 299401, 77691, 86590, 208795, 261822, 198476, 69892, 14907, 115091, 5501, 24600, 63009, 16596, 9001, 13400, 130765, 11900, 38501, 249010, 109698, 7100, 39104, 124066, 65404, 126285, 162996, 64796]

id 72
F = [180, 30, 16, 184, 143, 41, 40, 128, 13, 9, 54, 152, 35, 51, 8, 40, 39, 49, 48, 156, 10, 33, 33, 39, 37, 143, 8, 55, 187, 110]
F2 = [103, 144, 33, 18, 40, 172, 260, 76, 174, 19, 228, 81, 13, 248, 32, 80, 138, 241, 2, 79, 23, 16, 3, 158, 574, 80, 139, 76, 136, 21]
T = [88009, 18800, 12103, 98608, 70203, 24504, 23799, 76599, 10196, 9803, 27802, 73509, 21603, 27197, 12600, 21608, 21403, 33502, 26100, 74205, 11100, 19101, 19093, 22703, 21401, 67806, 8196, 31499, 90912, 54706]
T2 = [44505, 66995, 15600, 8500, 17602, 78195, 115507, 33102, 87806, 9103, 101398, 34701, 5999, 109782, 15407, 39098, 62798, 107601, 901, 35508, 10299, 7803, 1401, 70896, 238779, 36303, 65109, 34401, 59211, 9300]

id 73
F = [18, 123, 145, 45, 38, 12, 139, 133, 12, 210, 27, 36, 33, 7, 131, 61, 43, 151, 15, 10, 10, 154, 44, 42, 36, 12, 40, 12, 477, 174]
F2 = [23, 33, 162, 92, 267, 24, 44, 145, 34, 106, 458, 2, 28, 133, 15, 78, 16, 40, 19, 23, 24, 41, 255, 91, 17, 481, 263, 28, 10, 159]
T = [20003, 61008, 71703, 27498, 22002, 13001, 65612, 64115, 8500, 100308, 16599, 21001, 20503, 6602, 64607, 31799, 26497, 82590, 15798, 10002, 7899, 75791, 26399, 23813, 25096, 9304, 23596, 10400, 204304, 115387]
T2 = [10900, 15008, 75398, 63012, 120223, 11198, 19592, 65318, 15601, 44690, 199512, 999, 13697, 60505, 7704, 38098, 7500, 17706, 8901, 13502, 12395, 18499, 119089, 42881, 8001, 207712, 118704, 13100, 4001, 75407]

id 74
F = [13, 113, 38, 138, 45, 46, 31, 138, 39, 133, 197, 337, 9, 36, 39, 45, 54, 12, 13, 41, 370, 37, 14, 55, 44, 203, 11, 201, 8, 264]
F2 = [496, 246, 144, 140, 16, 149, 90, 377, 473, 22, 502, 101, 198, 2, 236, 446, 16, 123, 33, 240, 68, 169, 22, 148, 146, 93, 37, 85, 33, 34]
T = [8698, 57298, 21604, 67785, 24501, 25196, 22397, 68094, 21198, 66392, 111695, 161205, 9799, 20905, 55205, 26396, 29006, 10899, 10103, 26402, 171283, 27499, 10601, 29095, 31604, 95881, 9804, 94408, 10499, 124914]
T2 = [217589, 107990, 65697, 59904, 7193, 70204, 53606, 162577, 203638, 9603, 235826, 41002, 89630, 1000, 123487, 193086, 7601, 58697, 15499, 106988, 27404, 76497, 10294, 67499, 73295, 40499, 16796, 37085, 14694, 14995]

id 75
F = [12, 7, 45, 16, 223, 35, 41, 33, 152, 15, 35, 9, 37, 44, 34, 47, 41, 46, 35, 29, 39, 16, 181, 44, 138, 124, 10, 173, 27, 47]
F2 = [31, 132, 224, 739, 515, 161, 461, 12, 143, 526, 95, 27, 175, 14, 169, 9, 238, 174, 400, 2, 12, 26, 332, 270, 157, 47, 134, 14, 183, 186]
T = [8897, 6000, 23996, 13803, 106169, 21602, 22896, 19801, 77114, 11398, 28905, 11102, 21100, 24101, 20200, 26401, 23301, 25299, 19088, 19500, 29199, 10502, 102019, 23803, 69097, 61204, 8800, 85008, 16901, 26099]
T2 = [14396, 59197, 100801, 326794, 202096, 72518, 198888, 5801, 63595, 223984, 64109, 12400, 79398, 6595, 77702, 4102, 124095, 94095, 177395, 1000, 41296, 24799, 148216, 120987, 70024, 21293, 62187, 6503, 82817, 84303]

id 76
F = [14, 28, 33, 37, 15, 56, 136, 15, 11, 140, 40, 35, 40, 132, 192, 20, 10, 38, 41, 210, 142, 43, 148, 48, 11, 12, 46, 45, 42, 42]
F2 = [326, 83, 149, 250, 31, 84, 285, 332, 143, 42, 89, 100, 13, 139, 136, 646, 32, 139, 2, 94, 142, 17, 31, 13, 141, 38, 80, 256, 192, 201]
T = [8700, 18294, 19297, 21896, 23796, 29001, 66989, 14998, 11899, 73199, 22500, 19397, 23001, 65310, 95405, 14397, 11502, 22994, 28008, 108003, 70503, 28803, 73401, 39592, 10799, 9500, 28405, 23799, 25400, 23600]
T2 = [146408, 38402, 68520, 117893, 14107, 38598, 120191, 201982, 70300, 18804, 41000, 54377, 6102, 62807, 59187, 267264, 17203, 63187, 900, 39695, 62600, 7699, 13407, 6201, 64996, 17901, 39810, 114494, 87110, 89990]

id 77
F = [7, 40, 12, 14, 305, 9, 39, 34, 35, 183, 11, 149, 38, 37, 35, 39, 12, 46, 16, 34, 11, 178, 36, 31, 273, 54, 36, 35, 148, 39]
F2 = [253, 448, 25, 26, 32, 139, 151, 77, 7, 26, 26, 85, 169, 243, 189, 151, 146, 176, 26, 126, 26, 17, 21, 135, 201, 79, 167, 87, 34, 159]
T = [6699, 34599, 12702, 11104, 237704, 10301, 21699, 20108, 19203, 100081, 9299, 73000, 24202, 20702, 20500, 22897, 11499, 28104, 13202, 22593, 10903, 84792, 24106, 19693, 138899, 35896, 22296, 20798, 72593, 22001]
T2 = [128703, 234119, 11499, 12504, 13300, 78400, 67992, 35604, 3299, 13698, 12206, 43407, 75900, 110012, 86593, 68502, 105504, 79303, 12107, 69209, 12808, 7998, 9599, 114716, 89492, 38811, 75510, 38990, 14704, 74309]

id 78
F = [144, 34, 199, 36, 42, 37, 15, 9, 31, 42, 35, 30, 47, 157, 30, 40, 13, 9, 200, 289, 32, 9, 7, 12, 47, 12, 34, 6, 16, 34]
F2 = [75, 11, 166, 92, 156, 96, 38, 300, 19, 236, 2, 10, 226, 75, 180, 19, 21, 139, 137, 196, 374, 496, 16, 128, 11, 35, 172, 124, 34, 10]
T = [72891, 20699, 108508, 23502, 24607, 26501, 10597, 7699, 28099, 23302, 22098, 17602, 25602, 95799, 19093, 25203, 8998, 11998, 97812, 135013, 18805, 7600, 9501, 8503, 26704, 9200, 20400, 8597, 10599, 18692]
T2 = [33492, 4996, 72601, 41698, 70876, 43791, 17300, 150808, 9394, 107107, 900, 4797, 101707, 32797, 82083, 8995, 9397, 64112, 59584, 80501, 163579, 212914, 7299, 58903, 5106, 16215, 79101, 57307, 15900, 4600]

id 79
F = [36, 141, 199, 41, 45, 36, 148, 128, 132, 46, 38, 46, 44, 147, 187, 54, 154, 39, 16, 35, 201, 15, 326, 11, 37, 39, 41, 13, 187, 143]
F2 = [182, 385, 13, 154, 128, 2, 44, 161, 158, 17, 392, 155, 235, 138, 129, 137, 70, 103, 24, 3, 90, 25, 180, 25, 6, 189, 424, 30, 329, 43]
T = [20199, 132905, 96303, 23002, 31507, 38601, 81987, 144705, 158501, 26291, 22895, 24298, 27703, 74600, 93995, 29306, 74793, 20893, 18899, 19295, 102291, 10201, 149495, 9700, 22303, 27701, 22501, 11203, 87693, 72695]
T2 = [84616, 160500, 5999, 75385, 67097, 1000, 18699, 115899, 69411, 7704, 201792, 72806, 182789, 60508, 55884, 62791, 34315, 48003, 11001, 1199, 46001, 11396, 73307, 11198, 2698, 85686, 190630, 14105, 138506, 23002]

id 80
F = [129, 42, 37, 14, 32, 151, 41, 51, 37, 20, 57, 36, 192, 11, 32, 151, 35, 7, 37, 45, 286, 17, 11, 36, 38, 234, 42, 12, 45, 169]
F2 = [194, 83, 579, 38, 179, 44, 13, 88, 172, 36, 93, 301, 87, 734, 273, 38, 141, 23, 3, 13, 217, 323, 145, 244, 2, 287, 16, 27, 115, 88]
T = [72495, 23895, 20799, 10402, 18200, 73016, 29098, 30302, 25699, 12303, 31697, 20198, 93191, 8195, 29798, 73711, 20799, 7201, 26807, 27409, 151018, 12200, 9199, 20402, 20293, 110907, 23303, 8901, 23901, 82407]
T2 = [84396, 37696, 242179, 17897, 82169, 19897, 5904, 40394, 79107, 16400, 42799, 133115, 37087, 297029, 123498, 17102, 63799, 10904, 1500, 6104, 90092, 147099, 66305, 113878, 999, 116408, 7601, 12700, 52593, 39296]

id 81
F = [13, 47, 144, 14, 170, 43, 43, 117, 49, 10, 42, 41, 40, 35, 15, 64, 43, 32, 62, 39, 58, 11, 32, 35, 44, 48, 45, 190, 15, 38]
F2 = [311, 199, 372, 135, 20, 111, 138, 35, 434, 132, 157, 145, 382, 10, 35, 98, 14, 2, 436, 2, 275, 133, 188, 18, 133, 149, 169, 309, 19, 85]
T = [15503, 25294, 71295, 10400, 81809, 23906, 23902, 64305, 26702, 8199, 24710, 21596, 21595, 22502, 10398, 33103, 23997, 21595, 38308, 23903, 30893, 9002, 18699, 20303, 25294, 26300, 24109, 91203, 9903, 23703]
T2 = [153487, 90206, 156710, 61802, 8699, 50700, 79710, 17806, 187802, 65110, 72494, 64989, 167415, 4804, 16803, 44614, 6198, 999, 197503, 901, 126627, 62493, 85222, 8502, 60927, 68189, 183707, 140423, 9098, 40508]

id 82
F = [39, 41, 13, 53, 33, 18, 48, 218, 11, 138, 137, 38, 9, 115, 46, 177, 41, 32, 10, 146, 12, 54, 39, 152, 32, 210, 137, 33, 36, 44]
F2 = [228, 92, 266, 485, 270, 122, 7, 90, 26, 51, 42, 136, 306, 16, 105, 10, 187, 15, 875, 44, 265, 94, 98, 141, 2, 106, 45, 183, 154, 164]
T = [22402, 34806, 16398, 28491, 25295, 13099, 30593, 112412, 8598, 67201, 67104, 22194, 16901, 56601, 25210, 83812, 24402, 18002, 8700, 70095, 7901, 29395, 21792, 73586, 21801, 114595, 70007, 17807, 20598, 24606]
T2 = [101699, 41812, 124700, 202907, 136089, 59605, 3001, 38484, 12098, 22503, 19094, 61694, 150804, 6799, 50198, 4500, 87272, 6901, 349906, 20101, 116288, 42901, 51604, 63404, 798, 58611, 19208, 82212, 71487, 74791]

id 83
F = [37, 12, 29, 10, 33, 55, 15, 148, 44, 38, 35, 19, 143, 9, 133, 60, 32, 36, 174, 10, 41, 14, 37, 359, 35, 12, 46, 17, 39, 9]
F2 = [86, 140, 131, 127, 18, 681, 25, 220, 84, 140, 136, 30, 160, 25, 291, 87, 170, 2, 13, 24, 131, 24, 2, 131, 180, 120, 175, 29, 7, 33]
T = [20399, 11601, 17296, 8196, 21898, 32009, 13999, 102782, 26605, 22100, 27799, 18805, 92202, 14097, 68298, 32404, 19407, 21901, 83411, 7901, 22396, 10603, 21395, 162689, 20593, 8597, 28506, 17301, 23503, 9002]
T2 = [40109, 64299, 101507, 59988, 8306, 284221, 11510, 99882, 41019, 63397, 61397, 14300, 68799, 12095, 130022, 43101, 78302, 901, 5702, 10899, 60098, 11107, 1000, 51196, 81099, 54803, 90778, 13693, 3299, 16503]

id 84
F = [40, 232, 32, 314, 10, 148, 41, 36, 239, 45, 39, 55, 48, 8, 46, 143, 131, 14, 37, 50, 207, 128, 147, 33, 8, 34, 127, 29, 13, 125]
F2 = [148, 270, 3, 95, 30, 44, 242, 27, 58, 487, 142, 96, 146, 144, 12, 53, 155, 31, 11, 100, 16, 95, 157, 7, 29, 164, 20, 131, 28, 239]
T = [27698, 111508, 18295, 155209, 8099, 82320, 22898, 20498, 129205, 24503, 20598, 32284, 30596, 8199, 29206, 71299, 66902, 11095, 20894, 28898, 105081, 66206, 90619, 23196, 7901, 20196, 146509, 23701, 9304, 68096]
T2 = [67503, 111702, 1301, 45809, 14000, 19406, 110894, 12602, 24610, 210828, 65098, 44591, 66207, 74805, 6601, 23900, 76205, 14604, 5100, 45900, 6603, 42585, 133302, 3200, 13399, 210692, 8899, 64899, 12801, 102695]

id 85
F = [12, 220, 43, 47, 56, 197, 192, 50, 307, 13, 7, 34, 11, 30, 40, 35, 35, 35, 41, 179, 12, 134, 6, 43, 39, 58, 8, 37, 44, 140]
F2 = [25, 268, 147, 229, 467, 88, 150, 323, 97, 28, 23, 479, 21, 181, 176, 2, 117, 236, 144, 148, 720, 354, 142, 676, 455, 95, 34, 146, 12, 37]
T = [10203, 112800, 24800, 24900, 29494, 93001, 105998, 26904, 140830, 9701, 7299, 20395, 15798, 18401, 26097, 20998, 25796, 21595, 22404, 87387, 11702, 66702, 9203, 23409, 21501, 32403, 7201, 21598, 27602, 67990]
T2 = [11899, 111217, 65696, 111499, 210214, 37407, 64712, 142415, 40805, 13300, 10604, 205823, 9803, 81084, 78876, 1000, 54706, 106612, 66208, 63788, 314296, 147828, 65706, 313470, 197625, 51003, 15909, 66407, 5904, 16998]

id 86
F = [39, 35, 49, 31, 33, 35, 50, 44, 43, 41, 113, 297, 41, 19, 197, 28, 55, 41, 7, 42, 62, 41, 36, 12, 38, 47, 32, 200, 53, 34]
F2 = [109, 137, 88, 308, 87, 91, 2, 221, 569, 98, 708, 39, 142, 26, 29, 23, 94, 245, 23, 494, 612, 139, 243, 39, 195, 275, 12, 95, 158, 13]
T = [21904, 20697, 26501, 38608, 19498, 21202, 32406, 23200, 24296, 25598, 55902, 138200, 24989, 12805, 94209, 18998, 29710, 24194, 7399, 23396, 33794, 25996, 19901, 8302, 22899, 26802, 17799, 101190, 27802, 20106]
T2 = [51680, 62709, 40303, 170297, 40299, 42390, 1000, 98488, 240824, 50090, 279007, 16296, 64294, 12298, 12700, 11204, 44411, 137080, 10696, 212118, 251900, 62313, 110018, 18494, 88109, 124499, 5798, 41586, 72403, 5999]

id 87
F = [40, 48, 31, 38, 14, 32, 116, 42, 55, 43, 12, 45, 32, 13, 11, 299, 12, 193, 40, 41, 222, 10, 33, 43, 154, 40, 29, 43, 57, 138]
F2 = [85, 139, 16, 258, 139, 8, 18, 158, 97, 2, 134, 274, 145, 31, 133, 62, 123, 16, 150, 2, 438, 31, 16, 98, 135, 135, 7, 111, 81, 148]
T = [22700, 26201, 18607, 24203, 12898, 18701, 58803, 24698, 34408, 24101, 9500, 27892, 25702, 12000, 9598, 139782, 11797, 98313, 21996, 23105, 104513, 7402, 25205, 23601, 76600, 22293, 16998, 24997, 32996, 69691]
T2 = [39206, 74588, 7402, 114608, 65198, 3601, 8800, 72098, 44804, 898, 65693, 122485, 66203, 14503, 73709, 28696, 80590, 7006, 72398, 999, 197497, 14909, 11299, 58604, 59208, 61899, 3199, 52992, 37599, 64822]

id 88
F = [35, 186, 127, 149, 285, 36, 12, 42, 37, 198, 189, 39, 121, 141, 139, 29, 197, 26, 31, 40, 34, 45, 124, 34, 175, 133, 205, 14, 39, 11]
F2 = [151, 143, 155, 147, 68, 182, 481, 14, 235, 106, 14, 145, 70, 92, 32, 461, 233, 274, 140, 452, 15, 251, 84, 241, 151, 140, 84, 32, 257, 23]
T = [19295, 92499, 65708, 75312, 131017, 19894, 11502, 30004, 20601, 93692, 91993, 22296, 60492, 68810, 70101, 17300, 95085, 26404, 18196, 26792, 18604, 26798, 60809, 20892, 87102, 66095, 98871, 10999, 22705, 11897]
T2 = [71598, 118703, 68700, 104210, 27502, 82098, 210203, 6599, 119101, 48101, 6403, 66689, 31802, 40588, 13701, 199187, 97506, 205087, 64408, 202812, 6902, 114919, 37910, 108109, 66490, 64791, 35405, 15801, 122801, 10703]

id 89
F = [36, 36, 39, 7, 57, 37, 41, 141, 38, 14, 143, 8, 48, 40, 41, 56, 10, 44, 33, 164, 11, 16, 16, 43, 266, 12, 139, 56, 57, 190]
F2 = [252, 2, 17, 26, 88, 15, 178, 154, 16, 135, 77, 37, 88, 138, 295, 732, 197, 135, 156, 43, 32, 23, 140, 14, 204, 355, 77, 97, 443, 88]
T = [23201, 20793, 22393, 6602, 42599, 20202, 23196, 70203, 20397, 10201, 69610, 7903, 27798, 23401, 22099, 37609, 9798, 24996, 18702, 82290, 9000, 11599, 12597, 23692, 125502, 9503, 67115, 31092, 44698, 90922]
T2 = [126906, 899, 8001, 11998, 40306, 7098, 80704, 68693, 7803, 61497, 35197, 18799, 40392, 61998, 132898, 290067, 90789, 62304, 71606, 19909, 16898, 10794, 63702, 6104, 84503, 157118, 34995, 43899, 248799, 45701]

id 90
F = [32, 36, 159, 39, 34, 42, 43, 40, 7, 41, 35, 147, 46, 47, 267, 33, 13, 135, 8, 13, 55, 40, 147, 38, 14, 9, 56, 297, 40, 41]
F2 = [459, 170, 295, 14, 20, 167, 177, 141, 136, 94, 175, 133, 349, 12, 219, 361, 30, 32, 39, 23, 141, 147, 381, 178, 22, 139, 293, 563, 91, 274]
T = [18394, 20094, 78683, 21498, 21999, 29301, 23713, 27095, 7602, 22101, 20699, 70698, 31002, 26699, 124490, 20109, 10099, 134279, 7302, 16604, 29506, 23199, 71085, 21996, 10800, 8901, 31089, 151305, 23802, 39210]
T2 = [211405, 76997, 129192, 6799, 10402, 86511, 84901, 67596, 63691, 43288, 79119, 58694, 153789, 5501, 93502, 171236, 13508, 14000, 18202, 11000, 64499, 66018, 162598, 80909, 10399, 63791, 136990, 204308, 42110, 147518]

id 91
F = [136, 45, 41, 51, 153, 31, 177, 43, 8, 36, 13, 13, 58, 183, 32, 51, 133, 12, 39, 270, 6, 240, 42, 51, 44, 148, 41, 211, 34, 205]
F2 = [154, 128, 139, 200, 278, 155, 15, 160, 24, 401, 121, 270, 623, 104, 16, 83, 298, 24, 20, 9, 34, 260, 122, 2, 270, 376, 89, 266, 142, 27]
T = [66599, 25212, 24908, 45500, 73496, 17098, 87416, 35299, 6698, 21906, 10399, 9800, 31897, 86706, 17296, 31998, 64284, 9200, 21000, 126191, 6097, 112994, 29100, 29103, 27009, 80693, 23809, 101892, 18796, 97217]
T2 = [67513, 60512, 72283, 110582, 123610, 71412, 6600, 78398, 19802, 176510, 56096, 122524, 257986, 44888, 7805, 38096, 127711, 10804, 9503, 4000, 16008, 107178, 60097, 1000, 129674, 159197, 40787, 109902, 67404, 12194]

id 92
F = [288, 35, 33, 201, 12, 11, 29, 197, 13, 30, 37, 10, 36, 42, 16, 15, 43, 39, 141, 14, 34, 9, 7, 13, 294, 180, 35, 57, 7, 145]
F2 = [37, 28, 5, 316, 26, 193, 484, 298, 24, 109, 14, 33, 117, 12, 30, 31, 609, 454, 35, 133, 186, 28, 24, 26, 231, 75, 21, 81, 37, 310]
T = [141702, 23405, 17999, 96299, 8702, 12500, 33602, 92503, 22803, 25998, 22497, 15300, 21100, 23402, 11602, 11803, 25012, 22200, 68509, 10495, 19998, 9799, 6101, 9901, 138187, 91995, 20194, 38606, 7702, 71698]
T2 = [15891, 13300, 2301, 133917, 12099, 87193, 227301, 124009, 11897, 51706, 6304, 15504, 53196, 5600, 14208, 21303, 271987, 195298, 15702, 61897, 83204, 12905, 11298, 11804, 91800, 32401, 9507, 44396, 19204, 131594]

id 93
F = [13, 46, 10, 38, 192, 36, 36, 50, 32, 9, 44, 9, 46, 33, 35, 29, 48, 35, 8, 10, 40, 11, 39, 40, 18, 40, 49, 8, 39, 269]
F2 = [34, 468, 27, 14, 85, 368, 21, 92, 457, 21, 5, 127, 87, 10, 466, 142, 90, 476, 335, 754, 258, 20, 166, 145, 480, 106, 443, 374, 243, 165]
T = [10900, 25002, 8600, 23997, 95691, 42996, 20601, 40497, 18904, 7701, 23996, 7399, 24397, 25496, 22706, 17202, 26610, 22502, 7201, 7999, 26308, 8503, 28907, 22203, 12000, 24612, 25804, 9297, 22494, 127391]
T2 = [15701, 202994, 12797, 7897, 36400, 180428, 9600, 45505, 264305, 9700, 2301, 59488, 40197, 5101, 205087, 65199, 42288, 204305, 149508, 302494, 127005, 9501, 91988, 66200, 204879, 48984, 221406, 166685, 108903, 69306]

id 94
F = [36, 35, 13, 277, 8, 46, 9, 43, 168, 12, 9, 367, 12, 39, 46, 56, 11, 142, 35, 177, 33, 41, 47, 143, 183, 41, 56, 210, 152, 40]
F2 = [245, 161, 270, 36, 24, 492, 249, 8, 320, 27, 488, 63, 200, 27, 12, 86, 36, 149, 342, 96, 145, 10, 14, 34, 135, 86, 84, 34, 126, 492]
T = [20398, 22900, 11201, 130693, 7598, 30794, 8798, 24011, 80189, 12003, 8100, 176918, 8699, 22090, 26199, 29900, 15795, 99020, 21506, 90693, 19195, 28200, 27008, 69494, 92598, 25295, 33201, 96498, 79304, 24300]
T2 = [111611, 132719, 123109, 14504, 11205, 248471, 113724, 3800, 134594, 12601, 230628, 24897, 90211, 12502, 5995, 38389, 18801, 68694, 157682, 42116, 66796, 4396, 6505, 15001, 91790, 48207, 38906, 14399, 56817, 216828]

id 95
F = [37, 31, 40, 49, 31, 35, 40, 49, 32, 11, 35, 47, 15, 204, 287, 15, 51, 15, 45, 217, 34, 39, 32, 41, 11, 17, 44, 194, 43, 41]
F2 = [15, 199, 143, 322, 383, 6, 2, 131, 26, 20, 142, 144, 25, 232, 33, 354, 136, 21, 83, 566, 177, 12, 18, 140, 179, 123, 407, 244, 81, 141]
T = [21500, 18798, 22106, 31599, 18195, 20807, 22908, 26694, 19494, 13798, 20508, 24394, 16701, 109400, 134714, 11700, 27400, 10399, 26307, 104302, 19100, 23896, 19705, 23390, 11198, 10902, 30398, 121814, 24807, 25601]
T2 = [6906, 91882, 66099, 142800, 200816, 2497, 901, 59993, 11803, 9098, 65507, 66093, 11405, 97011, 13902, 157709, 61288, 9607, 38100, 217599, 80993, 5407, 7905, 63791, 83896, 56597, 182683, 111008, 36592, 66593]

id 96
F = [57, 32, 16, 39, 138, 16, 39, 276, 39, 45, 39, 15, 46, 144, 296, 39, 50, 47, 148, 18, 36, 142, 36, 40, 39, 39, 56, 137, 16, 18]
F2 = [145, 122, 34, 82, 281, 27, 173, 530, 497, 265, 423, 121, 242, 151, 44, 12, 155, 414, 81, 25, 16, 140, 184, 15, 473, 2, 100, 42, 24, 130]
T = [29402, 19302, 11304, 21599, 69890, 14104, 23208, 129816, 21595, 29911, 22999, 9898, 26597, 78094, 143903, 27599, 28407, 24509, 82398, 12405, 19999, 73183, 20892, 21800, 20900, 21905, 32903, 68291, 10396, 14494]
T2 = [65901, 56506, 15297, 36308, 120899, 12303, 76902, 217701, 213188, 119529, 185143, 55581, 110398, 66395, 18998, 5705, 71207, 183565, 39898, 11904, 7501, 67899, 83589, 7097, 214026, 1001, 45988, 19284, 11103, 60071]

id 97
F = [38, 43, 59, 34, 141, 34, 40, 18, 61, 36, 50, 9, 33, 226, 6, 185, 15, 40, 11, 52, 194, 7, 19, 35, 202, 134, 31, 30, 52, 41]
F2 = [483, 249, 434, 189, 145, 155, 13, 27, 98, 250, 380, 132, 183, 29, 126, 12, 36, 18, 25, 95, 87, 26, 183, 9, 31, 304, 2, 485, 92, 135]
T = [33302, 30402, 32410, 24099, 69195, 25096, 21705, 15504, 38306, 21105, 31898, 6499, 19707, 106219, 7199, 90414, 13802, 22001, 10600, 28705, 97496, 6400, 14799, 33796, 212606, 97796, 18395, 17696, 27100, 25795]
T2 = [358280, 146215, 189027, 93009, 64085, 68902, 6301, 13000, 69116, 112107, 176517, 61515, 100221, 13091, 58300, 5703, 18806, 8496, 11606, 44103, 46007, 12404, 84110, 7104, 34394, 181010, 799, 215400, 43908, 62299]

id 98
F = [193, 38, 17, 42, 176, 58, 153, 34, 13, 57, 13, 183, 137, 30, 38, 7, 43, 144, 11, 150, 39, 6, 41, 123, 46, 155, 33, 56, 50, 50]
F2 = [88, 11, 34, 149, 147, 90, 300, 155, 27, 88, 490, 11, 289, 446, 182, 30, 147, 145, 29, 459, 7, 128, 15, 240, 254, 44, 159, 746, 85, 492]
T = [93284, 21808, 12901, 23103, 93502, 31893, 76882, 19706, 9804, 30905, 10100, 98198, 70109, 17490, 20300, 9401, 25303, 70408, 8806, 71082, 22012, 6297, 22507, 62694, 25804, 77602, 19705, 30399, 35098, 27010]
T2 = [37605, 5105, 16203, 67506, 65390, 41800, 125892, 70803, 13604, 40690, 211388, 5001, 123466, 193791, 82406, 14199, 66900, 63610, 13402, 191797, 3198, 57811, 6899, 106413, 112511, 19406, 72906, 300111, 39005, 251336]

id 99
F = [126, 12, 10, 152, 135, 37, 38, 16, 136, 54, 37, 185, 33, 29, 16, 11, 139, 50, 34, 177, 9, 131, 153, 42, 179, 44, 33, 10, 38, 44]
F2 = [279, 33, 32, 45, 41, 15, 109, 181, 84, 216, 14, 21, 3, 367, 22, 33, 138, 133, 553, 137, 141, 283, 365, 461, 304, 254, 16, 35, 473, 262]
T = [66401, 9499, 8298, 74803, 65792, 21405, 30894, 10796, 67085, 31804, 41100, 87996, 20300, 19197, 10402, 14600, 67588, 28301, 26905, 90608, 7701, 64613, 74313, 21499, 88604, 24706, 28804, 8200, 22396, 24594]
T2 = [124711, 15402, 15205, 20205, 18889, 6999, 51999, 86807, 40103, 101589, 11100, 9698, 1499, 163695, 10100, 15999, 61515, 64093, 242509, 67907, 64801, 140224, 153801, 196796, 127807, 116184, 8802, 28996, 214419, 123003]

