id 0
F = [57, 12, 16, 13, 13, 38, 35, 131, 8, 43, 12, 137, 40, 42, 43, 240, 14, 46, 28, 175, 40, 14, 14, 39, 37, 34, 11, 31, 29, 37]
F2 = [294, 24, 35, 27, 508, 9, 275, 18, 134, 2, 32, 80, 136, 10, 241, 106, 491, 399, 9, 17, 16, 122, 140, 155, 2, 108, 186, 14, 200, 405]
T = [89297, 114599, 10600, 56500, 20699, 91096, 28801, 67017, 13399, 43301, 15900, 81091, 27990, 25106, 33201, 125501, 31302, 28702, 17195, 74094, 22098, 10800, 12499, 12508, 19196, 18390, 16101, 9099, 63803, 19796]
T2 = [150822, 13399, 112098, 34605, 301151, 3500, 125722, 7805, 65111, 1099, 10303, 35592, 61305, 4197, 121811, 46596, 160168, 166799, 2504, 3903, 7600, 55500, 65504, 29894, 1001, 46896, 86313, 2401, 36504, 174205]

id 1
F = [134, 142, 189, 15, 38, 346, 134, 8, 40, 7, 59, 12, 14, 14, 141, 36, 38, 49, 57, 283, 12, 10, 45, 47, 45, 170, 25, 125, 39, 44]
F2 = [81, 80, 89, 29, 89, 149, 41, 21, 233, 253, 85, 25, 28, 30, 364, 374, 151, 97, 140, 6, 139, 21, 247, 12, 85, 138, 30, 18, 268, 113]
T = [156899, 73605, 100697, 10600, 26707, 169514, 69194, 9502, 23602, 7097, 32799, 8496, 12200, 11099, 70304, 33999, 22702, 29697, 35097, 135005, 9601, 17405, 24709, 29191, 25193, 82402, 17805, 68809, 22600, 24702]
T2 = [52587, 51106, 43596, 13902, 41403, 61804, 20693, 10002, 106301, 119002, 40402, 12196, 13706, 15002, 160808, 167001, 70904, 61012, 65686, 2597, 64693, 10906, 111683, 5498, 39297, 62812, 14204, 7903, 121215, 52002]

id 2
F = [41, 44, 15, 34, 53, 15, 9, 62, 45, 161, 32, 40, 59, 9, 43, 10, 15, 9, 41, 141, 418, 33, 54, 46, 38, 13, 179, 184, 37, 32]
F2 = [3, 254, 131, 146, 90, 29, 28, 265, 402, 45, 471, 477, 238, 30, 145, 26, 609, 134, 194, 93, 105, 9, 101, 138, 174, 23, 104, 11, 2, 80]
T = [35891, 26707, 16402, 20202, 28603, 9999, 10698, 35501, 26206, 80408, 19093, 24896, 44198, 8497, 25407, 9705, 11199, 16302, 24390, 71007, 199297, 18596, 30196, 25405, 26202, 18900, 88199, 96613, 26397, 20904]
T2 = [2101, 147193, 63390, 72488, 43107, 13701, 13402, 134804, 180705, 19591, 204029, 213121, 114091, 14396, 71013, 13703, 276931, 104710, 89403, 43404, 42089, 4501, 47501, 64105, 81594, 11197, 45505, 4998, 1000, 37099]

id 3
F = [50, 16, 143, 39, 185, 57, 40, 445, 38, 10, 39, 133, 29, 187, 140, 144, 49, 40, 40, 12, 204, 37, 35, 9, 49, 36, 56, 25, 188, 147]
F2 = [194, 187, 268, 13, 29, 218, 11, 73, 477, 204, 171, 354, 148, 84, 354, 122, 599, 108, 177, 141, 30, 157, 10, 29, 88, 7, 83, 29, 129, 138]
T = [32403, 15897, 71478, 22502, 94904, 41495, 26207, 222606, 23396, 7602, 23398, 68199, 17403, 114002, 68494, 75097, 31000, 22794, 22602, 11301, 101390, 24499, 23697, 8898, 29102, 23303, 31696, 16299, 93802, 71097]
T2 = [90194, 87102, 122887, 6198, 13905, 132294, 5401, 31488, 291892, 95695, 79600, 159472, 67591, 61201, 155306, 55003, 268179, 50510, 83203, 67704, 14497, 72708, 4999, 14302, 40991, 3401, 41206, 14100, 57201, 62481]

id 4
F = [218, 51, 45, 138, 41, 9, 66, 202, 34, 62, 38, 40, 139, 9, 218, 36, 10, 30, 12, 8, 30, 43, 131, 46, 194, 287, 30, 138, 33, 14]
F2 = [32, 675, 87, 206, 20, 476, 147, 14, 456, 486, 2, 466, 50, 22, 273, 19, 127, 384, 29, 137, 255, 465, 85, 14, 103, 204, 472, 137, 161, 30]
T = [110689, 27689, 26900, 69506, 25197, 7599, 35595, 98704, 22303, 35386, 21496, 25599, 71088, 7604, 116500, 21010, 14201, 18908, 8796, 14698, 18205, 28204, 66304, 27199, 96094, 151906, 18603, 82208, 18405, 11500]
T2 = [14903, 286929, 41304, 101701, 9405, 211409, 66489, 7202, 207352, 208924, 900, 203997, 23499, 10499, 121215, 8997, 143394, 173123, 13795, 78519, 116506, 231292, 38997, 6401, 45210, 81494, 201689, 67108, 74691, 14799]

id 5
F = [45, 192, 43, 36, 38, 50, 38, 61, 50, 35, 27, 48, 35, 142, 34, 13, 14, 134, 196, 10, 479, 184, 38, 51, 35, 8, 36, 37, 39, 38]
F2 = [16, 139, 2, 252, 266, 256, 491, 89, 423, 264, 441, 291, 398, 38, 135, 24, 128, 43, 29, 26, 7, 632, 147, 141, 152, 32, 252, 252, 15, 80]
T = [27905, 94816, 56593, 21690, 24103, 26097, 23097, 32601, 28800, 30402, 17794, 28194, 22799, 72100, 22303, 9696, 21595, 70906, 96102, 8498, 219419, 103290, 35000, 27902, 21094, 14101, 43396, 22304, 21499, 21899]
T2 = [7702, 61903, 999, 115213, 128303, 157696, 218671, 41499, 298606, 244907, 207303, 143702, 208799, 17802, 62697, 11794, 88295, 21498, 13401, 11999, 2899, 264282, 85110, 68115, 71773, 14696, 177026, 142684, 7297, 38297]

id 6
F = [133, 167, 10, 38, 487, 9, 143, 31, 54, 13, 13, 140, 39, 41, 22, 175, 49, 49, 29, 18, 30, 42, 30, 40, 154, 44, 9, 189, 15, 31]
F2 = [218, 196, 17, 332, 219, 35, 78, 9, 91, 132, 169, 293, 81, 5, 35, 74, 137, 266, 3, 185, 147, 22, 9, 300, 83, 143, 124, 332, 127, 122]
T = [77785, 151396, 9704, 28898, 243467, 9498, 78302, 18499, 29693, 10302, 11696, 69896, 24198, 23502, 13799, 266295, 44103, 30394, 25298, 14406, 17998, 24199, 18003, 26400, 77001, 31606, 7800, 93095, 10104, 18604]
T2 = [179320, 131603, 6799, 186067, 169088, 16498, 42098, 4600, 45009, 62297, 82300, 126792, 37803, 2498, 46105, 37009, 68099, 121599, 1400, 93199, 70706, 10399, 4298, 145075, 36806, 67205, 59309, 146800, 59505, 57212]

id 7
F = [168, 8, 32, 240, 205, 37, 39, 30, 211, 42, 31, 178, 12, 212, 55, 12, 282, 46, 134, 12, 33, 31, 42, 35, 170, 40, 200, 15, 17, 48]
F2 = [16, 127, 177, 102, 30, 435, 184, 2, 218, 14, 16, 186, 170, 290, 89, 31, 221, 249, 287, 23, 16, 160, 201, 159, 285, 429, 85, 496, 132, 14]
T = [87906, 7199, 29300, 123195, 110690, 24889, 28109, 21504, 102681, 31500, 27004, 91908, 8899, 117306, 46594, 9605, 122009, 21106, 73384, 10605, 21900, 16289, 36391, 17103, 92992, 23706, 110789, 10502, 12093, 24496]
T2 = [7600, 59699, 83314, 43601, 14491, 207802, 94089, 1099, 92704, 17704, 8398, 89093, 63791, 189499, 66400, 12298, 92584, 93355, 122398, 8702, 6405, 59799, 118922, 67687, 148306, 210882, 39994, 180726, 55486, 5397]

id 8
F = [29, 35, 45, 42, 10, 131, 11, 425, 306, 13, 317, 36, 293, 43, 42, 54, 37, 141, 210, 182, 51, 11, 33, 41, 36, 123, 10, 14, 196, 11]
F2 = [95, 145, 94, 188, 446, 214, 25, 48, 59, 290, 96, 389, 249, 181, 254, 90, 246, 38, 298, 123, 181, 477, 2, 161, 178, 17, 35, 31, 298, 31]
T = [131299, 18597, 26798, 26504, 9003, 111302, 8501, 228177, 145392, 10103, 154298, 28896, 238178, 23999, 29000, 31499, 22098, 70290, 100705, 87885, 29002, 9395, 19406, 22900, 20200, 63909, 6900, 10100, 97417, 8898]
T2 = [44197, 68299, 43800, 111920, 203100, 94079, 11994, 23389, 35710, 153884, 46101, 193406, 235888, 86401, 220271, 61992, 114432, 17304, 125493, 53806, 82000, 210622, 1000, 75110, 82715, 7391, 16502, 15001, 136578, 14801]

id 9
F = [59, 62, 132, 33, 180, 158, 156, 13, 15, 7, 14, 40, 55, 16, 11, 42, 132, 18, 52, 41, 15, 36, 35, 30, 138, 57, 9, 43, 49, 39]
F2 = [76, 468, 418, 237, 332, 285, 22, 23, 127, 119, 19, 10, 441, 302, 502, 109, 83, 136, 441, 350, 510, 250, 139, 253, 79, 92, 40, 177, 143, 140]
T = [49989, 33407, 64910, 24497, 108198, 83815, 78700, 12004, 12599, 6204, 20004, 27209, 32702, 12494, 9505, 23800, 64793, 16700, 27706, 22103, 10697, 21804, 20598, 35904, 67191, 29199, 6703, 24495, 26007, 22699]
T2 = [38693, 202434, 205119, 244418, 175521, 135321, 9998, 11501, 75799, 57712, 14298, 4498, 208395, 148587, 246404, 51299, 37401, 83606, 193287, 156699, 269512, 121896, 64098, 127199, 36596, 43790, 18691, 81813, 66391, 65815]

id 10
F = [133, 142, 38, 59, 140, 226, 36, 12, 48, 10, 19, 10, 206, 35, 31, 41, 32, 43, 145, 31, 56, 52, 133, 181, 148, 38, 40, 34, 46, 40]
F2 = [17, 149, 2, 89, 40, 125, 149, 29, 79, 29, 24, 29, 28, 14, 378, 143, 7, 88, 143, 11, 782, 149, 37, 7, 49, 11, 250, 113, 13, 493]
T = [67393, 71290, 33799, 30699, 70594, 114091, 23898, 13104, 27604, 9800, 11895, 9398, 122313, 18901, 21298, 24305, 18797, 24098, 77094, 23707, 58301, 28997, 67619, 96692, 78092, 48492, 21605, 21494, 26300, 23112]
T2 = [8196, 66183, 2397, 41604, 20997, 54700, 68320, 14804, 38492, 13797, 11602, 13694, 14899, 6700, 167470, 76402, 3597, 51984, 92610, 5400, 359114, 68895, 17005, 5099, 22398, 7905, 115684, 59204, 6100, 215280]

id 11
F = [147, 13, 9, 142, 62, 40, 12, 16, 8, 11, 200, 38, 34, 12, 11, 29, 134, 294, 43, 189, 44, 31, 223, 211, 42, 41, 43, 115, 40, 156]
F2 = [72, 33, 32, 150, 96, 262, 37, 26, 31, 24, 31, 85, 292, 27, 114, 254, 358, 212, 252, 25, 2, 18, 282, 20, 257, 142, 189, 18, 20, 146]
T = [97202, 9497, 11098, 69693, 36399, 21601, 8597, 10598, 6798, 11896, 99403, 22607, 19401, 14700, 9695, 18199, 67292, 146701, 24700, 111722, 26585, 17696, 107613, 105287, 22896, 24599, 30204, 57202, 24305, 75916]
T2 = [42303, 15506, 15403, 68802, 44396, 122497, 17697, 12406, 14703, 11508, 13402, 39791, 131324, 13899, 55883, 122800, 154598, 94012, 112790, 11800, 1000, 12204, 117124, 8802, 127914, 73312, 92924, 8204, 9697, 77300]

id 12
F = [284, 7, 45, 6, 38, 33, 142, 148, 15, 12, 160, 197, 42, 132, 37, 223, 26, 15, 38, 137, 145, 39, 14, 59, 33, 187, 327, 36, 183, 202]
F2 = [27, 21, 16, 674, 15, 2, 37, 81, 25, 30, 343, 26, 185, 56, 467, 277, 90, 129, 384, 17, 151, 93, 179, 79, 8, 28, 52, 327, 16, 94]
T = [149321, 7400, 28099, 10299, 23095, 20101, 69704, 75306, 10501, 7997, 82201, 95206, 27103, 64216, 25301, 133517, 22604, 12400, 24912, 67312, 76608, 27700, 9701, 32398, 28105, 90710, 152582, 20206, 90796, 100894]
T2 = [10804, 10096, 9804, 291019, 7098, 998, 16998, 59193, 11405, 13999, 157211, 11702, 98089, 25904, 203016, 147781, 43298, 60594, 212478, 8199, 68594, 57409, 83301, 36700, 4097, 13005, 22491, 211092, 7204, 41804]

id 13
F = [32, 38, 11, 33, 12, 38, 38, 36, 40, 134, 34, 149, 14, 12, 186, 51, 43, 29, 37, 10, 40, 65, 43, 37, 114, 37, 10, 45, 33, 136]
F2 = [139, 138, 21, 135, 32, 13, 146, 231, 71, 167, 21, 144, 36, 29, 520, 21, 13, 454, 146, 26, 149, 94, 228, 445, 17, 186, 30, 150, 3, 342]
T = [19400, 21898, 9703, 18897, 9004, 20699, 21599, 22296, 27010, 82797, 19998, 78498, 15103, 8302, 95804, 37789, 30401, 16598, 20497, 7497, 21704, 33194, 24096, 21198, 57492, 19799, 38599, 24694, 20490, 67702]
T2 = [65014, 63215, 10196, 63309, 15298, 6003, 68499, 107687, 42786, 74096, 10208, 73991, 18504, 13701, 209021, 15090, 6305, 199698, 70391, 13201, 69501, 43091, 104302, 198681, 7999, 86809, 15497, 69510, 1801, 144977]

id 14
F = [32, 30, 249, 214, 43, 196, 41, 286, 40, 39, 68, 46, 15, 40, 41, 37, 61, 33, 49, 50, 50, 58, 289, 34, 38, 188, 14, 13, 35, 38]
F2 = [22, 248, 32, 62, 177, 13, 470, 8, 7, 16, 84, 146, 23, 84, 2, 447, 786, 266, 87, 268, 144, 86, 32, 163, 244, 10, 28, 25, 146, 403]
T = [24104, 22497, 132414, 102689, 29502, 94621, 22399, 139106, 21606, 22506, 36493, 24303, 10587, 22602, 22898, 22003, 42897, 23705, 32006, 26301, 28510, 38395, 138904, 19605, 21696, 94708, 14697, 12204, 19304, 22706]
T2 = [13999, 112991, 16292, 28599, 127095, 5703, 207905, 3398, 3402, 7800, 47798, 66994, 10904, 170496, 999, 200495, 312715, 124887, 49591, 132398, 66593, 40790, 13300, 75912, 117784, 4698, 14803, 11694, 67599, 182186]

id 15
F = [48, 35, 30, 7, 18, 34, 59, 131, 9, 117, 15, 283, 16, 30, 14, 33, 124, 36, 36, 191, 9, 158, 16, 32, 281, 41, 277, 117, 44, 205]
F2 = [2, 2, 135, 27, 481, 133, 140, 133, 484, 19, 245, 232, 135, 93, 28, 136, 396, 132, 12, 315, 145, 42, 31, 78, 36, 190, 156, 18, 139, 277]
T = [27798, 21104, 17604, 5703, 12005, 18901, 35802, 72897, 8098, 58288, 19498, 141004, 12399, 17204, 10000, 18199, 61597, 19093, 26409, 136273, 9496, 130607, 11495, 18997, 153789, 21400, 132106, 59798, 25497, 102187]
T2 = [1201, 999, 65785, 13102, 259805, 62498, 65098, 64685, 213713, 8606, 138995, 98212, 62112, 43498, 13704, 68488, 171004, 60089, 5598, 133000, 67478, 21503, 14501, 36010, 18101, 88601, 65977, 9505, 62890, 118978]

id 16
F = [7, 149, 6, 144, 39, 36, 41, 141, 18, 42, 138, 37, 43, 62, 42, 35, 145, 7, 41, 159, 33, 11, 40, 40, 171, 37, 24, 182, 60, 31]
F2 = [29, 84, 23, 42, 104, 140, 240, 156, 38, 147, 211, 169, 248, 86, 269, 477, 288, 478, 20, 80, 16, 33, 135, 249, 132, 17, 2, 313, 88, 478]
T = [6902, 86209, 6202, 71306, 26109, 19297, 23106, 70005, 11699, 22205, 68703, 20602, 23101, 36400, 23703, 23395, 114093, 6101, 32298, 77693, 19902, 14301, 22610, 22397, 84214, 22202, 16407, 87697, 31789, 18301]
T2 = [14000, 38895, 11202, 19496, 49316, 64098, 110796, 70888, 17993, 81795, 96099, 78900, 120615, 40598, 239595, 210103, 125798, 211576, 10098, 36895, 7298, 15389, 62585, 114400, 59014, 8102, 998, 151916, 52589, 242703]

id 17
F = [52, 37, 8, 130, 58, 145, 37, 10, 145, 164, 21, 37, 44, 12, 149, 127, 38, 143, 142, 141, 144, 44, 39, 33, 39, 41, 31, 38, 122, 172]
F2 = [273, 188, 136, 17, 94, 145, 406, 189, 83, 489, 181, 154, 232, 35, 45, 67, 2, 45, 282, 157, 276, 16, 139, 14, 241, 235, 187, 270, 22, 12]
T = [28303, 26001, 6602, 83396, 30009, 77585, 20700, 8199, 73514, 86907, 13705, 20307, 25190, 10002, 76792, 63208, 21890, 70414, 71481, 70904, 72291, 24192, 20894, 18398, 21099, 22994, 17107, 22896, 60610, 83995]
T2 = [130023, 86801, 65415, 22107, 43805, 76396, 190688, 92108, 43190, 218283, 84810, 70296, 105807, 17100, 20603, 33587, 1000, 20499, 126908, 72792, 119795, 7698, 64919, 6200, 110100, 114198, 92108, 122387, 10301, 5802]

id 18
F = [118, 49, 59, 15, 14, 40, 37, 33, 11, 36, 154, 137, 116, 41, 15, 36, 39, 48, 39, 43, 48, 32, 131, 40, 10, 54, 141, 217, 306, 131]
F2 = [41, 143, 132, 353, 493, 15, 96, 270, 34, 197, 152, 68, 40, 17, 485, 13, 143, 148, 504, 105, 470, 18, 367, 251, 303, 150, 40, 591, 32, 357]
T = [59699, 28096, 33295, 13897, 11095, 23806, 22693, 27897, 7905, 26911, 78096, 71203, 59101, 24302, 13396, 20008, 24705, 27202, 21102, 23506, 25091, 19698, 64501, 22890, 7900, 29997, 75601, 105789, 158133, 66704]
T2 = [19697, 67498, 62404, 157207, 227207, 7096, 44310, 125211, 15999, 95233, 69293, 54896, 18699, 8102, 213286, 6298, 79603, 68806, 216996, 49008, 313196, 8796, 158826, 120730, 137824, 70195, 26196, 231199, 18309, 185421]

id 19
F = [46, 37, 40, 12, 45, 34, 36, 35, 141, 63, 50, 13, 115, 286, 41, 57, 46, 42, 50, 38, 59, 36, 36, 216, 52, 17, 14, 39, 145, 15]
F2 = [21, 266, 470, 131, 192, 12, 178, 89, 35, 127, 288, 271, 67, 30, 158, 559, 181, 27, 139, 182, 458, 186, 149, 423, 144, 503, 253, 438, 76, 17]
T = [25002, 20893, 22895, 10103, 24004, 20301, 26389, 19899, 80399, 34204, 32293, 16694, 58009, 132821, 23999, 31007, 32705, 51302, 31906, 25201, 30593, 21309, 21204, 129284, 27802, 13506, 14800, 23800, 69501, 9402]
T2 = [10100, 121601, 208490, 60497, 89299, 5602, 81307, 42294, 15403, 58423, 130524, 157303, 30295, 13698, 71812, 239288, 88702, 13405, 64504, 102996, 196410, 91377, 70388, 257587, 67717, 358300, 116501, 194395, 34404, 7802]

id 20
F = [112, 40, 56, 184, 131, 200, 12, 34, 41, 33, 65, 36, 36, 9, 30, 126, 134, 5, 11, 136, 44, 12, 43, 34, 36, 51, 155, 33, 61, 143]
F2 = [204, 153, 88, 138, 41, 138, 199, 152, 9, 319, 458, 145, 101, 25, 249, 44, 40, 36, 121, 340, 22, 176, 7, 17, 255, 15, 35, 103, 263, 37]
T = [96587, 25608, 38086, 89698, 65793, 97089, 12298, 20895, 24204, 19708, 35502, 21506, 22202, 7698, 27896, 61895, 65984, 6800, 7895, 68301, 23604, 10599, 23900, 20504, 20203, 35293, 86483, 27090, 32593, 100204]
T2 = [98308, 69994, 44786, 62092, 18803, 60515, 97891, 76707, 4302, 143712, 236004, 67496, 50000, 11905, 129109, 19806, 18698, 19398, 61408, 145116, 10797, 82102, 3399, 8192, 117197, 8002, 15601, 81798, 119191, 18202]

id 21
F = [200, 121, 39, 40, 132, 45, 51, 31, 34, 51, 33, 142, 495, 14, 491, 42, 15, 13, 251, 44, 46, 35, 151, 151, 39, 127, 30, 40, 32, 33]
F2 = [91, 76, 158, 241, 30, 15, 135, 102, 20, 90, 17, 34, 3, 35, 8, 11, 254, 37, 53, 89, 18, 408, 50, 37, 11, 65, 169, 176, 476, 15]
T = [108698, 62801, 21612, 22391, 64211, 25106, 26810, 17593, 19989, 33597, 18402, 71217, 222603, 10299, 219424, 23707, 12002, 9595, 119596, 24502, 25504, 21404, 73595, 84469, 22200, 68988, 17297, 26009, 21904, 19100]
T2 = [46312, 34405, 71889, 112720, 13999, 7102, 62609, 47598, 10794, 41801, 7997, 15701, 1099, 17896, 3199, 5300, 117703, 17401, 22611, 42492, 8496, 182678, 21901, 16903, 5298, 31903, 79189, 80288, 236476, 6897]

id 22
F = [10, 198, 15, 197, 51, 37, 40, 39, 37, 224, 9, 39, 8, 123, 435, 245, 132, 36, 511, 55, 199, 10, 41, 10, 28, 6, 11, 10, 29, 41]
F2 = [27, 16, 202, 315, 13, 6, 408, 105, 17, 102, 29, 2, 322, 297, 54, 43, 83, 194, 2, 87, 26, 524, 592, 198, 145, 272, 27, 36, 11, 241]
T = [9299, 128486, 10097, 94723, 27700, 23797, 27493, 26790, 25007, 105280, 8005, 27494, 7498, 61793, 210284, 135094, 72006, 19001, 228130, 28601, 98404, 6997, 24705, 9599, 16302, 10202, 7605, 9700, 16204, 34010]
T2 = [13104, 12292, 94498, 140600, 6194, 2999, 182791, 52601, 8403, 44396, 13996, 900, 148122, 133494, 20500, 19208, 38000, 90815, 901, 40902, 11897, 230693, 249496, 93296, 69904, 192303, 12805, 17804, 5199, 112286]

id 23
F = [16, 119, 49, 214, 34, 45, 304, 10, 33, 118, 184, 33, 33, 123, 42, 13, 44, 39, 31, 15, 37, 148, 10, 56, 28, 32, 28, 480, 176, 49]
F2 = [29, 386, 187, 90, 4, 145, 21, 26, 159, 408, 283, 433, 16, 40, 20, 330, 628, 14, 95, 121, 454, 38, 132, 448, 117, 646, 190, 11, 310, 132]
T = [87997, 58603, 25488, 104105, 19100, 30001, 214207, 7601, 17400, 60885, 88898, 22804, 22003, 61001, 24788, 8804, 24403, 21795, 16206, 13403, 20002, 71807, 10599, 29395, 16594, 17597, 16798, 242925, 97285, 24896]
T2 = [13797, 169279, 94796, 40501, 1998, 76297, 10004, 13001, 72608, 170916, 137009, 195912, 7597, 18198, 9496, 149506, 273716, 6500, 45302, 56703, 203820, 16998, 62421, 196000, 53699, 268198, 100984, 4604, 157083, 62490]

id 24
F = [31, 31, 44, 289, 38, 59, 12, 14, 39, 156, 42, 52, 10, 10, 43, 288, 15, 31, 191, 47, 31, 27, 64, 45, 49, 13, 37, 16, 184, 38]
F2 = [139, 250, 2, 34, 147, 85, 127, 175, 476, 44, 454, 159, 132, 125, 266, 34, 29, 389, 171, 146, 449, 14, 431, 443, 142, 131, 428, 465, 14, 145]
T = [18305, 20393, 59906, 136121, 32001, 37902, 15001, 10101, 72900, 74919, 29608, 27705, 8105, 9298, 47314, 219300, 8800, 18204, 112489, 25209, 20197, 15400, 32303, 24408, 29597, 13099, 20801, 9398, 104408, 21701]
T2 = [75386, 116294, 1101, 15302, 106203, 86801, 64611, 83507, 316386, 20507, 197872, 79609, 235019, 75919, 151210, 14501, 14395, 181295, 87697, 68312, 218486, 6599, 186990, 195894, 66013, 79695, 199905, 207055, 6302, 66016]

id 25
F = [196, 28, 194, 47, 54, 38, 42, 56, 36, 286, 7, 166, 35, 36, 42, 12, 13, 10, 28, 28, 40, 177, 418, 216, 8, 41, 52, 40, 45, 10]
F2 = [34, 8, 83, 6, 83, 4, 74, 102, 234, 362, 187, 18, 2, 150, 444, 31, 36, 149, 259, 4, 243, 16, 73, 254, 29, 87, 237, 231, 177, 299]
T = [95487, 18994, 94189, 28204, 28802, 26100, 26896, 31115, 19297, 139419, 6699, 82691, 19000, 20300, 23602, 7701, 10203, 6896, 27696, 15403, 22599, 88504, 188196, 102293, 5901, 22404, 30299, 25396, 22895, 6401]
T2 = [15508, 3701, 38298, 2799, 38702, 2102, 37796, 48499, 107890, 145483, 86307, 8202, 1000, 69110, 193592, 14804, 17398, 69986, 131804, 1801, 114908, 7195, 29102, 104020, 13901, 40699, 148500, 108099, 81992, 161075]

id 26
F = [35, 40, 42, 58, 172, 35, 36, 39, 47, 137, 10, 142, 150, 9, 44, 38, 6, 42, 178, 153, 45, 37, 33, 31, 34, 44, 38, 45, 13, 41]
F2 = [127, 13, 141, 80, 135, 2, 3, 133, 14, 45, 27, 79, 47, 25, 135, 2, 37, 154, 26, 33, 14, 89, 18, 2, 141, 244, 133, 18, 27, 2]
T = [19997, 21695, 24896, 34403, 97805, 18587, 22698, 21996, 25095, 76411, 11398, 68398, 72005, 7401, 37209, 23503, 5104, 22494, 86112, 74399, 28095, 21901, 18103, 17203, 17893, 24589, 20199, 25600, 12804, 22896]
T2 = [59884, 6001, 71913, 56993, 77617, 1001, 1501, 62294, 6597, 22700, 13104, 36304, 21701, 11696, 66794, 998, 17605, 71211, 11694, 15289, 7506, 41792, 8697, 1000, 67385, 112003, 60808, 8192, 17599, 999]

id 27
F = [138, 41, 18, 56, 34, 10, 149, 34, 39, 39, 13, 41, 200, 34, 515, 51, 37, 185, 44, 15, 325, 47, 228, 33, 11, 14, 6, 42, 37, 12]
F2 = [381, 245, 22, 90, 85, 22, 76, 466, 182, 3, 176, 163, 131, 10, 10, 17, 178, 16, 4, 136, 225, 249, 268, 151, 197, 28, 129, 3, 15, 495]
T = [68610, 27007, 11400, 29505, 24290, 6898, 75405, 17904, 20498, 52693, 9398, 22408, 105107, 18505, 237723, 27497, 21500, 88693, 23195, 11103, 151632, 24497, 109992, 17795, 8502, 10402, 5599, 21407, 20895, 8601]
T2 = [163609, 113203, 11201, 41895, 39206, 10698, 34514, 210399, 84482, 1499, 112786, 74996, 61792, 5001, 3900, 7996, 224785, 7499, 2001, 64194, 90205, 113986, 112284, 69189, 90990, 13502, 61007, 1600, 6898, 225819]

id 28
F = [39, 13, 37, 36, 52, 20, 43, 45, 38, 69, 47, 49, 375, 194, 15, 31, 122, 45, 33, 46, 34, 33, 34, 35, 193, 13, 32, 30, 53, 10]
F2 = [16, 32, 90, 251, 416, 26, 22, 3, 178, 142, 215, 82, 140, 88, 495, 17, 19, 866, 26, 113, 257, 255, 472, 23, 95, 33, 236, 264, 481, 189]
T = [22898, 7904, 19904, 18899, 28296, 12501, 22009, 24594, 22999, 37284, 31004, 25901, 176405, 90206, 11000, 16503, 59798, 26791, 21998, 24105, 19593, 19502, 18602, 20705, 101099, 8196, 20497, 17303, 33400, 9102]
T2 = [7601, 15206, 47201, 115402, 209795, 12599, 10407, 1501, 107889, 70297, 101996, 38210, 84888, 39785, 228508, 8200, 8501, 355113, 12297, 53688, 117623, 118713, 292089, 11002, 43706, 14906, 146602, 120327, 429410, 88911]

id 29
F = [42, 147, 43, 37, 56, 29, 12, 11, 45, 55, 162, 41, 7, 158, 12, 8, 15, 12, 38, 38, 58, 13, 54, 179, 31, 45, 41, 121, 40, 60]
F2 = [249, 86, 2, 256, 179, 477, 28, 24, 384, 96, 37, 452, 34, 36, 125, 146, 27, 179, 264, 21, 81, 18, 437, 121, 265, 258, 92, 73, 246, 460]
T = [23004, 88202, 23101, 23199, 23104, 18799, 9798, 9696, 33098, 34704, 95606, 27105, 6800, 94707, 9903, 9899, 11909, 10302, 20794, 20500, 30404, 9502, 29008, 84789, 17308, 23896, 21893, 60808, 22396, 35498]
T2 = [114008, 40417, 900, 126300, 82707, 296169, 16504, 14193, 545210, 55178, 21206, 245590, 19701, 20599, 71900, 94797, 16006, 103421, 180890, 10303, 41410, 8506, 190596, 53704, 125197, 117998, 42594, 33803, 111092, 274315]

id 30
F = [35, 12, 152, 51, 55, 40, 43, 43, 14, 38, 133, 42, 38, 38, 29, 145, 187, 6, 8, 51, 16, 16, 45, 7, 8, 47, 45, 43, 156, 113]
F2 = [11, 26, 140, 89, 76, 381, 190, 2, 189, 99, 78, 144, 139, 346, 15, 39, 13, 27, 23, 248, 28, 28, 233, 170, 282, 136, 15, 145, 150, 199]
T = [20997, 7998, 71498, 31692, 29311, 23697, 22694, 22495, 9398, 21700, 63896, 22802, 21493, 23192, 17702, 90107, 124292, 5701, 11903, 28799, 12001, 11900, 24596, 6598, 9502, 27402, 24299, 22396, 74489, 58910]
T2 = [5197, 12095, 66404, 57015, 35500, 178494, 86111, 1002, 87813, 46289, 35220, 68495, 63395, 382177, 7299, 20901, 7103, 12700, 10594, 111502, 13101, 13394, 106311, 78599, 176497, 62998, 7304, 65396, 66216, 90491]

id 31
F = [45, 43, 144, 14, 194, 11, 9, 59, 34, 222, 150, 37, 183, 31, 173, 12, 40, 146, 180, 197, 43, 38, 14, 39, 40, 11, 45, 149, 57, 5]
F2 = [502, 181, 84, 33, 333, 129, 26, 89, 255, 265, 39, 138, 75, 140, 13, 185, 84, 42, 349, 289, 134, 133, 189, 14, 514, 315, 388, 44, 218, 27]
T = [25200, 29304, 82514, 9202, 106201, 7998, 10098, 30603, 18996, 141506, 75589, 23900, 89115, 19799, 88413, 7992, 28700, 98702, 96795, 100789, 26203, 22005, 11896, 22407, 23307, 8201, 23297, 72105, 31493, 6701]
T2 = [221136, 103092, 39107, 15897, 147505, 61811, 12199, 41792, 116297, 127888, 17807, 64708, 34097, 79110, 6199, 98000, 59420, 23602, 145801, 122207, 77802, 62896, 87300, 7002, 223882, 146611, 171302, 20501, 101778, 13301]

id 32
F = [138, 34, 9, 146, 53, 12, 15, 40, 140, 494, 33, 11, 38, 43, 30, 16, 31, 11, 44, 49, 281, 197, 141, 35, 413, 154, 46, 43, 13, 43]
F2 = [157, 147, 198, 40, 142, 25, 181, 258, 37, 12, 149, 501, 158, 141, 474, 24, 461, 486, 143, 90, 363, 236, 146, 3, 97, 70, 198, 13, 24, 210]
T = [66091, 19090, 10702, 71895, 44106, 8096, 9702, 35296, 68801, 225823, 28603, 10195, 20494, 26408, 16605, 11899, 19401, 7802, 22606, 68101, 135078, 92714, 70897, 18603, 208899, 76097, 25303, 23199, 8601, 23803]
T2 = [69409, 67500, 89798, 19304, 94396, 12001, 84784, 164989, 16392, 4400, 69803, 226410, 73107, 103108, 207508, 12995, 221885, 221974, 66812, 44705, 144284, 104124, 91312, 1397, 39299, 31893, 90596, 6101, 11303, 95491]

id 33
F = [43, 36, 181, 10, 54, 36, 61, 31, 38, 180, 39, 142, 11, 38, 142, 41, 9, 44, 132, 50, 374, 32, 37, 147, 136, 143, 332, 14, 6, 176]
F2 = [187, 14, 18, 27, 297, 7, 87, 509, 135, 307, 160, 42, 127, 2, 356, 184, 28, 257, 77, 97, 126, 6, 235, 38, 87, 282, 186, 24, 31, 16]
T = [28004, 19700, 87697, 7402, 29693, 19493, 31998, 16790, 22602, 85985, 20499, 78008, 8399, 22195, 70888, 22006, 7899, 24806, 71807, 29194, 177385, 20399, 19998, 70197, 74491, 79401, 154180, 9297, 7497, 85989]
T2 = [86014, 7004, 8396, 13398, 133707, 3101, 41196, 222523, 63910, 132996, 75407, 25998, 59087, 898, 155095, 85288, 13603, 113300, 34903, 49707, 53282, 2900, 109504, 17298, 40603, 126606, 74794, 11498, 15497, 7195]

id 34
F = [9, 124, 115, 34, 159, 33, 56, 34, 59, 37, 41, 37, 141, 33, 328, 37, 40, 141, 46, 214, 144, 129, 38, 41, 37, 14, 38, 473, 46, 204]
F2 = [188, 44, 382, 105, 42, 468, 96, 469, 260, 257, 186, 3, 84, 247, 322, 143, 133, 42, 87, 122, 345, 44, 172, 242, 92, 30, 145, 12, 137, 90]
T = [11500, 60402, 55601, 22896, 78394, 18101, 29400, 18200, 31585, 19494, 24092, 26309, 68903, 20107, 157820, 23697, 20393, 71187, 24100, 106706, 74200, 69104, 21205, 21698, 26595, 10001, 20400, 295821, 25607, 98090]
T2 = [86903, 20196, 164401, 68204, 19306, 208083, 44411, 204507, 117894, 118498, 87511, 1800, 37900, 113508, 126495, 67497, 60997, 18707, 40892, 54609, 149775, 20902, 78505, 121190, 51801, 14094, 67813, 31399, 62698, 38798]

id 35
F = [38, 12, 425, 186, 176, 43, 197, 57, 39, 39, 9, 137, 13, 34, 133, 311, 207, 36, 45, 126, 13, 13, 41, 41, 44, 34, 195, 39, 13, 39]
F2 = [249, 27, 249, 18, 708, 135, 16, 101, 104, 248, 284, 16, 181, 158, 155, 215, 23, 188, 97, 37, 197, 21, 377, 18, 19, 199, 307, 163, 39, 391]
T = [22804, 9795, 194725, 90782, 171296, 63400, 111595, 36698, 23290, 21695, 9500, 67106, 9395, 21792, 72089, 153204, 98203, 19601, 24594, 108403, 8904, 13000, 23495, 22600, 23900, 17999, 109281, 21402, 9507, 20400]
T2 = [113098, 13103, 93897, 8202, 483804, 85810, 8102, 56703, 48692, 113799, 152187, 6699, 84197, 86677, 82409, 87207, 10408, 85698, 47310, 18403, 109099, 10101, 208892, 8400, 9201, 94410, 131965, 74296, 18702, 175629]

id 36
F = [36, 48, 47, 32, 41, 31, 45, 44, 40, 15, 48, 142, 146, 37, 15, 58, 31, 39, 181, 30, 10, 31, 39, 8, 40, 34, 11, 45, 153, 134]
F2 = [409, 160, 191, 141, 147, 609, 17, 252, 134, 127, 178, 87, 228, 250, 183, 102, 258, 273, 103, 90, 25, 269, 235, 33, 251, 9, 22, 461, 35, 71]
T = [22609, 25612, 28199, 20307, 21309, 17604, 26412, 23899, 20690, 11599, 27594, 90194, 79488, 23205, 9296, 32506, 17903, 22698, 89207, 19995, 12397, 18910, 21298, 9395, 21798, 23106, 7099, 24802, 75686, 77206]
T2 = [198006, 74602, 89514, 72597, 67703, 267914, 8298, 112703, 69097, 60209, 131594, 43105, 105500, 115116, 86706, 54407, 124302, 122476, 49296, 42098, 14496, 141409, 107519, 15496, 113402, 4201, 10295, 201380, 15600, 32592]

id 37
F = [42, 49, 50, 43, 39, 43, 35, 34, 37, 16, 124, 224, 43, 36, 13, 229, 131, 43, 36, 45, 32, 7, 10, 42, 39, 45, 13, 41, 42, 16]
F2 = [261, 100, 196, 185, 400, 464, 2, 147, 152, 201, 63, 108, 146, 112, 210, 101, 40, 453, 2, 800, 11, 29, 137, 145, 194, 165, 124, 2, 18, 27]
T = [24208, 26700, 25605, 26993, 21596, 27501, 35605, 18601, 24795, 9699, 62397, 118309, 24795, 24198, 10298, 110095, 65206, 30701, 23893, 29204, 17299, 6202, 7195, 22997, 22396, 23803, 8802, 22600, 22306, 9706]
T2 = [135582, 45593, 90598, 92611, 180491, 209779, 2200, 67318, 71005, 92886, 28706, 53112, 69905, 53013, 106493, 45805, 18394, 279294, 1301, 411370, 5505, 14000, 63910, 74584, 89708, 76504, 57593, 1000, 8497, 12700]

id 38
F = [176, 151, 170, 160, 190, 41, 40, 17, 27, 36, 37, 134, 145, 49, 62, 9, 17, 13, 32, 38, 127, 61, 12, 322, 123, 312, 55, 40, 36, 143]
F2 = [16, 41, 12, 39, 227, 2, 168, 173, 31, 3, 2, 51, 288, 93, 467, 30, 24, 23, 2, 247, 722, 96, 29, 195, 286, 206, 84, 88, 393, 148]
T = [87277, 89520, 82209, 97686, 90108, 22297, 23203, 24499, 15999, 23302, 36997, 74320, 78208, 29193, 36109, 6795, 11699, 10900, 20402, 23197, 79007, 34003, 9900, 149902, 64778, 147418, 31594, 25001, 21396, 83190]
T2 = [7107, 21793, 5595, 21602, 100213, 1000, 88900, 89496, 14496, 1702, 1397, 26603, 128815, 53506, 285501, 14200, 11203, 12798, 999, 115816, 327677, 49501, 14200, 81706, 132516, 104020, 43203, 55198, 177101, 80495]

id 39
F = [36, 13, 42, 42, 178, 28, 18, 39, 48, 8, 147, 30, 39, 38, 18, 12, 180, 33, 8, 146, 51, 206, 199, 217, 49, 41, 33, 54, 44, 40]
F2 = [135, 188, 153, 187, 329, 149, 24, 9, 89, 171, 131, 12, 11, 119, 623, 25, 105, 431, 739, 50, 106, 31, 25, 105, 433, 237, 481, 151, 2, 372]
T = [27392, 8998, 22701, 24806, 104298, 18206, 20003, 29393, 25204, 7304, 70426, 19802, 20900, 20606, 11702, 7297, 110996, 17798, 8101, 74497, 27500, 96818, 96099, 103688, 26309, 22095, 18497, 29793, 23198, 24695]
T2 = [63307, 101801, 72102, 87398, 140393, 74408, 17896, 8301, 41002, 81297, 57398, 5704, 5304, 55678, 274491, 11900, 51200, 192882, 336483, 22204, 48397, 14201, 11404, 45395, 189585, 107994, 212079, 68190, 1001, 162604]

id 40
F = [43, 38, 45, 56, 30, 511, 39, 54, 39, 37, 35, 209, 8, 163, 40, 29, 12, 31, 5, 10, 55, 144, 134, 16, 37, 42, 143, 42, 40, 46]
F2 = [382, 471, 184, 142, 4, 143, 254, 458, 83, 229, 19, 75, 134, 320, 13, 266, 245, 82, 139, 256, 87, 87, 86, 27, 252, 235, 80, 15, 271, 239]
T = [22404, 24802, 27102, 29400, 16396, 225676, 28201, 27996, 23602, 20599, 20800, 101599, 5999, 77007, 21396, 43502, 9699, 18903, 4298, 6901, 29704, 70305, 74001, 9799, 23198, 22314, 78203, 22693, 33602, 24999]
T2 = [171387, 214496, 94304, 64895, 2000, 51808, 122107, 199604, 38698, 110299, 9501, 39009, 64297, 137701, 6098, 133318, 119924, 38297, 68303, 119199, 40902, 38308, 38901, 13002, 124819, 107414, 37992, 6900, 131806, 199701]

id 41
F = [39, 10, 32, 40, 34, 154, 38, 139, 38, 10, 38, 134, 42, 35, 153, 10, 37, 42, 58, 6, 15, 178, 39, 221, 181, 9, 294, 203, 17, 43]
F2 = [101, 43, 14, 100, 237, 38, 14, 149, 466, 37, 245, 131, 75, 481, 83, 29, 3, 465, 198, 26, 29, 591, 451, 289, 109, 185, 206, 170, 32, 76]
T = [37602, 7500, 19000, 22196, 21399, 81792, 25597, 69397, 21210, 14400, 21695, 66789, 24596, 19702, 74683, 6899, 20302, 25595, 30004, 5097, 9009, 89079, 21096, 103198, 88904, 7299, 143907, 99198, 12099, 40405]
T2 = [70008, 20498, 6798, 52204, 118086, 17602, 8698, 67405, 214595, 20698, 112403, 59607, 41709, 224089, 38397, 13502, 1498, 200787, 92114, 12498, 14503, 243529, 196893, 121979, 50185, 89406, 85407, 75598, 18794, 35297]

id 42
F = [11, 32, 41, 153, 40, 13, 7, 33, 39, 140, 144, 8, 34, 190, 41, 8, 141, 42, 26, 37, 36, 32, 195, 48, 55, 35, 11, 140, 38, 16]
F2 = [30, 175, 88, 41, 131, 18, 188, 2, 398, 345, 81, 36, 140, 179, 2, 130, 50, 377, 157, 242, 19, 74, 407, 140, 82, 160, 31, 37, 9, 118]
T = [8001, 26108, 22699, 75383, 26098, 13300, 6502, 21800, 26700, 67689, 74489, 5697, 21099, 90792, 21310, 7000, 70189, 22806, 15209, 20595, 21000, 21998, 97692, 26499, 29601, 21401, 9200, 67401, 23804, 21695]
T2 = [14707, 91098, 41302, 18694, 70291, 8396, 90287, 1001, 206080, 147207, 47491, 17702, 65080, 88699, 1199, 64092, 22994, 180383, 149112, 115612, 9101, 42911, 167604, 65006, 39003, 82589, 24400, 17089, 4199, 58109]

id 43
F = [186, 198, 39, 61, 7, 186, 120, 42, 150, 10, 310, 9, 26, 193, 35, 13, 45, 200, 150, 38, 36, 11, 16, 39, 58, 187, 37, 39, 33, 125]
F2 = [320, 21, 99, 84, 180, 185, 196, 12, 291, 128, 213, 124, 167, 26, 19, 123, 83, 85, 43, 440, 17, 36, 29, 146, 78, 224, 249, 197, 245, 45]
T = [89796, 96311, 21698, 35401, 5403, 91218, 59308, 22895, 78290, 6599, 149609, 9199, 15410, 144809, 21800, 8202, 24705, 95401, 73593, 20494, 21302, 8401, 10100, 21094, 30090, 91366, 20508, 22503, 17204, 61196]
T2 = [136898, 9502, 71190, 38710, 83716, 80995, 88204, 5402, 127312, 60503, 88108, 59709, 80001, 16201, 10096, 57592, 38285, 37100, 19201, 194824, 8198, 24102, 14007, 73105, 50405, 116118, 115684, 91209, 111698, 20200]

id 44
F = [39, 11, 47, 42, 36, 46, 40, 29, 13, 34, 168, 37, 57, 34, 54, 38, 150, 404, 200, 143, 10, 11, 40, 188, 38, 7, 184, 51, 58, 45]
F2 = [192, 27, 256, 373, 183, 178, 573, 166, 128, 144, 41, 15, 289, 383, 459, 2, 42, 113, 150, 42, 30, 33, 154, 203, 553, 191, 91, 266, 152, 140]
T = [20901, 8198, 25501, 22994, 19200, 28805, 21791, 22800, 9103, 19506, 89226, 20798, 31006, 23105, 29897, 21802, 78782, 223094, 100581, 71810, 7703, 7599, 21400, 90194, 22007, 11800, 88710, 33789, 29804, 25297]
T2 = [87687, 13102, 115902, 172894, 82696, 84912, 252790, 96478, 61585, 67499, 19202, 7304, 135804, 176592, 199293, 900, 38809, 45802, 65095, 19592, 19008, 15497, 70890, 91307, 239279, 89103, 39095, 122893, 71012, 65984]

id 45
F = [36, 14, 49, 8, 189, 8, 226, 122, 38, 43, 39, 38, 41, 15, 140, 39, 47, 220, 41, 10, 18, 43, 44, 28, 131, 43, 45, 14, 50, 296]
F2 = [257, 130, 142, 130, 10, 30, 271, 16, 18, 134, 239, 243, 15, 27, 41, 247, 100, 105, 91, 25, 121, 2, 144, 160, 18, 229, 14, 133, 156, 217]
T = [21600, 13704, 37400, 7101, 106781, 6404, 129104, 62988, 21300, 22591, 20701, 20796, 21296, 9597, 67710, 24590, 24310, 106817, 21904, 9695, 10796, 23400, 24998, 18503, 63398, 23198, 50794, 12600, 26397, 138780]
T2 = [120106, 60375, 83814, 62201, 4398, 14404, 133798, 8001, 8803, 62403, 108806, 114897, 7199, 13104, 18997, 115619, 46701, 47493, 42995, 11901, 56304, 902, 67917, 83265, 8097, 108613, 13699, 62001, 70387, 88392]

id 46
F = [238, 195, 41, 13, 295, 45, 35, 45, 110, 172, 40, 36, 50, 36, 8, 154, 37, 45, 183, 33, 137, 8, 42, 44, 52, 36, 43, 13, 41, 149]
F2 = [487, 10, 261, 128, 37, 20, 370, 195, 15, 181, 22, 16, 176, 15, 30, 150, 460, 246, 18, 162, 354, 38, 399, 6, 139, 246, 101, 29, 201, 168]
T = [113190, 94327, 22792, 9602, 198211, 22999, 19389, 23608, 56298, 83896, 21688, 19997, 25795, 20198, 5802, 77390, 20396, 24005, 103088, 18297, 69188, 7100, 22410, 23102, 26594, 21601, 23795, 10099, 26199, 73699]
T2 = [195792, 4701, 129496, 60908, 19301, 9003, 163099, 90695, 7004, 79691, 10602, 7404, 80880, 7095, 14105, 67792, 200381, 111696, 9502, 75599, 155012, 18594, 184396, 2903, 64591, 112104, 46186, 14301, 92693, 80703]

id 47
F = [133, 17, 45, 38, 126, 43, 197, 150, 17, 30, 36, 11, 281, 185, 43, 43, 31, 47, 152, 50, 135, 11, 37, 43, 40, 13, 40, 38, 37, 299]
F2 = [45, 124, 90, 159, 70, 76, 38, 142, 128, 102, 196, 124, 212, 29, 461, 332, 186, 13, 381, 91, 30, 137, 141, 15, 453, 23, 132, 87, 244, 208]
T = [76112, 11399, 27698, 22401, 64103, 25792, 94765, 123905, 12901, 17003, 24400, 8503, 130802, 91597, 22396, 22998, 19991, 24099, 75000, 26806, 66498, 9102, 21193, 23302, 21196, 19400, 22897, 21200, 88396, 166305]
T2 = [21800, 58188, 42381, 73818, 33895, 36709, 17600, 160183, 65316, 46892, 103211, 62305, 89280, 13705, 202481, 150313, 100697, 6100, 165608, 41696, 14003, 64989, 65190, 7296, 196881, 18901, 61798, 41896, 186698, 84195]

id 48
F = [203, 7, 142, 46, 15, 125, 276, 42, 523, 36, 37, 42, 118, 48, 19, 192, 12, 15, 210, 104, 36, 136, 226, 11, 44, 39, 56, 44, 43, 166]
F2 = [30, 30, 36, 15, 129, 68, 41, 250, 8, 462, 141, 149, 21, 469, 21, 311, 26, 141, 238, 360, 143, 40, 519, 26, 134, 3, 91, 146, 244, 43]
T = [98104, 5102, 68487, 25297, 10001, 61106, 130515, 21911, 234599, 21397, 19099, 22297, 66906, 25901, 11709, 93207, 10600, 10804, 112692, 51598, 20004, 66487, 270321, 8703, 24984, 21604, 29300, 23504, 25305, 83701]
T2 = [13401, 14398, 16005, 7001, 60884, 31604, 18192, 114198, 4001, 259689, 66095, 70207, 9799, 204301, 9502, 131809, 12599, 65809, 107099, 154887, 67095, 18202, 229119, 16603, 67405, 1500, 42496, 67089, 119196, 19601]

id 49
F = [27, 36, 39, 9, 129, 41, 45, 7, 10, 46, 33, 49, 41, 183, 39, 39, 138, 33, 45, 35, 33, 9, 11, 14, 42, 68, 35, 9, 135, 134]
F2 = [267, 147, 2, 32, 379, 459, 81, 190, 27, 97, 11, 133, 346, 91, 548, 176, 338, 267, 223, 9, 357, 484, 135, 31, 445, 148, 81, 196, 45, 38]
T = [16001, 20707, 20306, 6998, 63009, 24198, 25908, 5204, 11004, 24100, 19799, 25198, 24005, 90605, 27001, 23995, 83608, 23809, 23391, 21100, 18601, 7202, 8799, 15201, 22800, 39096, 23088, 8601, 72089, 66492]
T2 = [123186, 67700, 1100, 16105, 162985, 201473, 42804, 89890, 12795, 45996, 5196, 61506, 170112, 40014, 303636, 82498, 191331, 138281, 104120, 4603, 158403, 210497, 73002, 17191, 197183, 74070, 40206, 102904, 20400, 17310]

id 50
F = [34, 42, 57, 134, 12, 138, 26, 45, 296, 9, 26, 44, 146, 52, 204, 33, 37, 37, 49, 48, 169, 9, 47, 46, 34, 41, 10, 40, 133, 45]
F2 = [14, 413, 460, 35, 32, 41, 135, 247, 31, 26, 97, 13, 360, 421, 11, 149, 146, 18, 244, 96, 149, 272, 263, 159, 362, 265, 199, 230, 357, 269]
T = [21497, 23805, 32494, 67009, 7797, 68199, 14701, 44304, 158097, 6602, 19798, 24499, 79808, 36798, 98607, 19908, 23797, 33793, 26803, 28898, 84002, 6400, 24197, 25602, 18793, 26606, 7002, 20798, 72108, 30907]
T2 = [6991, 181406, 213094, 15706, 15597, 18999, 63393, 113294, 14811, 12405, 67699, 6200, 154702, 210025, 4903, 95705, 78887, 11304, 115100, 48113, 66886, 125197, 117809, 92225, 162996, 121076, 93299, 105104, 167704, 137903]

id 51
F = [31, 41, 271, 15, 11, 35, 126, 158, 129, 123, 112, 131, 45, 42, 22, 148, 53, 15, 45, 11, 41, 209, 42, 44, 58, 167, 46, 142, 53, 16]
F2 = [127, 153, 216, 255, 191, 13, 381, 137, 188, 153, 377, 156, 15, 251, 156, 43, 437, 26, 16, 202, 95, 204, 13, 292, 95, 555, 89, 309, 93, 118]
T = [20105, 20702, 127688, 9200, 7203, 19496, 62998, 77094, 67303, 60580, 57991, 64483, 24107, 26096, 17006, 72009, 32903, 9101, 33597, 10699, 22293, 101790, 21195, 24805, 30105, 83405, 29197, 75992, 27894, 11401]
T2 = [60306, 71402, 92616, 135599, 91901, 6099, 162808, 61906, 85413, 68906, 169308, 69706, 7099, 124194, 88003, 18800, 190704, 11902, 8397, 94111, 44702, 88702, 6300, 135405, 47898, 243491, 46696, 145570, 43097, 56593]

id 52
F = [51, 127, 11, 48, 39, 144, 139, 12, 12, 43, 47, 122, 44, 16, 33, 38, 54, 250, 177, 38, 231, 132, 47, 12, 131, 35, 144, 40, 36, 32]
F2 = [138, 22, 121, 143, 16, 277, 186, 500, 24, 234, 93, 74, 151, 23, 132, 78, 90, 252, 308, 166, 69, 42, 91, 30, 391, 92, 278, 187, 253, 26]
T = [27707, 65209, 8205, 25297, 25290, 82426, 67599, 8201, 9196, 23697, 25897, 59102, 23897, 11201, 17696, 24295, 28500, 119698, 92932, 20905, 110605, 65104, 24688, 8598, 63509, 21108, 70897, 22507, 21500, 18195]
T2 = [63808, 9996, 57409, 66410, 9403, 136621, 81691, 212528, 11502, 109013, 43592, 33307, 69702, 12399, 61095, 36693, 41979, 111702, 148990, 76809, 30003, 19687, 42601, 14097, 166201, 42604, 127107, 84685, 116596, 11896]

id 53
F = [33, 10, 140, 11, 40, 143, 44, 52, 67, 48, 13, 37, 151, 41, 37, 37, 44, 44, 132, 154, 16, 136, 33, 12, 42, 48, 16, 286, 196, 35]
F2 = [269, 904, 37, 146, 155, 139, 190, 278, 93, 142, 25, 248, 273, 132, 25, 17, 94, 94, 82, 367, 31, 47, 451, 139, 157, 246, 31, 533, 94, 255]
T = [19607, 8501, 71092, 7802, 21499, 71803, 24603, 26995, 34610, 25995, 9600, 18998, 75606, 22300, 20800, 28195, 23303, 27094, 71991, 83312, 9597, 67085, 23096, 7501, 24503, 25401, 13004, 133113, 95497, 18808]
T2 = [128991, 376254, 17699, 68702, 83502, 79696, 90016, 125596, 43223, 79808, 12103, 114110, 145477, 61097, 11503, 8098, 43292, 48789, 68201, 163585, 14604, 22094, 204192, 66094, 71991, 111596, 15204, 234484, 42199, 123401]

id 54
F = [133, 146, 122, 14, 11, 44, 42, 15, 34, 30, 53, 50, 11, 11, 30, 10, 38, 140, 41, 32, 212, 35, 266, 36, 172, 43, 118, 510, 12, 216]
F2 = [389, 43, 74, 28, 28, 233, 11, 120, 91, 167, 83, 98, 327, 249, 16, 18, 183, 78, 17, 464, 44, 477, 210, 27, 320, 11, 504, 9, 31, 275]
T = [65279, 74994, 61504, 11195, 7302, 23593, 23699, 9405, 18596, 17596, 27314, 28100, 7400, 8297, 16499, 6198, 20204, 71819, 22891, 25094, 101397, 26001, 123812, 20097, 87706, 26401, 59004, 224973, 12800, 117004]
T2 = [179306, 18888, 34192, 14404, 13501, 105186, 5100, 56885, 43798, 77573, 39091, 47508, 150319, 116088, 7497, 8502, 91137, 37803, 8000, 215896, 21600, 211580, 87995, 13103, 136390, 5598, 247484, 3499, 14599, 135180]

id 55
F = [13, 9, 193, 35, 36, 203, 132, 9, 44, 285, 49, 42, 144, 50, 186, 32, 39, 41, 14, 32, 14, 46, 8, 300, 14, 54, 54, 32, 12, 30]
F2 = [120, 37, 81, 331, 14, 91, 34, 32, 155, 58, 463, 259, 134, 12, 322, 242, 98, 135, 359, 130, 378, 100, 24, 35, 132, 297, 141, 134, 134, 391]
T = [8897, 13799, 93426, 23304, 19094, 98115, 63392, 7202, 23405, 143700, 27407, 22693, 70095, 34990, 88887, 18413, 21006, 22597, 9403, 18198, 10298, 28000, 6601, 138782, 8595, 28095, 51303, 19704, 8793, 19896]
T2 = [56501, 17695, 36611, 159399, 6799, 39494, 15697, 14898, 79889, 25697, 204974, 122212, 60414, 6102, 146313, 116210, 45906, 67213, 162902, 61407, 177111, 46792, 11590, 15093, 61787, 134393, 118898, 63000, 75309, 177682]

id 56
F = [39, 134, 11, 48, 45, 34, 41, 17, 151, 183, 33, 38, 11, 194, 39, 141, 58, 46, 51, 39, 245, 227, 37, 41, 288, 181, 182, 151, 48, 149]
F2 = [10, 34, 33, 2, 401, 180, 15, 34, 43, 13, 20, 8, 130, 183, 11, 49, 82, 399, 80, 460, 223, 287, 108, 2, 179, 118, 126, 43, 253, 32]
T = [25501, 64596, 10999, 30295, 26000, 24903, 22006, 24297, 81286, 89590, 21599, 20301, 9597, 92610, 22403, 68902, 30989, 26196, 32104, 22393, 127699, 116197, 30210, 23900, 136283, 87593, 89198, 74809, 26100, 72792]
T2 = [4801, 15496, 15204, 997, 185980, 114103, 7295, 19898, 19904, 6003, 9493, 3794, 61205, 81705, 5900, 21399, 37594, 196926, 37491, 239301, 100587, 124804, 98411, 901, 74608, 51992, 55708, 19700, 121394, 14396]

id 57
F = [32, 34, 121, 9, 14, 17, 180, 7, 50, 147, 206, 43, 18, 12, 26, 8, 39, 35, 9, 14, 53, 6, 38, 137, 133, 199, 57, 48, 32, 6]
F2 = [155, 17, 62, 29, 19, 126, 177, 31, 254, 300, 102, 17, 492, 27, 158, 22, 143, 191, 29, 32, 839, 29, 107, 30, 42, 155, 139, 138, 237, 184]
T = [20995, 18901, 62705, 6500, 10501, 18708, 110481, 5804, 30702, 72108, 98505, 23098, 10508, 7597, 16301, 5601, 21496, 19999, 8199, 8300, 28903, 9803, 27789, 73905, 83922, 95412, 29802, 27297, 17596, 11500]
T2 = [94207, 8101, 28004, 13703, 10295, 62416, 113086, 15103, 117819, 130189, 45189, 8200, 216401, 13403, 73691, 10301, 67182, 88594, 14102, 15486, 336485, 17200, 69102, 13412, 25701, 68205, 63003, 65193, 106507, 103411]

id 58
F = [45, 33, 43, 148, 225, 142, 56, 48, 20, 9, 146, 33, 41, 10, 34, 123, 60, 52, 46, 135, 37, 7, 50, 9, 37, 39, 37, 45, 35, 9]
F2 = [242, 246, 253, 143, 15, 50, 131, 250, 33, 180, 16, 2, 255, 304, 255, 372, 95, 11, 290, 29, 367, 24, 15, 329, 399, 147, 2, 145, 180, 134]
T = [24394, 19105, 23694, 71006, 111103, 108706, 29697, 28804, 18605, 8300, 78400, 22301, 24301, 6804, 53794, 64792, 30799, 28889, 31405, 67200, 20001, 6098, 29206, 8697, 31096, 21106, 19498, 24096, 19005, 7902]
T2 = [111200, 114010, 115789, 63108, 6900, 26496, 59022, 154903, 18097, 85091, 7399, 998, 124685, 138099, 119214, 163694, 44013, 5499, 197401, 13506, 161222, 11605, 9600, 164387, 216875, 68498, 1100, 68103, 86678, 62896]

id 59
F = [32, 41, 42, 42, 155, 198, 14, 280, 124, 46, 44, 138, 20, 10, 153, 30, 11, 41, 32, 9, 186, 40, 40, 257, 14, 36, 15, 31, 469, 27]
F2 = [13, 185, 567, 145, 44, 176, 347, 208, 14, 390, 16, 307, 123, 304, 153, 109, 292, 17, 23, 180, 23, 13, 188, 35, 26, 271, 496, 11, 59, 8]
T = [18699, 23501, 30904, 28397, 74106, 95580, 8304, 134289, 61384, 24694, 23599, 68698, 11693, 7804, 92684, 18202, 9301, 24102, 18499, 6503, 90303, 29205, 20702, 124505, 13303, 21700, 9302, 17601, 220098, 24201]
T2 = [6298, 85295, 245310, 67901, 20097, 75906, 156486, 85494, 6701, 207110, 7998, 133196, 61207, 138288, 68684, 51286, 139080, 9300, 11298, 94798, 10399, 7306, 87202, 15713, 12300, 123806, 231016, 5203, 22107, 5701]

id 60
F = [191, 35, 43, 189, 41, 132, 198, 28, 43, 140, 182, 5, 201, 288, 33, 202, 279, 64, 49, 32, 33, 227, 30, 60, 32, 42, 139, 43, 13, 33]
F2 = [91, 8, 238, 108, 183, 449, 273, 255, 17, 299, 147, 185, 30, 593, 16, 100, 227, 215, 146, 234, 6, 63, 103, 126, 461, 15, 46, 183, 29, 16]
T = [91601, 19398, 30605, 179100, 24203, 95702, 102296, 21608, 22898, 68913, 89103, 5402, 96597, 131790, 18507, 98695, 130302, 33490, 26995, 23700, 18793, 111514, 17205, 31685, 20903, 22506, 83698, 22713, 8594, 19508]
T2 = [39781, 3702, 108776, 54896, 102701, 224486, 118907, 148418, 7901, 128496, 64495, 87400, 13994, 221164, 7599, 44490, 94198, 96794, 67577, 119007, 2898, 27799, 48706, 57378, 221199, 7301, 30103, 83996, 14300, 7500]

id 61
F = [15, 43, 43, 39, 33, 37, 221, 56, 44, 43, 36, 142, 211, 7, 42, 44, 15, 14, 36, 46, 29, 54, 11, 243, 145, 12, 41, 13, 213, 9]
F2 = [126, 256, 235, 18, 136, 13, 281, 579, 16, 16, 99, 45, 251, 24, 243, 133, 136, 29, 147, 156, 77, 195, 476, 252, 165, 134, 147, 27, 306, 19]
T = [9302, 24592, 22705, 24304, 18596, 21901, 103706, 28900, 25002, 22305, 23300, 71518, 108920, 6401, 27801, 23006, 12501, 10803, 24102, 27794, 22699, 36102, 9100, 128825, 73498, 8499, 23703, 9201, 133690, 7200]
T2 = [59390, 119118, 108502, 8597, 64005, 5895, 132700, 273899, 7298, 7502, 47413, 28891, 132710, 11408, 146292, 63808, 65516, 15896, 69207, 71405, 46902, 101692, 239589, 105298, 74205, 63306, 80406, 13003, 143789, 9101]

id 62
F = [155, 189, 51, 13, 12, 55, 181, 49, 39, 39, 29, 45, 41, 9, 13, 40, 285, 49, 42, 12, 27, 34, 43, 60, 38, 299, 17, 53, 152, 223]
F2 = [46, 153, 699, 28, 27, 89, 132, 13, 253, 136, 25, 30, 3, 145, 30, 139, 155, 264, 196, 142, 92, 125, 139, 104, 179, 43, 29, 254, 42, 103]
T = [75502, 97687, 27798, 10399, 7602, 28599, 115516, 31309, 23402, 20699, 17101, 22394, 23592, 8200, 9099, 23391, 134407, 27294, 21795, 8298, 15707, 19008, 23303, 31301, 27502, 138317, 16195, 29296, 75405, 107997]
T2 = [21000, 76412, 302151, 14098, 12705, 42590, 58010, 7504, 114498, 70199, 12095, 13898, 1599, 66615, 14795, 80593, 66495, 118893, 95812, 66600, 42897, 58604, 63512, 48289, 109089, 19599, 13803, 114804, 18791, 45094]

id 63
F = [190, 55, 13, 33, 17, 13, 8, 127, 44, 136, 126, 10, 48, 43, 37, 154, 130, 195, 37, 38, 177, 39, 39, 37, 136, 42, 181, 39, 43, 293]
F2 = [16, 598, 26, 252, 25, 38, 28, 17, 395, 42, 20, 41, 234, 486, 254, 41, 17, 221, 180, 20, 322, 12, 18, 16, 77, 137, 16, 400, 2, 215]
T = [95396, 28999, 9804, 18103, 16799, 9901, 9395, 64399, 25597, 110611, 62489, 9101, 25697, 23503, 20204, 81802, 63199, 94593, 20296, 21996, 86998, 20901, 21696, 20199, 68806, 22305, 217098, 21399, 24603, 139617]
T2 = [7102, 250263, 12192, 113372, 83410, 18893, 22199, 7995, 187279, 21501, 9400, 19600, 125221, 222995, 116489, 17605, 8403, 93519, 83611, 9795, 139573, 5595, 8098, 7399, 35997, 63801, 7601, 199030, 1101, 87205]

id 64
F = [33, 33, 48, 37, 129, 8, 198, 140, 18, 33, 37, 203, 7, 279, 35, 29, 161, 44, 126, 68, 13, 50, 202, 47, 44, 61, 11, 35, 150, 38]
F2 = [148, 5, 231, 456, 18, 30, 631, 351, 31, 467, 138, 281, 36, 519, 561, 386, 349, 158, 359, 102, 312, 230, 87, 365, 12, 454, 185, 89, 144, 2]
T = [19897, 19100, 26100, 22398, 63111, 5800, 97103, 76413, 11403, 18501, 20002, 99193, 6097, 135504, 21006, 18792, 78908, 24495, 63300, 37495, 15399, 27793, 97994, 25201, 24193, 30699, 7302, 20500, 74104, 21101]
T2 = [68904, 2192, 105302, 198915, 8397, 14899, 240710, 160689, 14596, 204103, 64195, 132102, 17394, 202076, 276901, 176864, 148981, 72808, 153701, 52606, 167110, 106513, 40511, 169301, 5602, 199698, 85797, 41899, 64879, 999]

id 65
F = [12, 7, 490, 42, 190, 16, 38, 191, 44, 49, 17, 50, 21, 35, 32, 192, 62, 52, 9, 148, 14, 43, 44, 14, 37, 10, 42, 37, 33, 11]
F2 = [120, 868, 2, 2, 146, 35, 557, 14, 242, 450, 316, 86, 35, 231, 136, 35, 269, 14, 125, 136, 21, 235, 237, 130, 143, 132, 11, 233, 254, 25]
T = [9196, 5599, 223106, 21300, 432211, 11206, 20797, 93409, 22391, 25294, 10304, 26503, 11599, 21397, 18705, 92619, 32000, 27992, 12500, 72283, 10202, 23297, 23794, 8305, 20401, 6998, 22596, 23306, 18598, 7700]
T2 = [58985, 347375, 1099, 999, 65297, 16601, 250596, 6506, 111087, 196594, 143005, 40309, 16206, 106012, 62795, 17004, 122692, 6901, 60694, 62208, 16495, 106906, 116381, 60996, 66205, 62899, 5000, 104796, 115074, 12297]

id 66
F = [27, 8, 64, 50, 139, 46, 307, 33, 35, 45, 28, 39, 56, 130, 42, 224, 55, 11, 33, 43, 40, 125, 14, 46, 189, 10, 35, 34, 15, 17]
F2 = [27, 26, 152, 173, 38, 92, 212, 13, 86, 240, 157, 241, 90, 90, 15, 270, 147, 469, 156, 203, 195, 43, 20, 249, 72, 181, 13, 2, 19, 29]
T = [15993, 10099, 33190, 29902, 68095, 23584, 147989, 18204, 19699, 23199, 16204, 20805, 52213, 66589, 21996, 109714, 28609, 11700, 18495, 28210, 22498, 62399, 14100, 26601, 88498, 9902, 23594, 22299, 10401, 11800]
T2 = [12797, 12183, 69286, 84517, 17298, 45999, 84499, 6300, 56194, 109193, 72091, 111705, 42987, 43098, 7401, 115986, 69299, 209820, 72307, 141300, 93402, 19094, 10400, 121281, 46593, 85185, 6103, 2499, 9599, 14803]

id 67
F = [48, 45, 43, 111, 53, 15, 45, 26, 172, 10, 39, 42, 146, 17, 6, 10, 42, 11, 196, 45, 41, 26, 144, 36, 40, 32, 34, 131, 6, 43]
F2 = [99, 140, 148, 17, 104, 194, 93, 4, 18, 180, 19, 11, 45, 132, 38, 28, 394, 35, 90, 150, 9, 121, 375, 2, 261, 253, 3, 372, 260, 483]
T = [32594, 24503, 25703, 54695, 29301, 18999, 24293, 14204, 82296, 7500, 21501, 21713, 74718, 10393, 5697, 7898, 22605, 7002, 98514, 23909, 21499, 14404, 93616, 19803, 22688, 18400, 18200, 72199, 4598, 23609]
T2 = [70107, 66701, 70993, 8000, 48289, 153603, 49907, 1900, 8600, 84694, 9203, 5199, 20408, 112095, 18199, 18709, 176201, 16599, 53306, 73194, 4401, 58104, 165289, 1001, 120009, 115773, 1399, 165499, 130910, 227434]

id 68
F = [14, 37, 42, 55, 36, 519, 42, 62, 12, 131, 201, 35, 8, 47, 230, 47, 11, 45, 35, 144, 34, 294, 37, 148, 37, 57, 13, 53, 10, 180]
F2 = [32, 245, 12, 82, 144, 9, 384, 92, 32, 148, 90, 2, 34, 15, 133, 153, 123, 336, 477, 353, 153, 8, 142, 43, 241, 135, 839, 94, 279, 161]
T = [8502, 19406, 22803, 32097, 19102, 226493, 21798, 40092, 7701, 64613, 95179, 19707, 5398, 26198, 143809, 27114, 9302, 26400, 21301, 71511, 19500, 143690, 20498, 71794, 19898, 29395, 9704, 27297, 6701, 87605]
T2 = [15208, 115015, 5702, 38102, 69096, 3693, 168266, 41996, 15502, 67201, 40806, 1001, 16702, 7303, 69806, 69699, 58402, 183091, 209094, 159307, 71286, 3204, 65792, 20093, 112015, 61710, 344345, 44401, 127883, 72075]

id 69
F = [301, 43, 27, 297, 210, 218, 39, 111, 38, 45, 151, 52, 46, 42, 37, 44, 36, 135, 174, 44, 43, 217, 37, 126, 125, 39, 32, 277, 124, 51]
F2 = [34, 12, 259, 201, 277, 586, 253, 391, 18, 233, 363, 80, 360, 145, 394, 13, 183, 37, 491, 263, 136, 82, 147, 17, 17, 2, 178, 215, 76, 88]
T = [141898, 28700, 16001, 142513, 97096, 105697, 24503, 54709, 20402, 26511, 75993, 26599, 25505, 22897, 19595, 23597, 21402, 68488, 113700, 22998, 22407, 103109, 172902, 61604, 62408, 20196, 19700, 131298, 62796, 27799]
T2 = [13998, 5705, 146900, 103510, 125106, 476900, 204795, 175823, 8798, 105602, 155703, 37003, 161111, 66814, 179615, 6397, 83705, 17194, 295111, 117559, 63999, 36506, 69285, 7995, 8003, 1000, 82206, 126506, 35400, 49514]

id 70
F = [303, 10, 34, 11, 37, 39, 36, 15, 37, 212, 47, 173, 35, 10, 17, 13, 18, 12, 13, 12, 39, 33, 11, 33, 178, 41, 26, 181, 29, 139]
F2 = [200, 41, 15, 26, 142, 138, 20, 494, 81, 29, 152, 14, 144, 31, 134, 123, 26, 264, 33, 22, 82, 189, 31, 108, 11, 84, 95, 135, 273, 323]
T = [140788, 6399, 18599, 7501, 18999, 22595, 20900, 10297, 20994, 106191, 27807, 84603, 25200, 7603, 25295, 9497, 10897, 9496, 14003, 8801, 22300, 17800, 9200, 18497, 91493, 23599, 15301, 86611, 17501, 84910]
T2 = [81781, 18999, 7402, 12398, 66088, 64486, 9598, 216507, 41005, 16701, 71708, 6803, 96198, 16503, 86594, 58399, 12595, 140397, 15497, 10300, 38901, 87598, 14808, 50017, 8502, 40197, 44499, 68396, 124397, 147214]

id 71
F = [59, 298, 139, 36, 57, 12, 48, 11, 6, 179, 11, 191, 31, 41, 42, 418, 44, 10, 35, 48, 40, 40, 39, 28, 8, 38, 8, 11, 132, 38]
F2 = [91, 37, 307, 2, 95, 179, 458, 25, 121, 338, 261, 26, 2, 448, 181, 65, 238, 132, 75, 241, 97, 79, 143, 2, 38, 147, 470, 30, 351, 25]
T = [32597, 138870, 72494, 20302, 30909, 15603, 42096, 8303, 7599, 86004, 9402, 97505, 17399, 36908, 29601, 201704, 23704, 9900, 18897, 26813, 24795, 22807, 23799, 19194, 65298, 19797, 9498, 7798, 73006, 20494]
T2 = [43101, 16300, 131589, 902, 44505, 406096, 232917, 11899, 66096, 144420, 125117, 14596, 1099, 412185, 92690, 31204, 126118, 112605, 34910, 109561, 50802, 36892, 86790, 999, 38094, 68628, 204363, 14504, 151409, 11907]

id 72
F = [132, 43, 12, 13, 9, 36, 45, 314, 34, 12, 29, 153, 40, 11, 39, 123, 43, 57, 12, 224, 9, 141, 135, 14, 39, 50, 51, 45, 46, 139]
F2 = [49, 149, 29, 23, 324, 18, 160, 126, 473, 29, 14, 72, 11, 137, 17, 170, 12, 146, 29, 110, 27, 154, 30, 35, 143, 276, 149, 156, 254, 39]
T = [69507, 36201, 25602, 9997, 10600, 25105, 24399, 163496, 18099, 11804, 18804, 75801, 35700, 7801, 22507, 60416, 30297, 30693, 8295, 114819, 6195, 71903, 68414, 9501, 21399, 25796, 26804, 27206, 24592, 68703]
T2 = [22599, 167396, 16701, 12305, 148200, 8501, 75400, 68298, 204632, 16102, 7300, 32515, 7098, 64389, 8202, 77498, 5905, 69993, 15492, 51100, 12599, 68291, 13703, 16302, 65908, 126379, 69302, 74701, 137894, 17703]

id 73
F = [42, 42, 133, 63, 38, 32, 35, 144, 234, 195, 126, 111, 56, 139, 38, 153, 112, 13, 189, 140, 146, 44, 10, 42, 40, 37, 146, 115, 10, 32]
F2 = [140, 75, 91, 153, 10, 13, 15, 146, 272, 92, 22, 67, 80, 279, 179, 464, 20, 32, 319, 78, 82, 69, 143, 12, 2, 179, 305, 344, 30, 10]
T = [26997, 29199, 64393, 33090, 23201, 21103, 32901, 87620, 114836, 95801, 60908, 61899, 47897, 90007, 20197, 75798, 58802, 9497, 143585, 67109, 78790, 23700, 7302, 23006, 21003, 22005, 83694, 60605, 6700, 19205]
T2 = [64903, 34997, 40395, 70498, 4704, 6400, 8394, 64302, 118496, 40601, 10195, 30403, 37698, 154209, 82505, 191612, 12410, 15496, 450114, 35608, 44498, 32696, 70512, 5798, 1000, 82200, 130907, 154884, 14595, 6999]

id 74
F = [174, 134, 12, 40, 12, 39, 44, 522, 42, 60, 9, 35, 146, 266, 31, 40, 45, 57, 44, 9, 15, 10, 40, 209, 53, 204, 37, 34, 12, 33]
F2 = [491, 381, 30, 232, 305, 140, 16, 9, 8, 87, 209, 79, 297, 206, 575, 262, 139, 455, 15, 135, 25, 24, 774, 28, 137, 90, 156, 209, 313, 165]
T = [83816, 64584, 8597, 27396, 9803, 35103, 24702, 267437, 22199, 33992, 7401, 21902, 95503, 126296, 18603, 24300, 37803, 30009, 23493, 6096, 13400, 9901, 23803, 108079, 28097, 104394, 20599, 20204, 12507, 18200]
T2 = [205007, 160995, 14195, 106715, 179787, 74215, 7298, 3398, 3800, 43897, 105795, 36782, 145425, 85804, 250118, 181099, 68687, 201610, 7198, 62907, 12303, 12100, 330806, 12697, 63707, 39902, 72795, 95209, 172599, 77405]

id 75
F = [17, 36, 57, 57, 14, 34, 11, 38, 33, 35, 140, 132, 195, 57, 13, 52, 40, 280, 38, 32, 140, 39, 40, 30, 59, 13, 134, 14, 38, 35]
F2 = [189, 463, 803, 95, 29, 147, 276, 555, 324, 277, 141, 76, 309, 100, 33, 150, 398, 99, 24, 273, 80, 187, 18, 4, 134, 24, 40, 32, 491, 16]
T = [10400, 19698, 32904, 30302, 8997, 18802, 10299, 20406, 17890, 19998, 66286, 65900, 122021, 29308, 20699, 27003, 22303, 129690, 21901, 19703, 68089, 23698, 21492, 18896, 30902, 8696, 73110, 8297, 29305, 18496]
T2 = [88101, 220479, 326888, 43590, 14294, 68807, 126033, 234891, 147300, 124195, 64212, 34493, 130392, 46801, 21907, 69508, 202688, 42398, 11499, 129095, 35596, 87011, 8597, 2001, 61885, 11601, 20001, 14706, 223701, 7700]

id 76
F = [38, 12, 8, 52, 34, 37, 45, 131, 44, 37, 40, 40, 286, 14, 12, 173, 15, 14, 197, 43, 37, 42, 40, 32, 179, 191, 13, 236, 36, 128]
F2 = [80, 106, 32, 2, 448, 31, 17, 140, 442, 143, 14, 2, 507, 291, 305, 16, 27, 29, 86, 167, 173, 236, 115, 129, 98, 101, 29, 280, 2, 36]
T = [21198, 10801, 7800, 27896, 22799, 32003, 23907, 127910, 25804, 19203, 22600, 22395, 134085, 12402, 11300, 82799, 11401, 8200, 96296, 32892, 20494, 22199, 22500, 19496, 86818, 93402, 10897, 111917, 21101, 63706]
T2 = [38002, 59100, 15598, 1001, 238613, 16998, 8104, 63204, 217584, 66194, 6700, 899, 223288, 139077, 164495, 7000, 12908, 13895, 38892, 95013, 80800, 117399, 54308, 61118, 44086, 45517, 15096, 116294, 1000, 17092]

id 77
F = [39, 40, 37, 39, 129, 8, 139, 231, 47, 117, 34, 41, 287, 36, 189, 37, 40, 13, 119, 39, 354, 30, 140, 137, 8, 34, 39, 207, 15, 143]
F2 = [144, 468, 482, 16, 47, 128, 41, 105, 272, 17, 16, 17, 34, 90, 17, 191, 229, 25, 13, 498, 172, 453, 152, 92, 28, 479, 141, 13, 24, 88]
T = [27207, 23507, 20404, 21000, 62602, 11496, 68018, 168412, 24006, 58192, 17598, 22897, 164004, 28099, 91192, 21498, 22092, 8899, 59810, 21589, 162069, 18903, 67887, 68916, 23003, 18100, 20401, 99278, 13199, 69903]
T2 = [66616, 204820, 207403, 7596, 21502, 60093, 18808, 52400, 125695, 7701, 9700, 7802, 16894, 45491, 7502, 87820, 106905, 12204, 5499, 224271, 71520, 207808, 86614, 41601, 24702, 204118, 66003, 5596, 11297, 39314]

id 78
F = [57, 272, 34, 173, 267, 31, 116, 32, 125, 138, 15, 40, 5, 177, 15, 147, 33, 41, 17, 15, 10, 40, 14, 39, 34, 198, 55, 13, 45, 41]
F2 = [441, 132, 378, 322, 282, 2, 205, 144, 19, 139, 38, 251, 141, 304, 187, 33, 149, 3, 23, 134, 122, 187, 31, 162, 90, 101, 440, 516, 190, 244]
T = [40599, 128919, 18500, 107080, 151704, 19903, 61810, 17401, 65004, 67701, 9698, 22702, 7700, 96210, 10600, 75104, 23897, 21906, 10996, 10304, 7300, 23601, 9504, 23401, 18407, 101403, 27791, 8499, 28106, 20989]
T2 = [203996, 62999, 172090, 193698, 114686, 1002, 111006, 67903, 8696, 62590, 18098, 115599, 80993, 129288, 86197, 16708, 78097, 1501, 11004, 81698, 57999, 91104, 13792, 74501, 43402, 44899, 192113, 227931, 87606, 112466]

id 79
F = [12, 122, 177, 35, 39, 37, 140, 13, 50, 38, 57, 54, 17, 17, 34, 12, 12, 105, 130, 11, 48, 141, 184, 13, 33, 36, 41, 223, 43, 51]
F2 = [28, 147, 320, 246, 2, 489, 42, 175, 442, 14, 85, 87, 28, 140, 137, 178, 351, 16, 89, 170, 312, 352, 305, 522, 101, 11, 442, 101, 255, 14]
T = [10198, 62601, 85501, 19794, 22799, 22398, 95410, 8702, 27093, 23694, 29797, 29101, 10796, 10603, 23903, 7900, 8099, 52697, 61908, 8602, 25396, 69090, 87787, 8600, 19107, 19602, 23200, 106197, 22995, 30113]
T2 = [21499, 65991, 157288, 224617, 1002, 219704, 21596, 81808, 192206, 7405, 40207, 42506, 17089, 65574, 134704, 86708, 158916, 7503, 40200, 82203, 141026, 149191, 127796, 235190, 47195, 5400, 208906, 45301, 118200, 8601]

id 80
F = [33, 118, 202, 14, 32, 9, 233, 42, 36, 11, 12, 37, 36, 37, 36, 219, 37, 8, 56, 30, 47, 42, 190, 7, 131, 182, 128, 50, 29, 50]
F2 = [3, 18, 307, 144, 171, 116, 110, 144, 242, 185, 29, 13, 146, 147, 161, 636, 238, 165, 458, 23, 466, 13, 85, 147, 384, 232, 45, 101, 108, 468]
T = [68893, 64602, 110610, 9601, 19402, 8199, 112194, 23988, 44594, 14200, 9198, 46999, 22898, 21908, 19395, 106984, 49110, 6698, 38591, 23896, 24901, 33699, 92922, 5699, 101710, 194696, 65896, 30306, 17602, 26507]
T2 = [2100, 8205, 151903, 68005, 188378, 59507, 51983, 69000, 150514, 430812, 15602, 7098, 71908, 68708, 75700, 243019, 115011, 77103, 241999, 24809, 201736, 9605, 42595, 132214, 266000, 118332, 21398, 54611, 55222, 203596]

id 81
F = [38, 153, 16, 57, 41, 30, 45, 36, 37, 202, 11, 32, 35, 13, 140, 15, 8, 35, 39, 45, 148, 205, 149, 31, 15, 176, 38, 41, 40, 29]
F2 = [271, 73, 166, 437, 254, 2, 15, 182, 194, 25, 151, 106, 97, 126, 146, 130, 333, 186, 137, 140, 288, 16, 37, 88, 34, 310, 18, 132, 384, 7]
T = [21703, 76899, 9403, 29701, 22407, 18697, 27901, 27596, 30000, 98301, 8604, 24106, 22193, 8899, 67301, 13702, 6598, 19796, 21199, 25703, 73512, 100517, 72303, 19405, 16999, 110393, 21903, 21700, 21804, 17198]
T2 = [125424, 32100, 81308, 197717, 117805, 1001, 6999, 85293, 107777, 11599, 71107, 49093, 44708, 59296, 82392, 79293, 156477, 164498, 63879, 64507, 137094, 7393, 17399, 43905, 16605, 133799, 8898, 62701, 175525, 3501]

id 82
F = [205, 42, 9, 12, 33, 200, 10, 8, 32, 133, 48, 190, 12, 30, 39, 49, 51, 183, 49, 41, 35, 44, 137, 54, 187, 15, 34, 44, 33, 48]
F2 = [27, 30, 200, 28, 141, 561, 26, 26, 241, 21, 81, 28, 30, 234, 154, 11, 98, 28, 200, 140, 5, 195, 177, 78, 95, 138, 161, 14, 11, 375]
T = [98793, 21787, 6500, 41303, 18396, 96381, 6603, 6800, 18705, 66003, 25800, 90007, 7900, 23396, 21097, 26906, 33798, 99094, 27007, 21804, 21098, 23001, 66201, 30908, 90197, 9502, 22297, 25204, 18796, 24999]
T2 = [12500, 21399, 101708, 14395, 65300, 220105, 12900, 12396, 117174, 10007, 44406, 12797, 14305, 107699, 71311, 5195, 54901, 12791, 92807, 65005, 2399, 90604, 78077, 36295, 42909, 66009, 74884, 6502, 5405, 173090]

id 83
F = [54, 37, 39, 33, 34, 44, 129, 154, 125, 245, 138, 31, 34, 35, 40, 41, 194, 48, 36, 34, 41, 33, 12, 31, 189, 290, 12, 20, 9, 191]
F2 = [457, 184, 17, 341, 16, 85, 39, 365, 74, 7, 138, 147, 182, 448, 262, 136, 20, 303, 458, 18, 476, 3, 30, 120, 299, 70, 20, 179, 26, 150]
T = [46899, 28089, 20304, 20202, 23104, 23900, 65796, 75992, 62311, 115780, 83007, 19209, 32094, 19301, 22099, 23412, 91890, 30392, 26407, 18497, 21896, 17699, 8298, 18395, 91505, 134015, 7797, 12499, 7503, 99307]
T2 = [198727, 84797, 8106, 154385, 8896, 38586, 17997, 154892, 35006, 3003, 70101, 68506, 86881, 212355, 117722, 62792, 9201, 153300, 204309, 8301, 208558, 1301, 14505, 56502, 125498, 30597, 9604, 82992, 12799, 67879]

id 84
F = [59, 55, 38, 185, 134, 57, 186, 34, 178, 243, 160, 15, 10, 127, 32, 40, 118, 9, 17, 11, 189, 158, 40, 41, 11, 11, 193, 195, 16, 42]
F2 = [94, 136, 465, 12, 80, 90, 78, 315, 132, 273, 39, 125, 282, 16, 19, 325, 19, 132, 19, 140, 14, 41, 274, 2, 33, 25, 135, 23, 28, 19]
T = [30804, 29207, 27409, 88297, 70210, 31610, 98706, 24899, 85109, 114602, 96502, 9698, 6998, 62502, 16901, 21098, 60203, 6198, 11298, 10700, 110788, 77321, 22304, 24810, 8702, 7296, 97487, 132691, 18902, 29997]
T2 = [44401, 63393, 215082, 5794, 38705, 42496, 34800, 154920, 59807, 114709, 17399, 58415, 128011, 7194, 8998, 150417, 8804, 62404, 9400, 65195, 8299, 19201, 126311, 999, 15497, 12695, 63009, 9701, 17406, 12802]

id 85
F = [34, 47, 37, 35, 137, 34, 12, 140, 40, 11, 176, 40, 32, 9, 44, 36, 44, 278, 42, 38, 185, 37, 46, 17, 153, 34, 11, 35, 15, 27]
F2 = [181, 193, 20, 154, 292, 177, 482, 87, 148, 24, 87, 138, 220, 31, 133, 149, 149, 74, 459, 273, 96, 2, 482, 29, 238, 476, 150, 142, 188, 103]
T = [20000, 26808, 24202, 24903, 90205, 19198, 8303, 68300, 21991, 10099, 85498, 27900, 16908, 7100, 24499, 19204, 23198, 132381, 22786, 19707, 96908, 19690, 25703, 10598, 75888, 18998, 7601, 20395, 11800, 15795]
T2 = [83404, 91414, 9094, 71489, 135075, 87303, 219733, 42796, 68922, 12005, 38391, 63005, 100599, 14800, 62400, 68901, 68493, 32296, 198101, 160007, 42002, 999, 238815, 13308, 109812, 207403, 79205, 65901, 89499, 59102]

id 86
F = [156, 42, 28, 40, 37, 15, 36, 38, 343, 7, 60, 187, 37, 226, 7, 35, 38, 14, 189, 29, 40, 145, 13, 41, 191, 41, 45, 42, 11, 43]
F2 = [239, 173, 127, 189, 13, 303, 86, 151, 78, 25, 237, 107, 173, 278, 20, 194, 145, 109, 296, 194, 17, 37, 30, 134, 139, 19, 95, 405, 30, 77]
T = [75893, 25304, 23995, 25198, 27803, 16000, 19199, 22299, 166913, 6501, 37181, 90118, 21205, 110301, 9601, 19403, 20013, 11599, 95099, 16006, 26706, 69408, 9300, 21298, 118100, 22105, 28809, 24204, 7902, 22697]
T2 = [114198, 78581, 72310, 93106, 8404, 145314, 40506, 69998, 32489, 11698, 106480, 46808, 86002, 121952, 14396, 103992, 69104, 55291, 198919, 88804, 9901, 16988, 14496, 62790, 69708, 9201, 47099, 188485, 14599, 36885]

id 87
F = [192, 14, 35, 8, 34, 136, 44, 31, 57, 13, 41, 39, 269, 14, 37, 39, 13, 201, 146, 13, 60, 39, 40, 14, 32, 209, 15, 66, 10, 143]
F2 = [14, 703, 75, 24, 263, 368, 249, 19, 93, 256, 139, 138, 7, 143, 180, 5, 29, 30, 396, 28, 481, 358, 172, 29, 136, 83, 30, 263, 25, 38]
T = [100607, 8503, 19006, 9200, 19401, 76121, 24702, 17698, 29589, 9099, 22109, 22301, 136484, 9400, 20404, 22615, 15304, 101202, 86302, 10202, 30901, 20804, 21794, 15897, 31104, 102001, 9498, 34511, 7101, 79008]
T2 = [6302, 317375, 35401, 11201, 193224, 170684, 113075, 9196, 43499, 118100, 68910, 65087, 2901, 67704, 89695, 2399, 14200, 14396, 167603, 13298, 219312, 170789, 80026, 20797, 76605, 36393, 14104, 116426, 11692, 17198]

id 88
F = [35, 48, 58, 12, 40, 47, 28, 48, 38, 14, 220, 39, 33, 12, 42, 201, 218, 34, 37, 44, 52, 16, 27, 11, 141, 195, 203, 196, 154, 59]
F2 = [10, 146, 154, 29, 2, 146, 34, 162, 2, 22, 269, 449, 136, 243, 139, 85, 83, 184, 107, 15, 632, 40, 2, 21, 68, 192, 11, 94, 258, 814]
T = [25900, 27904, 90791, 14102, 37590, 25699, 16100, 25501, 36096, 9594, 186415, 20700, 24507, 6801, 24097, 97993, 114504, 19199, 19998, 28403, 26306, 15000, 18702, 8598, 70098, 93596, 102600, 92391, 79113, 31488]
T2 = [7698, 96297, 145787, 15000, 999, 73299, 17008, 74504, 3098, 10599, 177189, 193083, 65991, 113187, 64804, 37398, 38798, 91496, 50812, 7701, 269186, 20089, 1098, 10206, 31599, 80598, 4498, 41499, 114303, 329214]

id 89
F = [37, 58, 32, 138, 37, 32, 118, 12, 181, 34, 141, 49, 36, 44, 142, 21, 30, 138, 66, 12, 35, 37, 177, 37, 20, 14, 36, 7, 41, 193]
F2 = [18, 462, 295, 158, 158, 156, 24, 30, 16, 2, 44, 132, 279, 143, 69, 28, 463, 548, 603, 25, 172, 194, 145, 344, 23, 37, 90, 124, 93, 241]
T = [27597, 29606, 20003, 67184, 21288, 17603, 59196, 13399, 86998, 18095, 69897, 39005, 26599, 24106, 72694, 11697, 20698, 135400, 39398, 8502, 19697, 26301, 86514, 22000, 13202, 9902, 20099, 6398, 28189, 91589]
T2 = [11204, 203899, 142415, 71610, 73385, 72701, 10998, 14300, 7395, 1001, 20305, 60505, 138299, 64993, 32200, 14099, 205111, 222411, 755660, 11794, 80493, 89598, 65505, 156712, 11102, 17202, 50507, 64187, 45417, 104828]

id 90
F = [14, 33, 45, 174, 37, 17, 139, 287, 38, 14, 15, 137, 33, 13, 37, 141, 231, 36, 11, 34, 43, 277, 15, 178, 45, 49, 32, 151, 35, 39]
F2 = [114, 15, 139, 16, 178, 28, 80, 208, 189, 188, 485, 287, 13, 24, 13, 84, 269, 391, 30, 271, 21, 209, 471, 16, 247, 374, 245, 359, 502, 175]
T = [9196, 19399, 28191, 82985, 20289, 9699, 69393, 133996, 20596, 9900, 9001, 69915, 19302, 11300, 20000, 88700, 111093, 18998, 12800, 18999, 31700, 131221, 10895, 84708, 24807, 35000, 24599, 75903, 21601, 33603]
T2 = [54597, 6700, 73693, 7292, 82401, 13603, 36094, 86814, 96309, 88910, 212218, 125903, 6402, 12401, 5999, 41894, 114896, 185881, 16902, 123398, 12806, 87900, 211797, 7899, 122820, 229011, 140203, 157313, 304588, 87405]

id 91
F = [14, 36, 38, 10, 38, 46, 38, 143, 123, 41, 11, 52, 39, 35, 50, 188, 116, 11, 22, 37, 143, 17, 230, 133, 31, 54, 41, 37, 18, 34]
F2 = [121, 2, 12, 295, 9, 87, 2, 133, 17, 237, 26, 249, 7, 256, 88, 13, 95, 23, 103, 11, 72, 503, 94, 152, 14, 87, 73, 433, 28, 14]
T = [9896, 19395, 20698, 9305, 28193, 27806, 38904, 267705, 61005, 23104, 11306, 27109, 22705, 22302, 26198, 91595, 59501, 8702, 12900, 21203, 72793, 11798, 110501, 69809, 17699, 33192, 22301, 21907, 11695, 18299]
T2 = [57202, 1100, 5601, 138110, 5499, 44499, 1399, 63693, 7196, 109294, 19391, 117588, 3497, 117075, 41505, 6004, 45205, 10900, 48608, 5301, 34911, 222086, 50505, 68210, 6698, 77192, 34199, 193931, 15602, 6796]

id 92
F = [7, 160, 185, 19, 36, 37, 59, 38, 44, 34, 11, 16, 37, 37, 300, 37, 5, 34, 12, 40, 40, 167, 184, 191, 38, 493, 9, 10, 36, 56]
F2 = [29, 371, 657, 20, 258, 181, 84, 143, 261, 13, 123, 23, 239, 239, 31, 364, 33, 188, 28, 379, 3, 30, 23, 315, 84, 141, 32, 27, 19, 97]
T = [8601, 78522, 98022, 11400, 27999, 22704, 32792, 20805, 23604, 20395, 11202, 10896, 20701, 21995, 149712, 20994, 4802, 19391, 7696, 21696, 21597, 79806, 86199, 93391, 21295, 239581, 6895, 7297, 20896, 28802]
T2 = [36598, 155224, 300853, 9699, 155087, 82491, 40302, 66803, 118803, 5698, 59003, 11202, 120704, 109814, 13390, 179720, 15800, 87195, 13598, 166307, 1501, 13506, 11302, 131082, 39092, 51995, 14998, 13104, 8899, 60801]

id 93
F = [181, 192, 197, 9, 37, 39, 154, 42, 48, 46, 29, 54, 141, 29, 154, 35, 494, 130, 40, 33, 36, 14, 57, 43, 32, 28, 37, 41, 40, 187]
F2 = [76, 321, 101, 34, 134, 135, 37, 128, 172, 235, 137, 76, 366, 252, 290, 251, 44, 375, 269, 13, 175, 113, 131, 18, 7, 84, 84, 14, 15, 15]
T = [89078, 92702, 117100, 6896, 20190, 24403, 75204, 22400, 28488, 25897, 47002, 28590, 69598, 16001, 79915, 24801, 275784, 65401, 22294, 97110, 20295, 8797, 30096, 23894, 19694, 16302, 21799, 21205, 22505, 142090]
T2 = [35402, 138579, 50723, 16204, 62496, 73689, 16994, 60611, 91396, 108010, 136790, 35597, 154925, 114989, 132198, 133392, 18903, 184907, 122894, 6399, 81413, 53303, 60600, 8601, 3304, 39906, 39703, 6898, 6800, 7101]

id 94
F = [14, 32, 147, 36, 13, 177, 60, 16, 11, 40, 13, 13, 48, 140, 38, 41, 47, 36, 34, 14, 38, 44, 37, 37, 35, 43, 147, 11, 17, 50]
F2 = [32, 157, 366, 145, 31, 66, 95, 492, 478, 2, 36, 29, 13, 225, 2, 397, 229, 186, 13, 20, 186, 252, 101, 174, 128, 155, 35, 191, 837, 432]
T = [11198, 18700, 69903, 20901, 8593, 86691, 36303, 10000, 7103, 21694, 9401, 8402, 28405, 71591, 21201, 22006, 24704, 20907, 18305, 9304, 20501, 24394, 19398, 23901, 21906, 25500, 73100, 7302, 10094, 30597]
T2 = [15197, 71809, 160008, 67593, 14696, 29783, 44995, 241921, 211379, 1000, 16993, 13602, 6298, 100993, 1001, 178687, 103370, 90888, 6303, 9700, 84296, 115317, 47015, 93693, 59007, 72886, 15892, 88399, 335114, 191697]

id 95
F = [193, 35, 241, 39, 36, 206, 12, 154, 44, 40, 17, 56, 40, 41, 17, 11, 36, 220, 14, 41, 29, 9, 53, 40, 9, 42, 63, 53, 190, 43]
F2 = [295, 448, 100, 392, 15, 101, 463, 346, 16, 255, 142, 250, 193, 125, 26, 308, 153, 84, 22, 447, 26, 274, 475, 16, 35, 15, 82, 81, 234, 77]
T = [92492, 22694, 114589, 23199, 20705, 109909, 12095, 76495, 27100, 21506, 10098, 29800, 21094, 23101, 12502, 8300, 19094, 105182, 10502, 21705, 16600, 6702, 27401, 23904, 7599, 23197, 31294, 31696, 93117, 24397]
T2 = [122173, 281674, 43317, 174914, 7199, 46183, 209120, 148784, 7600, 116509, 66314, 115100, 88494, 58792, 12306, 172406, 69001, 36792, 12301, 196411, 12399, 129283, 204795, 8999, 16700, 7303, 55387, 39295, 181299, 39395]

id 96
F = [187, 13, 44, 55, 33, 40, 12, 41, 34, 12, 132, 9, 43, 43, 22, 118, 215, 169, 39, 35, 34, 195, 51, 199, 40, 116, 45, 31, 35, 41]
F2 = [440, 185, 260, 91, 88, 8, 20, 142, 377, 28, 360, 202, 2, 249, 214, 74, 90, 321, 4, 417, 449, 238, 154, 282, 368, 373, 249, 24, 5, 194]
T = [88892, 10401, 22700, 31702, 24597, 21797, 8697, 27296, 18502, 12804, 64794, 7302, 22595, 25996, 12198, 59297, 130288, 81500, 23694, 17892, 22096, 94592, 27000, 95716, 24796, 57401, 25114, 17600, 18097, 25696]
T2 = [179394, 86099, 118401, 52298, 43393, 3701, 9699, 67496, 167807, 15605, 155702, 94499, 1001, 112308, 99007, 32701, 57297, 134404, 2098, 184602, 338753, 104196, 70801, 122021, 168316, 161307, 114986, 11705, 2398, 89405]

id 97
F = [233, 39, 125, 160, 11, 212, 8, 30, 12, 40, 12, 56, 176, 6, 12, 201, 37, 41, 35, 135, 30, 49, 35, 49, 178, 10, 37, 379, 43, 133]
F2 = [286, 459, 85, 151, 165, 278, 29, 17, 131, 93, 29, 88, 11, 370, 492, 265, 15, 8, 94, 134, 139, 81, 147, 146, 13, 27, 253, 143, 145, 142]
T = [115298, 22905, 60790, 82397, 7800, 102300, 7300, 16095, 9502, 21298, 8600, 28801, 91413, 4499, 9300, 94306, 20399, 23102, 19688, 69507, 16297, 26500, 19298, 26198, 90391, 7304, 22303, 215500, 24905, 69202]
T2 = [122413, 201098, 38914, 69094, 76117, 120511, 14202, 8201, 62800, 44212, 16192, 42999, 4800, 168685, 214778, 112683, 7398, 3702, 44806, 61087, 77518, 38604, 71118, 68099, 5801, 12800, 115105, 70982, 67286, 63601]

id 98
F = [230, 36, 16, 43, 42, 41, 34, 10, 41, 54, 43, 212, 15, 128, 12, 13, 38, 18, 31, 38, 36, 38, 39, 172, 191, 39, 486, 10, 40, 10]
F2 = [541, 505, 23, 2, 264, 253, 18, 181, 11, 248, 114, 30, 32, 364, 38, 133, 166, 30, 25, 572, 257, 2, 137, 300, 100, 161, 199, 159, 138, 24]
T = [122595, 20601, 10197, 22982, 23194, 25199, 20796, 6600, 22899, 31193, 23907, 100887, 11296, 61804, 11803, 9097, 41097, 10601, 21400, 22102, 19601, 22898, 21804, 83588, 93795, 19703, 220002, 8399, 20997, 8796]
T2 = [209589, 222832, 10902, 1002, 121202, 117416, 8802, 84688, 5102, 121811, 56196, 13601, 17302, 161700, 17996, 62608, 84006, 14206, 11594, 242478, 118888, 1001, 63700, 129290, 45102, 75103, 73190, 86100, 63692, 13002]

id 99
F = [44, 42, 13, 44, 10, 41, 39, 40, 122, 37, 6, 39, 35, 50, 35, 32, 33, 191, 38, 40, 183, 41, 190, 148, 48, 42, 36, 10, 7, 12]
F2 = [251, 151, 113, 150, 29, 157, 158, 237, 124, 165, 143, 14, 143, 462, 325, 7, 145, 101, 241, 250, 89, 135, 220, 43, 96, 104, 497, 36, 171, 268]
T = [25395, 23400, 13001, 33305, 15099, 22001, 22102, 21306, 60219, 23799, 4599, 24102, 21205, 27097, 22901, 17996, 21306, 94497, 21497, 21904, 89901, 25201, 90893, 74003, 25298, 24103, 19500, 11097, 5402, 14898]
T2 = [154082, 73477, 52697, 99506, 17695, 72002, 74017, 108397, 56301, 88209, 66101, 6795, 73783, 269105, 147397, 3300, 82499, 45391, 111719, 114008, 39613, 63981, 96092, 19303, 45805, 48798, 215897, 17693, 80185, 126091]

