id 0
F = [38, 36, 7, 9, 31, 136, 262, 34, 5, 18, 138, 37, 13, 36, 131, 34, 43, 173, 186, 45, 9, 283, 42, 32, 37, 138, 133, 38, 30, 33]
F2 = [20, 139, 34, 123, 241, 73, 86, 6, 33, 195, 635, 2, 25, 238, 76, 148, 15, 130, 339, 72, 27, 239, 11, 270, 238, 415, 17, 84, 136, 15]
T = [139401, 80300, 21502, 69995, 19600, 137111, 166888, 74597, 3600, 8697, 62202, 19492, 7400, 18102, 57701, 11395, 23094, 96223, 55801, 22505, 7899, 150594, 20502, 12402, 13907, 49309, 49698, 21889, 11595, 14693]
T2 = [30999, 330396, 50302, 82395, 121222, 88909, 50903, 1901, 10904, 63613, 266492, 798, 10511, 110395, 32505, 48010, 7100, 38907, 97096, 33493, 11505, 121311, 6005, 88583, 74998, 179002, 5896, 47180, 47311, 7403]

id 1
F = [322, 14, 39, 35, 33, 13, 41, 8, 31, 12, 190, 16, 12, 13, 49, 32, 39, 50, 36, 54, 13, 45, 36, 45, 49, 32, 36, 14, 49, 34]
F2 = [175, 137, 96, 417, 378, 36, 8, 819, 2, 30, 711, 476, 29, 27, 134, 12, 141, 84, 18, 90, 32, 17, 454, 83, 459, 172, 135, 26, 419, 87]
T = [189194, 8801, 18404, 34299, 18105, 9603, 18502, 8601, 20697, 7296, 106005, 12597, 85199, 7297, 22300, 17095, 15504, 22598, 13903, 31005, 6602, 14404, 15894, 20714, 22106, 15091, 15704, 6801, 24295, 10401]
T2 = [80999, 51008, 37407, 166112, 143278, 13598, 3201, 365917, 698, 11686, 310295, 789018, 15198, 8704, 55523, 5096, 51508, 34199, 6700, 33901, 11398, 4800, 128293, 33998, 209925, 70890, 56084, 10796, 171062, 24402]

id 2
F = [56, 42, 46, 191, 37, 279, 46, 47, 191, 32, 12, 146, 449, 43, 41, 175, 40, 41, 48, 45, 9, 148, 450, 8, 136, 37, 128, 53, 50, 31]
F2 = [604, 15, 453, 197, 2, 79, 260, 16, 16, 130, 858, 478, 41, 2, 137, 189, 359, 266, 272, 14, 197, 37, 42, 30, 80, 147, 537, 744, 19, 482]
T = [72697, 34401, 17903, 72590, 14593, 99410, 20807, 17398, 68216, 13495, 5303, 53820, 162613, 17397, 23302, 63412, 17895, 15804, 19506, 17300, 4799, 66603, 163408, 8001, 49587, 16800, 51367, 20602, 19301, 13403]
T2 = [223086, 7299, 162798, 69719, 601, 26281, 161712, 5696, 5502, 46294, 302593, 167892, 14897, 701, 93976, 65318, 142074, 96997, 94616, 4901, 70797, 19406, 14596, 16701, 27911, 62827, 245497, 261627, 6801, 196671]

id 3
F = [47, 226, 203, 53, 36, 48, 40, 30, 35, 32, 11, 195, 184, 60, 49, 41, 51, 38, 54, 154, 8, 15, 46, 145, 12, 130, 13, 234, 11, 37]
F2 = [99, 255, 92, 606, 397, 365, 184, 8, 247, 162, 28, 27, 654, 89, 161, 146, 96, 149, 81, 133, 31, 124, 13, 84, 24, 225, 138, 107, 19, 840]
T = [15891, 76476, 77905, 18801, 19103, 19591, 31894, 11797, 15294, 16093, 6395, 67411, 71902, 22901, 18098, 15005, 18396, 13996, 19203, 52614, 4303, 6996, 19301, 50995, 5301, 53113, 5802, 93299, 5202, 15213]
T2 = [32390, 85612, 34796, 220912, 164755, 125624, 156715, 2699, 86479, 87525, 9595, 9493, 234086, 30291, 60902, 48009, 38214, 50284, 27305, 45773, 10899, 53889, 5497, 55194, 7795, 94088, 45598, 46396, 7098, 437895]

id 4
F = [14, 49, 6, 12, 302, 118, 38, 8, 128, 124, 28, 33, 30, 40, 147, 486, 20, 36, 50, 43, 38, 220, 125, 33, 34, 39, 141, 34, 33, 34]
F2 = [27, 89, 29, 486, 113, 20, 8, 22, 234, 225, 76, 27, 157, 395, 78, 138, 377, 3, 101, 522, 254, 578, 288, 201, 241, 188, 137, 17, 185, 374]
T = [7002, 18903, 3403, 5699, 102811, 40603, 14602, 3400, 44906, 42797, 11496, 19100, 12795, 20297, 49783, 167096, 8201, 14198, 19192, 22908, 18198, 76887, 50985, 12301, 12500, 14201, 47805, 12907, 12202, 12410]
T2 = [10907, 29996, 10101, 161094, 42807, 6296, 2804, 7403, 77106, 80915, 27506, 13007, 60411, 138625, 29700, 45208, 125504, 1002, 33789, 195824, 96396, 191935, 537794, 71712, 79479, 66096, 45094, 5698, 67496, 126001]

id 5
F = [143, 30, 52, 35, 58, 128, 53, 28, 43, 35, 188, 45, 34, 6, 142, 58, 41, 33, 9, 40, 135, 32, 14, 12, 246, 183, 37, 13, 40, 38]
F2 = [79, 81, 152, 377, 96, 300, 246, 12, 487, 431, 606, 81, 2, 132, 44, 92, 15, 2, 27, 146, 134, 155, 191, 30, 237, 13, 8, 29, 2, 348]
T = [60105, 15803, 21606, 18605, 25407, 61389, 16100, 19911, 15497, 15603, 78084, 19694, 16195, 4899, 74194, 28193, 20812, 10498, 4999, 12405, 64503, 9303, 7103, 7999, 113762, 78305, 14496, 5501, 23301, 16902]
T2 = [32706, 38601, 46006, 170913, 39289, 123733, 66910, 6297, 137708, 183397, 260202, 33212, 1002, 49083, 21502, 38095, 7204, 600, 15199, 44708, 60810, 41789, 130208, 14292, 98115, 5295, 2601, 9505, 599, 116829]

id 6
F = [35, 68, 51, 46, 37, 44, 28, 44, 207, 48, 295, 45, 41, 227, 40, 34, 39, 64, 144, 37, 133, 43, 157, 51, 161, 39, 40, 153, 122, 144]
F2 = [251, 106, 14, 136, 161, 166, 255, 17, 300, 3, 89, 11, 2, 316, 1289, 21, 229, 84, 127, 9, 17, 445, 146, 154, 265, 253, 19, 143, 303, 28]
T = [13003, 23881, 21600, 16292, 16202, 16006, 10401, 15998, 70695, 17295, 99588, 16089, 14300, 78300, 14708, 12396, 14193, 22305, 48891, 14495, 52706, 24000, 60181, 17394, 54676, 14299, 16298, 53104, 45401, 53711]
T2 = [86134, 35794, 4904, 46024, 75901, 59785, 90108, 5803, 100298, 1000, 29812, 3800, 702, 106132, 475209, 8999, 78294, 28809, 41599, 3199, 6799, 227095, 52380, 51706, 89793, 85123, 6898, 48706, 108403, 9496]

id 7
F = [9, 28, 15, 482, 11, 47, 42, 10, 47, 30, 9, 14, 42, 34, 43, 36, 14, 51, 49, 281, 10, 151, 276, 35, 37, 34, 30, 32, 14, 11]
F2 = [124, 201, 495, 748, 270, 459, 7, 33, 264, 452, 26, 120, 102, 374, 153, 234, 350, 458, 454, 67, 186, 37, 522, 256, 239, 407, 18, 347, 33, 25]
T = [4303, 11004, 6202, 162217, 4904, 16797, 16406, 6602, 16496, 14301, 5899, 6098, 23203, 13096, 15797, 12701, 5602, 18104, 17391, 103916, 4001, 58492, 95670, 13106, 14889, 13598, 12699, 13498, 5701, 14596]
T2 = [41806, 66202, 164569, 255418, 89803, 153182, 2900, 11198, 88185, 153716, 8595, 40901, 74097, 123308, 51596, 79010, 157564, 154573, 153280, 22594, 61989, 16706, 175733, 85611, 88876, 137014, 6301, 115502, 11100, 22988]

id 8
F = [30, 330, 41, 15, 40, 49, 145, 198, 276, 8, 57, 42, 38, 168, 12, 190, 40, 60, 14, 36, 12, 42, 133, 12, 15, 58, 46, 301, 36, 300]
F2 = [296, 197, 4, 31, 75, 133, 299, 312, 210, 28, 90, 151, 363, 318, 29, 12, 16, 980, 29, 269, 188, 94, 553, 27, 471, 97, 145, 7, 14, 216]
T = [12210, 111090, 15104, 8400, 47396, 16998, 49987, 66804, 93489, 3801, 20294, 14897, 13900, 63115, 5401, 63198, 17002, 20403, 5602, 17095, 5301, 16701, 45299, 5096, 6698, 20610, 17995, 103004, 13301, 105126]
T2 = [112604, 64982, 1399, 10201, 92300, 44489, 114389, 104924, 70094, 9604, 29813, 50108, 122727, 111182, 10099, 4101, 5298, 330904, 9697, 96007, 62908, 32011, 217391, 8899, 158107, 33014, 49391, 2201, 4799, 71702]

id 9
F = [45, 55, 191, 41, 121, 30, 15, 59, 32, 33, 49, 12, 489, 17, 290, 288, 387, 14, 59, 126, 289, 35, 147, 12, 42, 34, 150, 34, 43, 39]
F2 = [185, 417, 14, 2, 20, 17, 20, 211, 140, 253, 455, 197, 9, 24, 70, 9, 397, 129, 275, 627, 33, 185, 49, 30, 199, 2, 78, 149, 261, 260]
T = [15396, 21292, 98888, 16888, 41796, 13303, 5705, 41305, 15303, 13191, 18410, 8103, 182185, 8300, 99306, 99399, 131186, 6300, 20801, 44405, 116399, 15411, 52486, 5999, 14804, 82600, 54903, 16400, 16103, 15499]
T2 = [60998, 157510, 4906, 598, 6801, 6495, 6804, 83892, 49094, 102887, 196787, 70095, 3000, 8206, 25501, 3100, 133807, 48297, 94287, 214490, 15996, 124092, 16505, 10898, 66491, 702, 26203, 61605, 90683, 97591]

id 10
F = [57, 36, 143, 296, 46, 36, 41, 51, 145, 14, 59, 39, 132, 43, 201, 36, 21, 50, 42, 26, 34, 135, 192, 38, 12, 43, 39, 12, 13, 40]
F2 = [814, 12, 81, 33, 137, 133, 178, 714, 147, 113, 449, 176, 14, 274, 186, 13, 23, 96, 378, 26, 108, 292, 34, 14, 28, 2, 176, 34, 29, 12]
T = [20095, 13498, 48501, 98218, 17406, 13213, 17489, 19698, 48696, 7101, 20594, 14502, 46382, 15812, 69198, 13201, 11603, 19302, 14700, 9195, 12593, 45799, 71084, 13500, 5501, 18200, 17397, 4797, 4703, 15498]
T2 = [268119, 4296, 26799, 11298, 45503, 44587, 77200, 280688, 49103, 38902, 150217, 59087, 4499, 91027, 61096, 4602, 8504, 34001, 125705, 8891, 36794, 97578, 11106, 4897, 9603, 601, 59003, 11302, 9393, 3996]

id 11
F = [50, 183, 36, 17, 288, 35, 14, 36, 123, 38, 42, 176, 135, 47, 37, 121, 131, 35, 143, 327, 48, 33, 41, 126, 38, 52, 44, 43, 33, 50]
F2 = [81, 305, 8, 488, 32, 188, 25, 263, 21, 82, 17, 105, 18, 327, 153, 19, 37, 268, 305, 184, 276, 373, 378, 84, 8, 79, 99, 19, 155, 423]
T = [18298, 61506, 14295, 5903, 97202, 13201, 6300, 16300, 44501, 14492, 16494, 60808, 46387, 17195, 13493, 54800, 51993, 12196, 48585, 109399, 17004, 12493, 15005, 42703, 14291, 19009, 15502, 18303, 12893, 18410]
T2 = [27199, 114507, 2805, 164489, 10601, 88285, 8898, 98310, 6601, 28800, 5601, 35509, 6102, 108400, 51800, 9805, 13700, 91675, 114384, 61093, 91711, 125397, 125397, 29103, 2799, 26193, 33495, 7106, 51890, 149193]

id 12
F = [34, 40, 14, 127, 9, 38, 129, 38, 194, 36, 41, 177, 132, 36, 58, 130, 57, 8, 37, 138, 16, 36, 198, 37, 34, 30, 60, 144, 16, 43]
F2 = [189, 138, 132, 42, 318, 199, 21, 400, 314, 157, 13, 13, 49, 471, 257, 346, 257, 337, 150, 303, 517, 20, 33, 797, 257, 551, 296, 143, 26, 250]
T = [13398, 15605, 6700, 44409, 5495, 13302, 43004, 14206, 65504, 14500, 14904, 59784, 44401, 14901, 22104, 44805, 20391, 3899, 18600, 47007, 6598, 16393, 66697, 13391, 12997, 43197, 20999, 47898, 6299, 14617]
T2 = [62513, 45697, 44004, 13896, 114580, 71917, 6998, 138769, 104795, 55007, 4400, 4100, 16005, 156807, 86498, 123990, 85988, 137001, 67113, 101004, 624709, 7001, 11299, 266214, 85204, 273929, 98831, 47705, 8702, 83903]

id 13
F = [14, 177, 142, 152, 519, 49, 11, 33, 218, 34, 47, 40, 187, 40, 41, 35, 31, 273, 41, 11, 38, 31, 105, 38, 193, 13, 54, 49, 37, 13]
F2 = [27, 7, 512, 295, 5, 91, 33, 251, 38, 416, 461, 320, 29, 153, 423, 88, 76, 563, 275, 133, 485, 17, 16, 85, 98, 132, 80, 260, 147, 16]
T = [6001, 67486, 47709, 52600, 175593, 18302, 4696, 11696, 75690, 12711, 17292, 14993, 70590, 14799, 14601, 13298, 13203, 98100, 15205, 5497, 13503, 12002, 36188, 14201, 65390, 4900, 19502, 16697, 13308, 5898]
T2 = [9203, 2299, 174091, 115095, 1602, 30802, 10998, 85508, 12796, 138402, 160882, 105289, 9503, 51502, 148196, 29800, 29491, 195817, 91802, 44393, 161895, 5601, 5201, 28611, 32698, 43690, 27592, 87903, 48296, 5199]

id 14
F = [45, 35, 119, 46, 12, 18, 40, 119, 42, 11, 49, 13, 376, 13, 156, 118, 124, 171, 44, 15, 50, 199, 38, 30, 10, 31, 43, 13, 11, 40]
F2 = [99, 154, 243, 15, 138, 24, 2, 13, 152, 386, 165, 154, 100, 131, 314, 233, 37, 35, 163, 28, 90, 29, 2, 197, 270, 12, 22, 31, 715, 138]
T = [16309, 12496, 52294, 16495, 5497, 7201, 15698, 40786, 14398, 4404, 17701, 5301, 135779, 5492, 61000, 49100, 54686, 60405, 21799, 6200, 18102, 67695, 13608, 11997, 4400, 12802, 14901, 5802, 5395, 14091]
T2 = [33696, 51482, 113297, 5299, 46387, 7896, 699, 4500, 50496, 129082, 55900, 51693, 33699, 43505, 129013, 88614, 17207, 11802, 70320, 9599, 30403, 9096, 801, 65903, 90809, 4102, 7403, 10296, 255172, 46701]

id 15
F = [12, 183, 260, 128, 31, 132, 34, 116, 35, 33, 39, 42, 133, 38, 34, 15, 140, 172, 43, 150, 41, 39, 11, 139, 30, 36, 228, 54, 37, 144]
F2 = [20, 285, 120, 16, 289, 378, 388, 367, 198, 13, 248, 507, 48, 157, 128, 183, 14, 73, 407, 128, 411, 2, 130, 572, 249, 930, 1652, 147, 16, 142]
T = [6092, 62210, 93377, 43899, 11406, 58286, 12505, 39908, 12894, 12297, 18000, 15408, 92401, 14394, 13191, 7800, 52825, 59700, 18393, 51510, 15002, 13698, 4501, 48095, 10498, 13006, 77405, 19102, 15205, 95714]
T2 = [6595, 95491, 40204, 5607, 100322, 150085, 128287, 180189, 66494, 4300, 110476, 168624, 16109, 53492, 42985, 86896, 4901, 24506, 154915, 42103, 141786, 699, 44800, 195299, 83797, 307199, 559889, 50618, 7295, 61296]

id 16
F = [151, 193, 12, 182, 13, 47, 13, 37, 18, 203, 12, 138, 13, 35, 44, 30, 29, 417, 10, 45, 13, 46, 182, 143, 11, 152, 180, 47, 36, 39]
F2 = [43, 239, 123, 235, 186, 10, 129, 2, 27, 10, 503, 76, 36, 131, 16, 543, 160, 68, 29, 482, 125, 150, 322, 73, 26, 282, 156, 132, 18, 126]
T = [51796, 64923, 5099, 61999, 5499, 16003, 5697, 15405, 6799, 69002, 5301, 47907, 5398, 12700, 15302, 12201, 11195, 144498, 5105, 20793, 5801, 20597, 144799, 48292, 5502, 52293, 103818, 17002, 13994, 14199]
T2 = [14294, 80282, 41009, 79613, 62905, 3301, 42598, 801, 83900, 3398, 167370, 25602, 12199, 43903, 5194, 180509, 53716, 22392, 9697, 161528, 42491, 60089, 107013, 25899, 8695, 106791, 52210, 44305, 6099, 42299]

id 17
F = [42, 142, 202, 41, 127, 35, 15, 46, 44, 66, 49, 10, 34, 136, 36, 54, 36, 17, 167, 38, 197, 130, 133, 223, 385, 14, 14, 29, 8, 170]
F2 = [25, 278, 29, 78, 47, 129, 36, 145, 480, 95, 412, 285, 189, 43, 16, 15, 100, 376, 481, 165, 402, 78, 493, 98, 445, 126, 538, 148, 362, 294]
T = [15803, 50798, 68492, 21093, 47798, 12201, 7400, 16002, 15801, 23496, 17005, 4901, 12403, 46408, 13005, 19206, 13291, 6902, 57805, 18106, 72180, 44709, 52003, 85994, 131600, 7100, 5401, 10997, 6101, 58109]
T2 = [8296, 93990, 9602, 28306, 25812, 45105, 15297, 47315, 161195, 31812, 143714, 95381, 63203, 14011, 5300, 5294, 32701, 136875, 165840, 68317, 142870, 25903, 164795, 38193, 146722, 41817, 181096, 49104, 121994, 98983]

id 18
F = [475, 34, 39, 135, 183, 13, 147, 141, 31, 44, 53, 38, 13, 47, 52, 115, 48, 333, 16, 58, 137, 40, 14, 295, 44, 147, 134, 211, 30, 45]
F2 = [395, 10, 127, 356, 461, 613, 92, 165, 141, 16, 86, 137, 476, 16, 78, 16, 154, 52, 36, 79, 282, 3, 24, 69, 10, 347, 47, 228, 250, 258]
T = [160578, 11996, 16803, 45398, 62995, 6097, 63299, 48392, 11303, 16500, 19494, 14398, 5001, 17508, 19908, 40297, 16799, 111794, 7706, 20708, 44990, 14894, 5397, 99499, 16099, 51894, 50199, 72815, 11105, 16190]
T2 = [137398, 3399, 49715, 117578, 154323, 215936, 31094, 54486, 46487, 5302, 28511, 46904, 160299, 5201, 25981, 5601, 51403, 17614, 11794, 26809, 93514, 901, 7802, 22697, 3201, 117904, 16304, 78807, 82692, 87690]

id 19
F = [42, 48, 37, 12, 32, 13, 18, 36, 9, 143, 10, 142, 47, 147, 38, 147, 147, 8, 34, 311, 188, 35, 38, 13, 199, 58, 35, 377, 13, 114]
F2 = [181, 794, 1250, 131, 153, 141, 29, 15, 137, 89, 28, 368, 80, 314, 2, 277, 42, 819, 457, 73, 310, 13, 244, 294, 80, 163, 15, 62, 163, 21]
T = [14896, 16993, 16000, 4500, 12792, 5199, 7198, 13811, 3399, 76489, 4095, 47910, 16703, 50222, 22209, 56299, 50811, 6397, 12104, 106701, 62593, 12403, 13801, 5495, 68090, 20797, 12501, 159501, 5202, 41390]
T2 = [61314, 267631, 458655, 44092, 58004, 47290, 9804, 4696, 46094, 39414, 9294, 123681, 27010, 116589, 600, 96794, 14607, 354103, 155101, 24102, 105509, 4303, 88215, 96592, 27803, 54806, 5103, 22503, 58892, 7208]

id 20
F = [157, 154, 55, 42, 38, 31, 39, 42, 7, 39, 40, 202, 185, 46, 41, 34, 372, 45, 56, 46, 39, 203, 58, 15, 160, 10, 35, 40, 36, 151]
F2 = [14, 251, 87, 245, 454, 12, 242, 184, 144, 11, 147, 218, 303, 141, 122, 20, 78, 2, 80, 15, 487, 95, 131, 194, 17, 25, 81, 82, 371, 83]
T = [52811, 51394, 18905, 15696, 14198, 10797, 14199, 18997, 3102, 13802, 14899, 68297, 61913, 17009, 15007, 12801, 124514, 16191, 22206, 19090, 19702, 68601, 20996, 5889, 54610, 5698, 15399, 14509, 12997, 51305]
T2 = [4701, 83900, 28897, 83007, 155696, 3704, 81115, 61499, 49500, 3499, 49904, 79599, 112199, 48418, 40093, 6805, 25702, 701, 26991, 5399, 185902, 32195, 43499, 76906, 5700, 8606, 32399, 27906, 122795, 27098]

id 21
F = [11, 9, 44, 43, 138, 212, 265, 180, 57, 17, 177, 37, 8, 29, 188, 57, 151, 37, 182, 172, 57, 43, 17, 34, 12, 36, 185, 458, 135, 36]
F2 = [126, 185, 401, 324, 136, 623, 33, 184, 94, 26, 129, 250, 29, 173, 484, 12, 274, 157, 324, 17, 87, 160, 136, 12, 33, 160, 904, 59, 69, 261]
T = [4599, 4302, 16802, 15001, 46384, 73402, 91688, 1917491, 24101, 7001, 59704, 14305, 3698, 10989, 77688, 23303, 51792, 13008, 86324, 57616, 22693, 14993, 6700, 13603, 6907, 13098, 63078, 152902, 46998, 15002]
T2 = [42300, 62203, 134690, 109106, 45996, 209381, 11001, 60997, 39001, 8500, 43617, 93597, 9404, 63115, 177065, 4299, 103201, 52508, 125107, 5601, 29403, 53320, 46304, 4104, 12203, 53109, 302385, 20006, 23402, 91619]

id 22
F = [57, 30, 43, 12, 35, 307, 158, 42, 39, 132, 45, 33, 245, 227, 41, 51, 39, 33, 145, 8, 39, 13, 43, 37, 198, 128, 16, 274, 28, 129]
F2 = [442, 9, 106, 30, 328, 79, 421, 369, 149, 38, 474, 7, 274, 521, 120, 208, 149, 261, 79, 25, 262, 130, 460, 121, 332, 50, 34, 6, 303, 18]
T = [20192, 11803, 15596, 4698, 15901, 104083, 53604, 15303, 13296, 44695, 15699, 12708, 83010, 88897, 14798, 24989, 20506, 11999, 50412, 3102, 14704, 5801, 17105, 13401, 67214, 44290, 6495, 96384, 10607, 45294]
T2 = [146587, 8100, 35601, 9900, 112287, 26596, 140516, 123992, 53488, 12701, 169623, 2402, 92102, 182603, 40686, 75009, 49992, 87594, 27084, 8402, 86979, 47571, 156091, 39603, 152883, 16195, 13497, 7703, 102013, 6195]

id 23
F = [33, 180, 12, 45, 148, 14, 51, 42, 33, 189, 45, 143, 40, 51, 27, 42, 200, 33, 42, 33, 42, 41, 34, 152, 11, 44, 118, 252, 51, 42]
F2 = [24, 671, 300, 14, 142, 20, 796, 100, 259, 28, 134, 162, 252, 154, 151, 187, 301, 262, 249, 6, 552, 124, 10, 380, 288, 143, 635, 30, 105, 159]
T = [12589, 61408, 5495, 17202, 50595, 7301, 19800, 14997, 13007, 74400, 16705, 52612, 14906, 18507, 11008, 15203, 67699, 12305, 16798, 11596, 16996, 14692, 12503, 51393, 4802, 17209, 41691, 84502, 18500, 15200]
T2 = [8098, 225072, 100701, 4595, 47499, 6699, 279597, 32898, 87575, 11295, 45098, 57084, 86004, 50496, 50011, 61807, 100809, 93114, 85600, 1903, 189407, 44497, 3401, 125609, 95188, 47412, 226022, 10000, 34890, 53210]

id 24
F = [40, 17, 34, 26, 143, 12, 207, 13, 45, 42, 14, 128, 369, 41, 54, 33, 423, 141, 38, 44, 36, 39, 36, 13, 152, 132, 35, 39, 44, 276]
F2 = [244, 127, 15, 269, 134, 30, 30, 40, 14, 2, 789, 78, 197, 2, 158, 567, 390, 39, 446, 257, 253, 423, 18, 36, 39, 370, 137, 6, 83, 9]
T = [14603, 6798, 12709, 10209, 49709, 5600, 69717, 5405, 16898, 14297, 7592, 44205, 158490, 15005, 18901, 13304, 146789, 47711, 13810, 18104, 14907, 49195, 13502, 4995, 51693, 46721, 13693, 15697, 15990, 93917]
T2 = [80870, 42011, 4801, 89113, 45198, 10498, 10300, 18795, 4697, 598, 270207, 25585, 69696, 600, 52826, 193498, 140695, 13592, 161899, 95708, 85802, 255497, 5795, 12097, 13101, 124003, 54689, 2003, 27605, 3100]

id 25
F = [55, 33, 36, 53, 44, 49, 12, 183, 141, 132, 11, 12, 12, 28, 294, 44, 13, 39, 37, 29, 9, 319, 35, 11, 43, 41, 50, 189, 39, 9]
F2 = [81, 3, 188, 82, 140, 87, 24, 316, 141, 80, 153, 22, 24, 135, 197, 206, 140, 14, 267, 461, 30, 177, 186, 31, 313, 262, 91, 30, 471, 126]
T = [32191, 12001, 13104, 19297, 16193, 19903, 6003, 63597, 48605, 45298, 4902, 5095, 5002, 10499, 105516, 18510, 5197, 13911, 13998, 11391, 4800, 107809, 13002, 5595, 16702, 15201, 20696, 65284, 14799, 3700]
T2 = [30007, 1002, 62899, 28006, 54607, 29415, 8503, 106888, 50794, 26103, 59704, 7196, 7900, 45194, 67595, 104195, 48007, 4798, 88580, 154013, 10001, 59594, 61491, 12402, 112884, 87573, 30390, 10102, 156864, 42202]

id 26
F = [34, 12, 36, 33, 231, 14, 41, 252, 42, 37, 36, 7, 12, 40, 11, 131, 14, 51, 134, 66, 7, 11, 8, 38, 45, 369, 58, 9, 148, 47]
F2 = [432, 466, 235, 368, 106, 494, 184, 175, 132, 160, 79, 120, 137, 368, 197, 328, 656, 806, 311, 87, 511, 118, 188, 18, 15, 12, 149, 181, 89, 486]
T = [15503, 5001, 13594, 13705, 77901, 11603, 16304, 85491, 14696, 13505, 13404, 4199, 5307, 18201, 4805, 46306, 6895, 17297, 73287, 25001, 3199, 4903, 3399, 14193, 15589, 127904, 22001, 4802, 51503, 18095]
T2 = [143526, 156517, 78084, 127489, 34705, 166285, 87882, 60413, 84599, 56689, 26298, 44377, 46007, 128905, 66393, 110200, 252983, 268769, 118619, 28993, 170272, 45395, 63676, 5897, 5600, 4097, 53212, 61082, 29695, 262702]

id 27
F = [32, 229, 45, 39, 14, 147, 29, 120, 44, 179, 45, 40, 32, 11, 12, 11, 34, 36, 35, 14, 197, 42, 144, 306, 148, 53, 41, 40, 37, 58]
F2 = [15, 45, 86, 19, 185, 80, 426, 384, 14, 464, 3, 2, 462, 384, 32, 35, 13, 250, 174, 252, 151, 647, 78, 527, 289, 1280, 136, 175, 554, 230]
T = [12398, 77926, 18497, 14101, 5993, 49595, 10803, 49203, 15794, 64188, 16002, 15889, 11703, 6401, 4600, 5397, 13295, 12604, 16806, 7100, 67390, 15397, 49108, 104277, 51509, 20006, 14003, 14196, 12696, 24304]
T2 = [5002, 14800, 28600, 7097, 62076, 27392, 141713, 128498, 4804, 156621, 900, 699, 153688, 152433, 11106, 11107, 4303, 83398, 69360, 90495, 49899, 405200, 28095, 177902, 96107, 452170, 45717, 57792, 197390, 77612]

id 28
F = [137, 34, 46, 143, 332, 43, 42, 362, 41, 35, 143, 42, 57, 42, 8, 446, 32, 149, 40, 40, 10, 32, 45, 43, 44, 36, 31, 37, 11, 40]
F2 = [37, 392, 83, 32, 182, 184, 2, 128, 381, 244, 70, 163, 153, 253, 133, 76, 13, 150, 193, 161, 329, 15, 13, 142, 16, 383, 12, 176, 142, 3]
T = [71897, 12597, 17106, 51687, 114986, 15808, 15698, 133621, 15400, 13600, 47804, 15204, 23098, 15092, 3504, 267911, 20307, 53902, 34196, 14302, 4503, 24709, 15995, 21101, 15700, 14099, 11396, 13101, 5603, 14899]
T2 = [15593, 129715, 27792, 10812, 60889, 61711, 598, 42884, 126621, 93722, 22901, 54406, 52099, 84398, 45391, 33203, 4099, 49699, 123791, 53908, 111210, 5199, 4501, 51699, 4899, 127515, 4003, 58212, 59197, 901]

id 29
F = [39, 29, 14, 52, 38, 131, 35, 123, 11, 11, 172, 38, 14, 30, 193, 58, 13, 42, 42, 8, 14, 9, 37, 180, 140, 38, 21, 45, 198, 44]
F2 = [240, 26, 31, 141, 135, 203, 170, 62, 46, 126, 314, 374, 122, 2, 297, 153, 196, 86, 2, 24, 187, 124, 183, 307, 153, 13, 25, 13, 328, 459]
T = [15699, 13102, 5199, 19995, 20093, 52113, 18101, 54504, 5801, 4899, 58802, 13702, 6803, 12599, 65479, 21004, 5601, 15206, 16499, 4002, 11703, 5099, 13205, 64098, 42499, 12704, 8405, 20286, 64009, 19497]
T2 = [79904, 11506, 10397, 51097, 60375, 83693, 77321, 26717, 16194, 48008, 110111, 123583, 40606, 700, 98200, 50698, 67501, 30907, 799, 9201, 91599, 58482, 65224, 100708, 46087, 3601, 7198, 6397, 104388, 190119]

id 30
F = [152, 49, 146, 39, 140, 7, 38, 514, 49, 20, 27, 34, 30, 37, 190, 182, 175, 12, 38, 130, 52, 39, 11, 138, 13, 386, 35, 17, 53, 9]
F2 = [247, 496, 135, 475, 155, 30, 184, 17, 794, 35, 484, 115, 144, 185, 139, 134, 135, 24, 140, 370, 84, 154, 33, 138, 247, 257, 26, 22, 133, 26]
T = [51111, 17502, 51581, 13501, 62690, 3998, 13100, 172817, 17492, 7907, 13997, 12599, 11299, 13805, 76803, 61603, 64824, 4801, 13906, 59081, 18497, 13993, 4699, 79213, 5598, 129684, 14199, 6899, 22102, 4200]
T2 = [81990, 164673, 47595, 157287, 52202, 10001, 70406, 5698, 266700, 11589, 165496, 37501, 49081, 60808, 51809, 45391, 50796, 8093, 52404, 141002, 28294, 69805, 10894, 53101, 83579, 85589, 8697, 7399, 44300, 9108]

id 31
F = [36, 44, 51, 39, 6, 35, 5, 38, 36, 139, 11, 270, 49, 190, 41, 152, 54, 35, 7, 29, 117, 19, 16, 148, 54, 13, 47, 41, 10, 14]
F2 = [458, 396, 90, 151, 25, 149, 191, 13, 449, 160, 26, 36, 146, 244, 195, 325, 90, 199, 30, 8, 516, 26, 126, 284, 293, 508, 86, 121, 36, 142]
T = [15396, 17209, 20505, 14994, 3498, 12103, 2303, 13491, 12702, 48311, 4803, 91401, 17707, 69304, 15194, 52406, 21606, 12199, 3496, 10995, 40705, 10607, 9602, 51892, 25591, 9301, 19495, 14902, 4801, 5503]
T2 = [152796, 134403, 38285, 51188, 9399, 49897, 65000, 4498, 151494, 54002, 8696, 11701, 48900, 82090, 67986, 118181, 29502, 73523, 10309, 2698, 255011, 11707, 60796, 95584, 105288, 170712, 34989, 39598, 12607, 47010]

id 32
F = [33, 231, 45, 8, 123, 26, 12, 13, 38, 144, 54, 32, 176, 10, 7, 219, 47, 46, 188, 37, 13, 36, 15, 52, 140, 137, 10, 43, 36, 235]
F2 = [143, 98, 178, 36, 20, 198, 376, 498, 263, 70, 817, 84, 329, 33, 142, 64, 138, 153, 13, 26, 21, 2, 33, 329, 702, 39, 192, 141, 29, 98]
T = [11798, 87600, 15698, 4805, 42797, 10402, 5796, 5401, 14704, 49101, 21806, 12797, 69496, 4698, 2999, 74209, 16798, 19395, 80192, 13902, 6002, 13805, 6804, 18502, 48284, 49604, 4503, 15111, 15606, 79906]
T2 = [48395, 37805, 58502, 17693, 6500, 66700, 125910, 167423, 90793, 23913, 284652, 27902, 136295, 11400, 48391, 21803, 46303, 60603, 5905, 9095, 6702, 700, 11506, 110296, 232602, 13004, 74097, 47406, 10100, 35094]

id 33
F = [15, 122, 41, 53, 12, 44, 38, 39, 39, 10, 40, 35, 130, 53, 121, 168, 50, 46, 126, 56, 222, 32, 150, 44, 188, 189, 175, 8, 48, 170]
F2 = [31, 17, 409, 821, 292, 440, 18, 310, 201, 313, 153, 140, 143, 20, 14, 17, 132, 654, 16, 305, 440, 237, 74, 158, 28, 317, 307, 33, 282, 297]
T = [6002, 41293, 37598, 18794, 5601, 15694, 13805, 14197, 13903, 4903, 14200, 12899, 44397, 19396, 55207, 57794, 17501, 17202, 49492, 20195, 136583, 11498, 51114, 16894, 62993, 63595, 61786, 3501, 16403, 59010]
T2 = [10797, 5697, 222182, 274723, 98589, 145283, 6005, 103490, 65898, 104388, 52387, 45907, 47410, 7012, 4999, 5499, 50283, 231460, 5605, 101503, 149438, 80293, 25297, 102707, 9104, 107095, 102607, 10905, 94790, 100091]

id 34
F = [183, 134, 12, 498, 37, 115, 34, 58, 35, 42, 47, 14, 38, 36, 54, 57, 45, 17, 142, 45, 36, 29, 146, 30, 68, 38, 39, 123, 12, 32]
F2 = [27, 42, 210, 24, 480, 81, 20, 195, 164, 176, 132, 194, 240, 371, 139, 139, 137, 306, 39, 145, 173, 421, 162, 262, 437, 220, 144, 365, 117, 18]
T = [71305, 45601, 4803, 190729, 14299, 46311, 11897, 20300, 13201, 17804, 21298, 5697, 13897, 13498, 18698, 20804, 16410, 6696, 53002, 15997, 42493, 10995, 48993, 70106, 27706, 14096, 14903, 50688, 5404, 18198]
T2 = [12102, 13997, 69908, 7798, 169282, 28895, 6501, 69595, 54188, 70898, 48614, 64601, 79593, 123888, 46422, 47299, 45186, 102891, 14299, 48692, 62505, 141952, 54700, 86807, 144904, 73891, 48602, 156789, 38885, 6093]

id 35
F = [268, 44, 47, 12, 43, 301, 11, 7, 34, 50, 45, 305, 47, 36, 36, 36, 39, 489, 177, 9, 18, 11, 143, 55, 55, 31, 47, 277, 7, 16]
F2 = [221, 22, 2, 788, 78, 80, 126, 191, 6, 17, 17, 544, 232, 14, 243, 11, 176, 295, 81, 136, 205, 493, 151, 86, 571, 173, 89, 214, 144, 24]
T = [99199, 15695, 16706, 5305, 15201, 102509, 4198, 5203, 12804, 17787, 16296, 103020, 16711, 12993, 14388, 12992, 14198, 164705, 63802, 4599, 6803, 5298, 53602, 19601, 18693, 10802, 17705, 91489, 3499, 6695]
T2 = [72411, 7896, 601, 266395, 26293, 32484, 41586, 94914, 1898, 5599, 5696, 185708, 77488, 4403, 96894, 3597, 59002, 99895, 26300, 45112, 68008, 164838, 57295, 39201, 211515, 58690, 29399, 71794, 54804, 7801]

id 36
F = [126, 7, 46, 315, 186, 31, 277, 40, 131, 148, 38, 202, 291, 201, 37, 43, 39, 138, 14, 39, 32, 40, 142, 36, 47, 12, 12, 10, 150, 69]
F2 = [37, 25, 17, 193, 31, 242, 37, 421, 67, 50, 203, 608, 7, 95, 91, 7, 197, 800, 33, 402, 13, 91, 285, 481, 182, 18, 116, 32, 154, 831]
T = [51192, 3897, 23505, 106397, 64906, 13707, 129903, 14304, 65780, 51222, 14999, 71596, 106317, 68209, 15298, 15496, 14402, 46798, 5497, 15789, 14697, 14695, 53399, 14898, 18497, 7597, 5698, 5501, 51109, 24609]
T2 = [13603, 8498, 7103, 63996, 10300, 88785, 16402, 147987, 26395, 16394, 77293, 202181, 2502, 31797, 30395, 2203, 65300, 267801, 11498, 144705, 4100, 30492, 98101, 235806, 65397, 6502, 44296, 10700, 96606, 280704]

id 37
F = [12, 392, 36, 47, 38, 46, 37, 36, 290, 34, 124, 447, 48, 36, 139, 132, 51, 39, 12, 189, 33, 175, 38, 48, 13, 55, 428, 10, 124, 140]
F2 = [31, 131, 247, 153, 243, 594, 107, 21, 214, 172, 138, 325, 258, 132, 137, 17, 274, 252, 27, 17, 94, 97, 85, 87, 497, 89, 217, 315, 380, 90]
T = [5296, 132595, 14507, 16700, 16694, 16808, 13998, 14594, 103616, 12096, 42208, 157306, 17104, 12603, 45894, 50512, 18099, 14305, 5395, 63204, 12202, 60513, 15186, 18006, 5901, 18791, 151701, 4402, 44001, 49105]
T2 = [10898, 43804, 87186, 61309, 96986, 209101, 36393, 7201, 71294, 57515, 46092, 108371, 96490, 44693, 46805, 5403, 93699, 84900, 9001, 5602, 31386, 33811, 28214, 28895, 167476, 30204, 72389, 106482, 127593, 29716]

id 38
F = [39, 114, 45, 56, 16, 164, 12, 13, 137, 45, 11, 13, 274, 39, 188, 152, 42, 37, 177, 13, 179, 15, 137, 31, 226, 42, 171, 52, 418, 68]
F2 = [12, 203, 172, 86, 134, 797, 24, 487, 135, 188, 35, 29, 217, 141, 327, 43, 11, 82, 310, 25, 17, 312, 42, 137, 275, 337, 17, 452, 63, 133]
T = [14590, 57202, 34407, 20909, 7198, 54803, 5400, 5402, 46103, 16003, 4595, 9101, 100181, 13902, 75696, 55702, 14803, 13510, 61182, 6301, 60696, 6797, 51095, 11000, 88805, 20494, 59412, 17809, 142699, 24101]
T2 = [3899, 86115, 130390, 28890, 48381, 288692, 8400, 168198, 45205, 62586, 12494, 26697, 73215, 47313, 135591, 14899, 3796, 28104, 104692, 8301, 5397, 105404, 15109, 46203, 91494, 122708, 5600, 154198, 21693, 43503]

id 39
F = [32, 129, 35, 54, 49, 180, 223, 134, 11, 38, 12, 28, 64, 47, 235, 51, 181, 12, 7, 41, 12, 34, 9, 140, 37, 51, 35, 269, 63, 55]
F2 = [6, 191, 176, 148, 96, 548, 130, 91, 149, 14, 31, 138, 88, 95, 116, 88, 310, 468, 145, 188, 28, 205, 31, 47, 149, 97, 88, 95, 1474, 104]
T = [11306, 44697, 12606, 19202, 21701, 61091, 78501, 45300, 5994, 13505, 6097, 11010, 22905, 16502, 79790, 18401, 66495, 5803, 3904, 14201, 8297, 17296, 4197, 81987, 14809, 18001, 21503, 90885, 21795, 19700]
T2 = [2002, 68497, 58206, 50106, 36088, 183795, 60996, 31001, 57198, 4694, 10800, 46700, 29994, 32001, 37811, 29199, 105000, 160000, 63294, 108917, 10700, 82819, 10399, 20802, 55204, 32400, 28698, 32395, 498860, 37996]

id 40
F = [8, 13, 231, 9, 41, 44, 12, 35, 42, 149, 17, 33, 27, 273, 36, 30, 14, 37, 468, 10, 36, 13, 461, 39, 37, 225, 149, 290, 40, 428]
F2 = [28, 183, 288, 120, 239, 13, 175, 2, 191, 156, 22, 259, 18, 118, 317, 200, 29, 142, 323, 681, 260, 27, 68, 483, 139, 39, 157, 34, 151, 369]
T = [4301, 5503, 80803, 3999, 17095, 16796, 5799, 19901, 24798, 50901, 9699, 11897, 10503, 99891, 13201, 14694, 7402, 13401, 171903, 4501, 13002, 5499, 154792, 17004, 14303, 150294, 51786, 100515, 13695, 144117]
T2 = [9703, 72220, 97082, 39309, 83183, 4103, 101707, 601, 78993, 54711, 7097, 89610, 6304, 39094, 104002, 69400, 39295, 48408, 113190, 281098, 89504, 8690, 37200, 178436, 46190, 12495, 53009, 13198, 49998, 172891]

id 41
F = [35, 48, 49, 187, 36, 12, 212, 223, 40, 147, 148, 59, 197, 15, 236, 9, 11, 47, 43, 6, 13, 137, 37, 45, 33, 30, 178, 9, 43, 412]
F2 = [13, 389, 259, 10, 178, 31, 14, 105, 138, 491, 77, 253, 299, 193, 285, 143, 115, 133, 302, 19, 340, 148, 258, 11, 138, 152, 17, 638, 486, 245]
T = [12399, 16300, 20603, 62397, 14099, 5400, 71389, 75605, 19607, 60314, 52106, 20497, 66713, 7005, 87712, 4098, 4900, 26289, 17207, 3300, 6800, 56311, 14797, 16105, 12202, 16101, 76206, 5203, 16410, 140396]
T2 = [4397, 128280, 87898, 3296, 75510, 10501, 4703, 34907, 45304, 162093, 25899, 90982, 100901, 116206, 106301, 48104, 39004, 56518, 111795, 7700, 113696, 77819, 86309, 3401, 46792, 57714, 6698, 369017, 163290, 81995]

id 42
F = [40, 134, 32, 44, 38, 50, 34, 41, 35, 39, 42, 450, 41, 192, 19, 40, 58, 37, 36, 46, 133, 12, 289, 26, 39, 123, 40, 51, 43, 10]
F2 = [255, 125, 136, 215, 184, 254, 10, 396, 170, 150, 133, 63, 15, 336, 31, 86, 154, 177, 468, 102, 146, 458, 239, 20, 130, 15, 234, 94, 243, 33]
T = [14299, 44595, 11398, 15903, 14004, 22799, 11505, 15502, 13906, 14099, 26501, 151614, 14892, 70203, 7608, 14001, 19998, 12597, 13307, 16306, 45797, 5997, 104119, 9397, 14700, 42291, 17300, 19998, 14997, 5102]
T2 = [86804, 41707, 45008, 81185, 61102, 93615, 3400, 136485, 58703, 51709, 53690, 20792, 4999, 111689, 10401, 28792, 51515, 58109, 175109, 34013, 48698, 168261, 80896, 6896, 43607, 4895, 84494, 35780, 81009, 11592]

id 43
F = [43, 29, 15, 43, 181, 8, 38, 11, 106, 138, 10, 191, 43, 12, 10, 127, 168, 49, 119, 169, 44, 10, 13, 11, 156, 144, 179, 182, 36, 53]
F2 = [198, 97, 128, 797, 16, 27, 265, 32, 355, 70, 31, 675, 7, 26, 30, 127, 336, 332, 18, 1125, 11, 146, 182, 794, 208, 45, 139, 138, 14, 390]
T = [16008, 13505, 6505, 16306, 61094, 3599, 17299, 6096, 53899, 47403, 4602, 68815, 15407, 4503, 4001, 43711, 63724, 166203, 40499, 58609, 15604, 4198, 5001, 4701, 52196, 50208, 63291, 62192, 13998, 18599]
T2 = [66326, 31893, 42906, 271296, 5301, 9006, 89693, 10806, 149930, 24688, 10403, 239177, 2205, 8501, 9997, 42106, 125000, 114114, 6001, 394634, 3702, 48890, 61173, 264270, 69872, 16090, 47212, 47494, 4801, 137692]

id 44
F = [12, 36, 216, 8, 128, 36, 57, 13, 13, 10, 37, 16, 6, 54, 191, 48, 36, 186, 54, 14, 46, 135, 15, 29, 37, 45, 7, 156, 9, 160]
F2 = [186, 83, 258, 123, 147, 423, 89, 29, 139, 25, 2, 35, 27, 263, 297, 799, 291, 612, 609, 285, 11, 239, 29, 188, 461, 388, 37, 85, 24, 39]
T = [5097, 14600, 73692, 3804, 44304, 12905, 20194, 6898, 5097, 4703, 15894, 6798, 3398, 19402, 69883, 16998, 12897, 78687, 20197, 5804, 16607, 45891, 6300, 10499, 13391, 16393, 3100, 53075, 4499, 54468]
T2 = [61901, 27313, 88010, 42300, 49188, 142241, 29894, 9801, 48702, 8892, 802, 18315, 9597, 87521, 102911, 274929, 100892, 204002, 208228, 93919, 3704, 78507, 9597, 62103, 152119, 129107, 12305, 28202, 8301, 12988]

id 45
F = [181, 33, 50, 41, 36, 300, 34, 186, 139, 32, 33, 191, 137, 11, 9, 8, 39, 10, 31, 16, 12, 137, 42, 46, 48, 138, 177, 12, 42, 12]
F2 = [251, 146, 86, 258, 80, 218, 140, 13, 75, 371, 10, 147, 146, 38, 140, 24, 16, 31, 17, 192, 143, 159, 247, 135, 214, 78, 648, 26, 407, 24]
T = [64202, 11999, 17500, 14999, 13600, 105715, 12605, 78080, 48492, 12896, 12694, 65003, 59011, 5201, 4297, 3702, 14903, 4402, 13195, 8200, 5205, 56198, 15205, 16093, 18603, 46605, 60406, 5400, 15010, 5299]
T2 = [84707, 48587, 33090, 85898, 26997, 72606, 46804, 4504, 24904, 160376, 2999, 49199, 55690, 13590, 46197, 8301, 5401, 10396, 5805, 64695, 51207, 53505, 83102, 45117, 77803, 26396, 216813, 9900, 136624, 7801]

id 46
F = [49, 204, 45, 49, 35, 42, 42, 42, 136, 11, 15, 9, 13, 13, 49, 35, 174, 33, 13, 36, 19, 37, 14, 55, 16, 36, 18, 45, 37, 39]
F2 = [468, 310, 2, 3, 187, 365, 15, 21, 371, 23, 114, 33, 132, 293, 85, 239, 568, 132, 278, 467, 122, 147, 23, 434, 304, 247, 32, 78, 388, 27]
T = [18101, 70493, 15401, 19497, 12897, 14596, 15493, 16193, 50804, 4801, 9403, 8002, 5897, 7996, 17197, 15504, 59910, 19702, 7398, 13000, 8107, 14306, 5698, 20699, 6698, 20298, 8098, 15599, 14311, 16796]
T2 = [229791, 103602, 601, 900, 63000, 123210, 4699, 6903, 134475, 7703, 44894, 14205, 44606, 119772, 45287, 94303, 189639, 57788, 101094, 155290, 40295, 51999, 8097, 156612, 107901, 83994, 11509, 25989, 136036, 12596]

id 47
F = [10, 8, 37, 37, 37, 142, 37, 51, 142, 35, 33, 175, 43, 11, 184, 53, 31, 126, 215, 17, 13, 197, 17, 45, 283, 184, 11, 47, 150, 54]
F2 = [345, 140, 2, 163, 9, 35, 192, 742, 239, 170, 380, 32, 11, 193, 15, 413, 27, 18, 26, 29, 259, 27, 938, 184, 491, 95, 182, 87, 44, 89]
T = [5498, 3997, 16897, 14398, 14401, 47896, 13294, 24504, 49197, 12802, 12809, 59901, 16194, 4600, 63006, 18613, 12096, 45497, 76298, 7198, 5602, 71004, 6606, 22692, 95215, 62897, 5599, 17106, 51016, 18993]
T2 = [122991, 66089, 802, 59796, 3201, 11405, 66995, 339440, 106017, 57707, 128984, 11198, 3800, 64177, 4704, 160119, 8899, 6197, 8300, 10103, 99479, 9406, 313861, 64396, 171482, 31499, 60917, 29799, 15098, 30298]

id 48
F = [32, 40, 34, 377, 45, 28, 42, 135, 38, 10, 491, 15, 196, 51, 37, 129, 161, 14, 126, 42, 42, 14, 55, 41, 122, 172, 37, 40, 58, 36]
F2 = [139, 13, 2, 63, 20, 17, 136, 20, 7, 125, 141, 17, 850, 95, 184, 17, 79, 25, 152, 142, 361, 173, 437, 238, 19, 123, 114, 18, 92, 176]
T = [11604, 14706, 13097, 127998, 15996, 10505, 14791, 52009, 13710, 4399, 166380, 6599, 70507, 21711, 14005, 44910, 81113, 5904, 48118, 16496, 17701, 6595, 20402, 16299, 45117, 66288, 13204, 14904, 23013, 13406]
T2 = [63707, 4304, 599, 20692, 7003, 5399, 44302, 6400, 2398, 42580, 48004, 5601, 283077, 32201, 61989, 5603, 28889, 8499, 55698, 65190, 128395, 67809, 153792, 84225, 6296, 44305, 37811, 5899, 34594, 58796]

id 49
F = [38, 37, 228, 16, 448, 9, 28, 36, 192, 17, 43, 7, 44, 57, 155, 35, 14, 40, 40, 16, 37, 180, 16, 196, 61, 41, 36, 8, 9, 206]
F2 = [98, 14, 101, 502, 374, 36, 181, 418, 345, 721, 14, 546, 268, 88, 293, 313, 24, 93, 242, 37, 161, 166, 814, 99, 160, 184, 420, 22, 19, 31]
T = [14695, 14909, 89779, 6298, 151191, 3999, 10495, 15599, 71421, 7900, 18912, 3601, 20992, 23516, 63802, 14199, 5901, 16006, 19194, 7302, 14398, 72908, 6398, 160916, 29408, 17903, 14988, 5501, 4395, 75198]
T2 = [35696, 4603, 41399, 192080, 125611, 13204, 60481, 166603, 122399, 299599, 8508, 183206, 109714, 32410, 100996, 112489, 8903, 35704, 94603, 13003, 60700, 56601, 270020, 43794, 78905, 65197, 163203, 8395, 6100, 13294]

id 50
F = [135, 49, 30, 149, 35, 10, 250, 31, 41, 7, 52, 138, 433, 35, 59, 38, 42, 18, 312, 187, 155, 10, 11, 131, 13, 44, 14, 13, 11, 36]
F2 = [280, 96, 258, 243, 181, 20, 191, 13, 470, 35, 96, 138, 70, 134, 86, 435, 128, 140, 467, 674, 76, 30, 777, 41, 33, 14, 141, 279, 22, 267]
T = [47406, 17789, 13200, 49291, 13002, 4505, 83731, 15294, 14707, 3298, 18994, 50110, 148359, 12300, 20905, 14106, 17207, 6800, 112697, 69816, 54811, 7400, 5395, 44705, 7998, 16304, 5502, 5899, 3901, 12809]
T2 = [93499, 32721, 100991, 88930, 60701, 6503, 64514, 3901, 157507, 11694, 32389, 46897, 22796, 44893, 28897, 144479, 44812, 45993, 154990, 239794, 38006, 11100, 260721, 14106, 10999, 4994, 47513, 99098, 6992, 90109]

id 51
F = [10, 36, 36, 129, 35, 54, 12, 33, 145, 35, 44, 49, 28, 35, 34, 32, 41, 131, 187, 31, 189, 38, 126, 195, 142, 35, 50, 12, 131, 14]
F2 = [357, 208, 116, 246, 489, 85, 190, 106, 38, 2, 84, 87, 140, 133, 247, 144, 256, 78, 31, 240, 10, 349, 84, 16, 382, 147, 151, 336, 141, 185]
T = [5004, 12604, 14390, 45499, 11900, 19413, 4902, 11301, 49891, 12905, 15301, 25295, 10705, 13402, 13306, 11598, 15594, 44003, 85507, 10701, 86193, 15289, 54810, 79911, 70423, 12410, 21009, 7804, 44890, 5305]
T2 = [118987, 68900, 39289, 89992, 163437, 28311, 63589, 35600, 12894, 698, 27497, 28800, 47391, 48007, 81797, 47898, 84500, 26811, 15110, 80300, 3900, 129326, 29508, 6299, 145808, 48908, 77804, 122496, 46488, 94805]

id 52
F = [133, 46, 37, 44, 37, 163, 277, 54, 185, 41, 45, 40, 63, 201, 15, 150, 48, 32, 433, 34, 321, 48, 12, 145, 32, 148, 15, 44, 36, 211]
F2 = [694, 418, 232, 243, 90, 32, 577, 441, 81, 452, 250, 147, 474, 314, 182, 146, 289, 155, 376, 13, 177, 863, 132, 80, 185, 88, 27, 181, 82, 268]
T = [46205, 16892, 13692, 15296, 15199, 69195, 107286, 18492, 61610, 16199, 15502, 18804, 22098, 68602, 7399, 51592, 17598, 11695, 161398, 13202, 113218, 16809, 5606, 49096, 12303, 50095, 6402, 16200, 12592, 70781]
T2 = [232003, 139691, 77486, 82303, 34506, 12603, 202088, 153318, 26804, 153899, 82999, 49196, 157428, 104489, 61225, 55106, 95909, 52207, 126078, 4496, 62296, 294817, 46988, 26604, 68995, 38501, 9104, 60513, 27992, 89999]

id 53
F = [140, 39, 34, 41, 11, 37, 36, 45, 196, 14, 44, 465, 63, 9, 142, 135, 508, 47, 17, 28, 44, 42, 197, 45, 47, 188, 60, 12, 15, 6]
F2 = [225, 237, 439, 141, 122, 264, 96, 135, 30, 447, 231, 210, 84, 28, 368, 221, 8, 376, 173, 187, 15, 16, 31, 2, 262, 218, 288, 131, 119, 26]
T = [47305, 14005, 12496, 14601, 4306, 13496, 13004, 15398, 65716, 5695, 15902, 158013, 22804, 3903, 48401, 45902, 180497, 19895, 6598, 11393, 16005, 16706, 66688, 17205, 16898, 65490, 21315, 4802, 5994, 2804]
T2 = [74916, 79710, 148336, 47793, 40197, 88207, 32299, 44707, 9694, 150413, 77390, 70396, 29596, 9094, 123015, 82905, 2695, 128232, 58409, 74101, 5103, 5299, 10100, 600, 94098, 72006, 95507, 44178, 40298, 8593]

id 54
F = [12, 189, 32, 387, 30, 38, 44, 9, 33, 39, 125, 14, 52, 12, 204, 31, 31, 55, 34, 12, 38, 439, 211, 184, 36, 42, 55, 13, 200, 165]
F2 = [21, 639, 201, 113, 180, 150, 465, 31, 231, 188, 86, 31, 91, 36, 316, 20, 2, 235, 147, 35, 13, 52, 316, 328, 5, 144, 83, 188, 12, 163]
T = [4801, 64189, 11896, 132883, 12603, 14393, 17005, 4600, 15401, 13594, 43104, 5701, 18095, 6001, 69002, 12309, 22195, 20397, 13403, 6499, 16204, 176332, 71599, 64008, 13401, 15601, 29200, 5297, 68404, 56901]
T2 = [7098, 214229, 67391, 38398, 60189, 51506, 196484, 11406, 104299, 68307, 28609, 10597, 30900, 12004, 106098, 6302, 1600, 84894, 56387, 12210, 4496, 20396, 114018, 116502, 1602, 48405, 28604, 74188, 4001, 54610]

id 55
F = [32, 138, 28, 123, 9, 8, 136, 41, 133, 119, 29, 256, 25, 204, 192, 22, 12, 37, 112, 54, 230, 188, 39, 33, 134, 12, 46, 150, 7, 9]
F2 = [7, 80, 16, 72, 503, 34, 16, 13, 292, 76, 104, 79, 82, 486, 98, 176, 33, 383, 183, 268, 608, 301, 11, 275, 92, 23, 14, 74, 505, 141]
T = [12198, 53906, 10702, 43604, 4003, 4299, 51287, 14999, 49104, 40589, 12198, 86993, 9803, 73492, 65915, 8697, 4801, 13303, 40704, 20200, 100013, 64016, 18308, 13891, 45796, 6196, 18403, 51195, 3201, 3501]
T2 = [2295, 28421, 5402, 24304, 169423, 11501, 5606, 4499, 106286, 24989, 36287, 26896, 26907, 163003, 32910, 61187, 10898, 128485, 78193, 93294, 230731, 103688, 5296, 152492, 30503, 7397, 4903, 24281, 286998, 47598]

id 56
F = [106, 294, 57, 58, 62, 36, 34, 44, 133, 9, 42, 10, 315, 15, 50, 17, 49, 49, 10, 43, 33, 11, 15, 37, 145, 51, 42, 51, 187, 189]
F2 = [176, 43, 462, 88, 145, 85, 2, 260, 20, 504, 109, 23, 109, 484, 497, 135, 95, 2, 32, 104, 263, 121, 263, 18, 43, 277, 83, 453, 15, 196]
T = [41109, 108782, 19195, 20710, 22003, 12802, 12799, 15699, 45894, 3698, 19296, 5104, 112476, 6497, 18791, 6597, 18609, 17098, 4502, 14701, 12701, 4698, 6902, 13890, 60587, 18099, 15699, 17703, 78498, 63803]
T2 = [85194, 15912, 155704, 29096, 48685, 28901, 801, 95199, 6904, 175803, 37408, 11596, 36085, 161209, 168101, 45006, 32299, 701, 10994, 35211, 87985, 40602, 90302, 5900, 14715, 91995, 27592, 184373, 4999, 72815]

id 57
F = [229, 36, 131, 66, 49, 40, 34, 12, 35, 43, 44, 41, 53, 156, 40, 53, 39, 35, 454, 51, 44, 15, 14, 46, 123, 130, 14, 155, 17, 40]
F2 = [39, 464, 289, 142, 251, 133, 20, 248, 166, 416, 2, 197, 480, 285, 162, 97, 153, 14, 82, 460, 81, 18, 138, 182, 192, 66, 136, 333, 630, 18]
T = [77797, 13405, 43987, 25198, 23598, 14795, 12704, 5200, 12802, 16598, 16303, 14599, 18489, 53703, 14705, 18997, 15302, 12499, 153007, 20394, 17305, 7306, 6100, 16001, 43303, 56479, 6401, 61291, 7804, 13704]
T2 = [12604, 154885, 97595, 48180, 107897, 44306, 6794, 87692, 56698, 138385, 601, 72597, 160612, 94916, 53187, 32293, 51105, 5000, 27695, 154729, 27508, 7105, 47288, 59986, 65592, 22008, 45398, 136190, 291963, 5604]

id 58
F = [40, 12, 11, 292, 275, 141, 39, 31, 46, 38, 16, 36, 198, 234, 267, 206, 61, 46, 10, 15, 178, 166, 37, 169, 12, 41, 34, 14, 8, 178]
F2 = [2, 24, 33, 61, 77, 47, 145, 100, 610, 2, 152, 185, 307, 41, 7, 28, 629, 460, 132, 325, 26, 69, 146, 582, 21, 115, 103, 608, 824, 264]
T = [14803, 4804, 4794, 97412, 93308, 48091, 13191, 11400, 16300, 13711, 6399, 12902, 70413, 86288, 91109, 78282, 21994, 19304, 4399, 7295, 61097, 56407, 15497, 65604, 5503, 14400, 12797, 6596, 4802, 61805]
T2 = [598, 7907, 11209, 20211, 25609, 15501, 56574, 33205, 203214, 700, 50706, 62213, 110206, 14093, 2301, 9102, 208776, 157528, 44503, 111503, 9001, 22800, 50291, 198275, 7494, 38802, 35502, 291047, 323428, 87200]

id 59
F = [47, 35, 10, 31, 36, 36, 150, 53, 53, 18, 34, 13, 49, 181, 48, 36, 140, 38, 180, 37, 123, 38, 166, 44, 143, 14, 37, 117, 44, 277]
F2 = [232, 255, 32, 203, 330, 14, 133, 90, 312, 253, 242, 27, 85, 100, 303, 214, 42, 385, 95, 14, 14, 3, 11, 174, 85, 277, 263, 22, 8, 176]
T = [16191, 12690, 5198, 11300, 15113, 12704, 52286, 18495, 18399, 7102, 13199, 7505, 18095, 60598, 17800, 12404, 48010, 21899, 63181, 13398, 45509, 12992, 57090, 15401, 48097, 5397, 15005, 39898, 15497, 94286]
T2 = [77408, 85410, 12000, 69201, 111312, 4500, 43903, 29998, 119407, 87103, 104879, 18703, 28807, 33290, 100401, 74816, 14393, 139023, 31791, 4701, 5995, 1001, 3696, 57307, 28402, 93278, 102207, 7407, 3001, 58899]

id 60
F = [46, 12, 32, 31, 33, 30, 447, 34, 38, 309, 56, 143, 57, 197, 15, 266, 48, 39, 315, 52, 46, 33, 33, 42, 282, 12, 142, 40, 194, 15]
F2 = [143, 131, 8, 152, 2, 407, 64, 18, 13, 546, 162, 153, 268, 132, 134, 212, 185, 252, 152, 492, 11, 271, 141, 103, 118, 141, 50, 150, 306, 26]
T = [16403, 4696, 14209, 11095, 12404, 10702, 188512, 12308, 13906, 121929, 19405, 49787, 20498, 66988, 6699, 90282, 17798, 13599, 417092, 19701, 17098, 12597, 17203, 14897, 96462, 5799, 50792, 14103, 76494, 6606]
T2 = [47497, 43598, 2799, 50097, 601, 143082, 22506, 5899, 4603, 217071, 59495, 68011, 89414, 44197, 47191, 70787, 62012, 83316, 50697, 164899, 3600, 105011, 77797, 34385, 40205, 52200, 17005, 50788, 105596, 9295]

id 61
F = [16, 127, 42, 11, 10, 35, 437, 36, 184, 14, 56, 17, 10, 41, 42, 34, 13, 36, 217, 163, 33, 12, 35, 31, 172, 42, 37, 36, 12, 174]
F2 = [261, 73, 185, 29, 26, 390, 68, 153, 304, 479, 275, 18, 25, 158, 95, 251, 327, 247, 254, 67, 243, 34, 252, 190, 16, 16, 248, 187, 30, 94]
T = [6299, 42599, 16093, 6001, 5095, 13601, 149589, 13302, 67974, 6399, 19797, 7097, 4703, 31697, 17501, 12296, 13304, 12899, 74295, 56504, 11907, 4505, 15103, 14700, 58602, 15999, 17493, 12591, 5305, 72382]
T2 = [129412, 24419, 61801, 10006, 15496, 132594, 22802, 51392, 120698, 172500, 90994, 6303, 8299, 61407, 31611, 87185, 124595, 83401, 88803, 23002, 82309, 11504, 99720, 79200, 5199, 5598, 106397, 83297, 10502, 34607]

id 62
F = [43, 444, 35, 32, 196, 275, 13, 32, 334, 35, 45, 44, 200, 169, 43, 225, 17, 9, 176, 42, 29, 34, 19, 49, 147, 14, 124, 41, 6, 388]
F2 = [198, 53, 179, 14, 29, 1066, 136, 6, 128, 416, 155, 241, 242, 315, 20, 287, 128, 25, 146, 395, 155, 84, 30, 86, 44, 28, 753, 244, 30, 112]
T = [17792, 148180, 12803, 11601, 66706, 110715, 5802, 14696, 314505, 14398, 22599, 17910, 70113, 57904, 16394, 76803, 6997, 4395, 61408, 14096, 11904, 12202, 7798, 18191, 56591, 5800, 41393, 15502, 3501, 180598]
T2 = [66386, 17407, 59896, 4496, 75499, 405829, 44796, 2200, 75799, 153303, 52006, 81212, 81109, 105994, 7004, 97062, 43088, 8204, 50608, 134111, 55698, 27598, 10396, 29598, 14690, 9902, 254311, 82509, 11602, 50902]

id 63
F = [14, 62, 141, 195, 39, 14, 18, 37, 39, 129, 182, 143, 132, 130, 134, 46, 281, 39, 122, 42, 41, 14, 36, 193, 142, 276, 38, 41, 36, 50]
F2 = [345, 79, 151, 22, 386, 517, 24, 260, 23, 38, 101, 239, 170, 152, 48, 144, 210, 150, 219, 2, 445, 34, 170, 85, 346, 69, 152, 197, 139, 2]
T = [6700, 21288, 56306, 67111, 14010, 6495, 8300, 12698, 13512, 44099, 72207, 54693, 44498, 44395, 45694, 16402, 95110, 15204, 42807, 15707, 15785, 5500, 13001, 73108, 50800, 100390, 15590, 15188, 13094, 17998]
T2 = [132115, 26803, 50500, 7407, 129913, 179358, 10097, 87010, 7502, 12903, 40203, 89494, 58112, 51208, 15999, 47299, 70477, 49710, 79211, 600, 149300, 12105, 64908, 34094, 116220, 25100, 50799, 65006, 48885, 698]

id 64
F = [17, 37, 40, 174, 32, 35, 45, 65, 14, 42, 50, 124, 138, 34, 180, 35, 8, 43, 39, 39, 36, 32, 32, 44, 208, 33, 37, 34, 47, 9]
F2 = [28, 14, 191, 17, 275, 279, 178, 90, 135, 87, 350, 76, 15, 21, 246, 143, 627, 163, 2, 247, 148, 173, 5, 148, 28, 140, 11, 407, 232, 489]
T = [9204, 14804, 14799, 57699, 15396, 13504, 16193, 21592, 5595, 15197, 17997, 47206, 47715, 13090, 70208, 13094, 3803, 16997, 16495, 21290, 12809, 11893, 11406, 15200, 72990, 12196, 13009, 13099, 17006, 4400]
T2 = [10094, 4797, 63210, 5801, 103295, 95010, 59728, 29517, 45299, 29094, 117087, 24902, 5200, 6897, 82889, 47899, 210062, 54709, 697, 96372, 48577, 57320, 1898, 48890, 9906, 47099, 4098, 149565, 78699, 162803]

id 65
F = [39, 506, 50, 54, 51, 337, 13, 8, 17, 115, 41, 54, 12, 7, 33, 52, 15, 294, 13, 43, 186, 43, 171, 43, 192, 13, 11, 30, 30, 47]
F2 = [2, 778, 303, 141, 252, 142, 21, 36, 251, 26, 1245, 86, 29, 339, 17, 95, 298, 7, 1011, 144, 243, 16, 14, 198, 626, 29, 249, 489, 4, 406]
T = [15101, 172667, 18008, 19306, 18893, 113581, 5399, 4000, 6693, 41094, 15604, 19811, 6502, 4205, 12292, 18295, 6005, 101896, 7206, 15495, 74109, 15299, 59284, 20700, 65615, 6695, 4203, 11911, 10700, 20388]
T2 = [598, 270297, 104793, 46999, 84000, 47911, 7096, 13292, 83903, 8502, 435318, 28409, 9598, 113699, 5503, 31597, 99603, 2501, 395747, 48289, 101291, 5296, 4704, 96617, 212495, 9998, 82207, 169702, 1201, 178688]

id 66
F = [33, 13, 30, 392, 30, 49, 137, 147, 255, 59, 15, 355, 180, 41, 41, 483, 143, 58, 41, 12, 144, 36, 35, 145, 8, 38, 122, 41, 13, 13]
F2 = [181, 23, 81, 321, 7, 81, 35, 86, 431, 700, 27, 158, 107, 12, 414, 356, 381, 444, 2, 25, 145, 14, 2, 230, 900, 7, 269, 2, 23, 26]
T = [13797, 5698, 10998, 131609, 13694, 17603, 47001, 49397, 86793, 20510, 7198, 126287, 66912, 15099, 14804, 161580, 50397, 20684, 24894, 5604, 55298, 16497, 12905, 48387, 5701, 14103, 58992, 15490, 15501, 5405]
T2 = [60592, 7400, 27006, 107595, 2702, 27604, 12104, 28594, 145199, 233523, 13788, 55488, 42991, 3896, 138597, 121610, 131485, 151020, 1199, 8102, 62307, 5701, 800, 88609, 317293, 2301, 109895, 700, 7705, 9105]

id 67
F = [155, 44, 130, 188, 159, 42, 165, 66, 18, 34, 36, 9, 15, 220, 41, 29, 38, 45, 36, 276, 179, 13, 40, 56, 180, 10, 12, 255, 295, 55]
F2 = [231, 261, 48, 202, 150, 248, 15, 79, 31, 138, 136, 645, 129, 128, 190, 6, 181, 11, 12, 239, 314, 126, 77, 139, 13, 22, 25, 25, 38, 456]
T = [54513, 16605, 43504, 63111, 64710, 15201, 62599, 23197, 6901, 12801, 13094, 3501, 6202, 76292, 14697, 10993, 14792, 18495, 12791, 93069, 62003, 5693, 14705, 21706, 103086, 4400, 5000, 86698, 100094, 19401]
T2 = [77885, 87702, 15803, 67300, 49782, 83097, 5805, 25994, 10097, 46699, 46218, 217220, 43891, 42212, 62805, 1997, 67086, 7403, 4098, 79880, 112942, 50191, 26008, 51173, 7799, 7002, 8398, 8406, 12104, 155197]

id 68
F = [34, 54, 241, 7, 35, 199, 7, 61, 132, 35, 38, 33, 5, 295, 20, 39, 46, 9, 284, 215, 39, 30, 37, 36, 48, 40, 172, 47, 53, 154]
F2 = [16, 81, 97, 251, 283, 304, 124, 143, 201, 239, 194, 10, 150, 215, 32, 240, 135, 141, 10, 240, 2, 3, 18, 13, 251, 84, 150, 426, 133, 456]
T = [12592, 18799, 81587, 3495, 18082, 68902, 4002, 21008, 45501, 16494, 13491, 11698, 2302, 100329, 9897, 13801, 16192, 3799, 95405, 75496, 17904, 12315, 13507, 13898, 17709, 14897, 56711, 16595, 22703, 53798]
T2 = [5401, 28106, 32317, 83601, 104017, 101694, 59799, 48202, 71904, 98389, 64497, 3300, 50693, 71996, 11906, 79097, 45088, 47698, 3395, 86508, 701, 1000, 5800, 4599, 86598, 27809, 50407, 144599, 44408, 159511]

id 69
F = [32, 42, 45, 43, 38, 12, 220, 43, 15, 40, 188, 285, 42, 42, 10, 14, 215, 203, 46, 196, 13, 180, 147, 38, 463, 48, 49, 44, 28, 36]
F2 = [129, 142, 241, 12, 145, 343, 294, 146, 507, 13, 11, 5, 16, 879, 189, 308, 258, 606, 388, 29, 130, 878, 797, 191, 3, 2, 420, 148, 2, 7]
T = [12097, 15707, 20996, 16004, 13500, 5100, 73896, 15997, 5999, 14297, 65402, 96680, 15903, 14992, 4105, 7098, 74000, 106998, 19902, 72771, 6596, 66318, 51196, 13700, 159824, 20695, 18198, 15806, 10597, 13600]
T2 = [42303, 47783, 98587, 4103, 48500, 113796, 98700, 48501, 168769, 4298, 3700, 1501, 5696, 2198829, 63586, 109466, 86092, 434716, 201799, 9700, 43904, 300440, 278330, 64700, 998, 698, 159811, 49789, 698, 2102]

id 70
F = [135, 47, 10, 43, 185, 9, 46, 133, 46, 426, 135, 296, 39, 223, 57, 193, 42, 133, 17, 38, 190, 177, 40, 34, 38, 197, 47, 33, 226, 6]
F2 = [216, 140, 38, 135, 16, 141, 11, 72, 158, 38, 78, 200, 3, 56, 275, 71, 142, 40, 31, 3, 44, 167, 182, 375, 592, 286, 106, 21, 280, 25]
T = [47215, 18402, 4901, 15301, 63906, 4703, 16706, 44594, 17504, 144304, 45216, 99983, 13604, 80117, 20110, 63411, 16497, 46095, 8198, 18201, 63688, 67597, 15399, 13398, 14902, 80900, 16204, 17199, 81607, 2901]
T2 = [72786, 47414, 14294, 48091, 5505, 71294, 3497, 23809, 51478, 12900, 25792, 66398, 1001, 21916, 93708, 23695, 46893, 13103, 10703, 1100, 14303, 74111, 70995, 123593, 240732, 104303, 36000, 6904, 102097, 8102]

id 71
F = [28, 12, 298, 36, 39, 42, 125, 43, 120, 55, 51, 33, 49, 39, 115, 56, 199, 29, 12, 174, 32, 42, 45, 138, 445, 37, 61, 138, 50, 11]
F2 = [17, 488, 205, 3, 12, 449, 365, 16, 16, 786, 138, 243, 120, 241, 20, 90, 317, 86, 132, 147, 123, 190, 184, 146, 67, 2, 231, 154, 431, 145]
T = [11504, 5199, 102687, 13506, 14196, 15487, 55192, 16294, 41594, 22601, 17602, 12206, 19208, 18984, 39693, 21203, 68093, 11406, 5099, 58798, 12902, 17796, 17703, 61710, 149592, 15398, 23104, 47110, 18599, 4304]
T2 = [5405, 164488, 66805, 1100, 3793, 148607, 123119, 5604, 5094, 261252, 46297, 82075, 44576, 83001, 6496, 30096, 105483, 29303, 43797, 48296, 42395, 68291, 62300, 104403, 22502, 600, 78286, 52518, 157994, 48402]

id 72
F = [123, 35, 10, 12, 14, 8, 41, 40, 36, 36, 14, 48, 148, 147, 34, 29, 8, 137, 10, 213, 170, 16, 6, 140, 133, 224, 14, 39, 38, 180]
F2 = [19, 15, 25, 24, 178, 510, 98, 478, 261, 85, 22, 79, 42, 40, 192, 202, 166, 374, 23, 253, 107, 449, 268, 74, 47, 276, 337, 15, 475, 475]
T = [42119, 12199, 4199, 4897, 6096, 4200, 16601, 14197, 18697, 13404, 7000, 16500, 54402, 48809, 16191, 10793, 3302, 46409, 4605, 72406, 109789, 7594, 3601, 48114, 45508, 76012, 6200, 14704, 15193, 60407]
T2 = [6793, 5199, 8599, 8207, 60299, 182280, 34201, 179195, 149724, 27495, 7793, 26709, 13898, 13197, 68284, 110295, 62900, 134777, 8906, 88800, 157705, 165705, 93069, 25798, 15897, 92898, 111491, 5303, 163479, 160907]

id 73
F = [124, 227, 38, 13, 174, 31, 12, 18, 40, 6, 10, 194, 15, 46, 8, 31, 372, 161, 37, 35, 9, 15, 42, 51, 37, 52, 40, 45, 30, 135]
F2 = [17, 35, 153, 27, 93, 10, 186, 262, 183, 489, 317, 96, 285, 492, 646, 351, 149, 47, 10, 127, 34, 121, 425, 79, 83, 142, 131, 149, 185, 510]
T = [47410, 77982, 13396, 7600, 60809, 13397, 7200, 6905, 13891, 4600, 4303, 64498, 9790, 17398, 4801, 11395, 122896, 55197, 13799, 13399, 3500, 7400, 14697, 18798, 14499, 19604, 15512, 16707, 13305, 54008]
T2 = [8897, 11406, 67503, 12510, 31795, 3303, 78176, 90311, 61197, 164101, 105128, 32382, 207504, 164558, 217066, 128691, 49418, 15301, 3297, 43209, 11006, 40497, 185927, 49711, 27884, 57400, 45695, 52709, 71105, 188077]

id 74
F = [17, 10, 45, 47, 208, 15, 31, 9, 43, 7, 47, 34, 45, 36, 33, 41, 231, 39, 53, 36, 47, 174, 42, 12, 9, 55, 40, 261, 148, 205]
F2 = [180, 25, 403, 13, 361, 131, 2, 22, 9, 282, 2, 262, 446, 295, 13, 246, 277, 16, 85, 189, 127, 15, 467, 178, 142, 86, 145, 131, 297, 91]
T = [6598, 6304, 15789, 16898, 99394, 6402, 16406, 4305, 14699, 3700, 16605, 12795, 16010, 12396, 12502, 14593, 84188, 16703, 18692, 14092, 18213, 58907, 15201, 5097, 4100, 19803, 20194, 109093, 52482, 79842]
T2 = [60695, 10802, 139701, 4203, 185906, 43323, 1002, 7599, 3003, 93581, 601, 87292, 149508, 99306, 4499, 83307, 94024, 5795, 29192, 63807, 45989, 5004, 156583, 70477, 47687, 30284, 96103, 53827, 102794, 33303]

id 75
F = [14, 44, 52, 397, 12, 230, 24, 40, 132, 44, 38, 38, 151, 125, 47, 188, 12, 44, 13, 30, 315, 37, 39, 32, 38, 14, 32, 284, 40, 33]
F2 = [34, 3, 150, 148, 486, 580, 146, 147, 39, 230, 138, 120, 30, 20, 127, 727, 28, 134, 731, 459, 188, 11, 17, 469, 10, 361, 82, 86, 240, 157]
T = [5698, 16190, 19685, 134115, 5401, 77993, 9899, 14595, 46195, 17202, 13494, 13995, 51491, 43494, 16506, 63802, 7398, 24004, 6204, 11103, 108102, 14095, 14208, 12496, 13306, 7900, 12199, 98919, 14895, 12005]
T2 = [11402, 1002, 51907, 49403, 178283, 192197, 48902, 51405, 14202, 119080, 65206, 40311, 9996, 6592, 43778, 244604, 10301, 57797, 287495, 152284, 61770, 4804, 5801, 156697, 3301, 118119, 30995, 28486, 80007, 52005]

id 76
F = [143, 17, 10, 35, 144, 114, 42, 39, 33, 136, 8, 234, 35, 33, 133, 46, 40, 15, 46, 46, 12, 421, 46, 277, 14, 12, 45, 36, 199, 264]
F2 = [318, 118, 32, 179, 33, 155, 185, 486, 194, 156, 138, 140, 15, 19, 151, 17, 180, 117, 149, 183, 126, 255, 147, 219, 136, 914, 13, 139, 223, 118]
T = [49092, 8101, 4596, 13893, 49300, 39087, 14798, 14199, 12600, 45501, 5399, 79015, 13191, 12805, 44603, 20597, 14004, 6197, 16400, 18103, 8203, 144090, 16500, 107501, 6003, 7304, 20095, 14306, 67598, 89704]
T2 = [105309, 46798, 11004, 59900, 11194, 52398, 64291, 161031, 72096, 52801, 44498, 46596, 4703, 6602, 50711, 7204, 61594, 39407, 50617, 60709, 41901, 86003, 49313, 80393, 46208, 310038, 4999, 47194, 73096, 38991]

id 77
F = [12, 39, 37, 128, 119, 39, 198, 38, 40, 130, 19, 49, 36, 129, 29, 178, 150, 37, 31, 33, 141, 30, 491, 12, 10, 59, 292, 32, 33, 284]
F2 = [25, 97, 19, 24, 38, 252, 230, 406, 376, 333, 301, 195, 3, 15, 208, 202, 397, 9, 406, 400, 126, 7, 296, 27, 32, 450, 33, 474, 131, 548]
T = [5197, 14608, 13096, 44714, 48087, 14706, 68886, 12798, 15000, 43983, 10400, 25297, 13100, 43591, 11294, 69206, 50398, 13598, 12298, 14094, 53404, 17300, 165506, 5396, 5002, 20905, 99513, 11201, 12804, 95709]
T2 = [8600, 32701, 6403, 7701, 14701, 86191, 81878, 138594, 140817, 112179, 101007, 64083, 1001, 5300, 69283, 66890, 141211, 2899, 135497, 136208, 42804, 3399, 101402, 10395, 10799, 156431, 11198, 160668, 42912, 183286]

id 78
F = [187, 35, 40, 37, 698, 14, 146, 13, 36, 35, 144, 37, 53, 41, 10, 43, 51, 176, 128, 219, 141, 12, 15, 37, 33, 204, 13, 36, 44, 135]
F2 = [184, 252, 392, 14, 115, 32, 43, 34, 2, 21, 42, 379, 243, 89, 31, 16, 90, 193, 210, 273, 314, 21, 37, 144, 40, 415, 522, 3, 145, 53]
T = [64492, 16091, 35601, 13696, 232512, 6401, 48896, 5702, 13090, 14696, 49502, 13202, 23493, 14092, 4701, 17304, 21509, 61596, 46695, 74779, 48405, 6395, 7299, 13592, 11998, 68514, 7200, 15401, 15804, 45999]
T2 = [60800, 102585, 140286, 4802, 39095, 10101, 14797, 12588, 599, 7301, 13903, 126978, 91903, 29809, 10301, 5603, 30488, 74712, 74408, 93895, 103876, 8307, 12191, 47592, 13701, 142380, 177578, 899, 51087, 17906]

id 79
F = [144, 48, 10, 121, 130, 389, 35, 115, 34, 17, 150, 33, 11, 136, 49, 191, 503, 46, 277, 12, 53, 37, 31, 18, 186, 175, 200, 38, 204, 298]
F2 = [249, 131, 34, 216, 327, 109, 196, 17, 32, 34, 46, 2, 37, 42, 87, 192, 268, 737, 582, 26, 82, 443, 8, 120, 31, 17, 299, 440, 28, 5]
T = [71299, 17303, 3902, 49682, 45499, 132296, 13401, 39690, 14297, 6110, 51598, 12301, 4399, 49300, 17298, 70026, 170090, 16505, 94725, 5102, 21405, 13490, 12002, 7000, 62895, 61980, 300796, 14800, 70900, 102814]
T2 = [110085, 47888, 11402, 85799, 109193, 39100, 64896, 6100, 10804, 11296, 15203, 801, 12095, 13992, 29298, 83100, 93696, 248468, 213904, 8497, 27607, 149601, 2702, 39186, 10194, 5703, 99801, 149785, 9098, 1600]

id 80
F = [41, 194, 180, 9, 136, 45, 221, 12, 150, 59, 38, 53, 11, 40, 172, 44, 44, 11, 11, 42, 178, 38, 16, 41, 137, 356, 222, 48, 39, 36]
F2 = [17, 599, 331, 28, 37, 229, 596, 29, 151, 454, 10, 322, 31, 149, 669, 374, 2, 25, 22, 80, 91, 179, 167, 145, 39, 36, 96, 476, 152, 140]
T = [16099, 66086, 63090, 3601, 48994, 17599, 85201, 7501, 50302, 20500, 14996, 18602, 6501, 15499, 58985, 28406, 15894, 5895, 7299, 14504, 61699, 13506, 7189, 15296, 46602, 120014, 75013, 17997, 23306, 16293]
T2 = [5900, 263395, 118476, 9599, 14490, 77101, 198117, 10698, 50007, 152579, 3198, 112203, 13305, 64986, 234476, 141311, 601, 8601, 8305, 26698, 30197, 59313, 68615, 59805, 12895, 11694, 32290, 165188, 99108, 46799]

id 81
F = [365, 191, 35, 42, 125, 427, 10, 11, 6, 150, 124, 46, 9, 33, 58, 12, 48, 135, 225, 120, 137, 39, 208, 40, 56, 15, 35, 42, 30, 128]
F2 = [48, 16, 179, 252, 71, 68, 33, 27, 35, 39, 397, 4, 120, 13, 88, 478, 140, 89, 458, 266, 83, 248, 81, 147, 155, 143, 85, 250, 17, 363]
T = [126619, 64005, 13494, 15695, 42995, 259117, 4203, 5496, 3100, 50986, 42588, 17203, 4300, 12995, 20808, 5501, 17205, 44506, 76503, 41083, 58794, 13906, 71878, 15107, 31107, 6805, 12500, 21909, 11701, 45617]
T2 = [15903, 5198, 59111, 84199, 23899, 28315, 11096, 9303, 11797, 13301, 134020, 1401, 44378, 4101, 28993, 162891, 46387, 29402, 158797, 89190, 28910, 83601, 26697, 63098, 51407, 46904, 28999, 83598, 5704, 125484]

id 82
F = [10, 203, 458, 343, 52, 40, 69, 130, 36, 42, 39, 8, 57, 13, 34, 178, 36, 32, 41, 32, 44, 64, 43, 14, 48, 14, 36, 30, 38, 29]
F2 = [28, 90, 79, 76, 137, 358, 86, 33, 253, 153, 196, 31, 89, 19, 17, 339, 420, 93, 91, 155, 184, 595, 109, 519, 306, 261, 82, 389, 269, 146]
T = [4701, 68822, 169516, 115703, 18697, 13189, 23801, 46099, 14399, 15598, 15705, 5304, 21694, 5902, 14007, 61694, 12897, 12302, 14294, 13394, 17802, 22199, 16190, 5305, 17603, 4997, 12597, 12107, 14109, 10300]
T2 = [9501, 29801, 26803, 25514, 45895, 282920, 27895, 11097, 84310, 51492, 123804, 10403, 29399, 6402, 5505, 117785, 139521, 31001, 29604, 52785, 61414, 197696, 39985, 176514, 127001, 86797, 28201, 284893, 88691, 49007]

id 83
F = [27, 105, 11, 41, 369, 12, 191, 153, 36, 41, 44, 9, 32, 131, 50, 9, 46, 57, 13, 29, 13, 47, 36, 38, 186, 52, 17, 41, 131, 12]
F2 = [174, 617, 129, 396, 340, 25, 596, 47, 25, 147, 86, 36, 92, 925, 151, 483, 380, 268, 39, 15, 151, 91, 176, 149, 27, 94, 172, 15, 142, 34]
T = [11701, 40900, 5204, 15594, 122306, 4802, 65702, 51900, 15103, 14701, 15802, 3798, 12402, 46602, 17504, 3800, 16009, 34894, 6301, 18301, 5004, 16094, 18400, 14300, 65091, 18300, 6597, 15098, 44207, 5300]
T2 = [61284, 250787, 44703, 138813, 113402, 8401, 199814, 16003, 8299, 49292, 29091, 12098, 30598, 317162, 49991, 180512, 128420, 102898, 13700, 4900, 50309, 30195, 59675, 50505, 9002, 31410, 64903, 5501, 46910, 11598]

id 84
F = [123, 15, 36, 44, 172, 143, 189, 188, 30, 35, 130, 13, 347, 50, 182, 10, 39, 14, 138, 38, 35, 16, 33, 5, 40, 38, 49, 218, 31, 408]
F2 = [19, 186, 9, 247, 310, 88, 91, 27, 21, 142, 394, 23, 156, 254, 182, 137, 483, 127, 360, 137, 167, 143, 362, 849, 397, 323, 148, 90, 3, 64]
T = [41791, 7098, 13204, 15808, 62901, 49200, 64314, 63484, 11397, 15705, 44011, 5899, 117883, 17898, 61788, 4398, 17798, 8097, 72295, 15399, 14194, 8300, 13294, 2800, 14509, 13597, 16898, 97511, 11898, 138111]
T2 = [6496, 76990, 2999, 85623, 104005, 29691, 31005, 8800, 6701, 50911, 132009, 8297, 53508, 84589, 61816, 46005, 197991, 51090, 120608, 45507, 56496, 47412, 122588, 304726, 142090, 109302, 49695, 41096, 1001, 21299]

id 85
F = [43, 20, 49, 48, 44, 38, 19, 125, 228, 212, 38, 185, 41, 39, 141, 41, 46, 19, 36, 43, 354, 37, 216, 18, 47, 11, 33, 35, 134, 295]
F2 = [12, 28, 85, 96, 247, 15, 26, 18, 140, 32, 18, 300, 2, 18, 137, 182, 25, 117, 528, 183, 190, 4, 48, 22, 398, 294, 14, 137, 310, 68]
T = [15603, 7796, 17596, 16891, 15705, 17108, 7304, 42999, 77103, 73825, 14395, 61792, 18500, 13907, 49280, 15296, 16900, 7399, 13904, 16098, 118930, 13101, 73678, 8602, 18093, 4498, 15596, 14304, 60394, 99386]
T2 = [4202, 9093, 28608, 31595, 82007, 5500, 8703, 6200, 46797, 10704, 6497, 101709, 697, 6098, 46404, 62295, 8499, 39191, 177696, 61094, 63099, 1402, 15696, 7899, 150223, 97687, 5297, 54501, 120298, 22590]

id 86
F = [46, 137, 37, 283, 37, 38, 33, 10, 267, 40, 124, 116, 39, 48, 34, 29, 37, 193, 21, 40, 40, 150, 47, 35, 151, 11, 206, 33, 183, 147]
F2 = [298, 38, 145, 320, 146, 2, 5, 866, 101, 413, 688, 200, 17, 237, 230, 166, 17, 83, 133, 21, 148, 240, 18, 20, 39, 19, 287, 192, 648, 41]
T = [17298, 46207, 12499, 113699, 13699, 16907, 11401, 4501, 95665, 13903, 43089, 40090, 14594, 23093, 13301, 10702, 13206, 65104, 7995, 14899, 14802, 51899, 17703, 13302, 60410, 7699, 73119, 12102, 62017, 49595]
T2 = [102488, 13003, 48281, 110476, 49093, 600, 1801, 289515, 36401, 138701, 230595, 65794, 5801, 85781, 76884, 55523, 5805, 28098, 44496, 7305, 51804, 95191, 6605, 6799, 13501, 7401, 108337, 63506, 219305, 14010]

id 87
F = [152, 41, 182, 10, 38, 51, 11, 16, 38, 42, 52, 12, 152, 46, 133, 63, 196, 37, 261, 12, 37, 36, 39, 13, 60, 12, 39, 199, 41, 51]
F2 = [306, 142, 339, 129, 98, 92, 351, 121, 2, 525, 86, 147, 47, 485, 159, 100, 89, 465, 32, 183, 10, 462, 251, 144, 86, 122, 78, 648, 2, 111]
T = [52798, 15198, 62308, 4396, 13297, 17504, 5006, 6598, 14190, 15000, 20098, 5599, 52400, 16804, 45609, 41205, 139097, 20600, 90592, 7203, 13007, 13401, 15710, 5200, 21804, 5898, 14597, 68696, 15002, 17804]
T2 = [112910, 47895, 114616, 43483, 32084, 31709, 118493, 40700, 601, 176690, 30199, 50097, 15494, 163210, 53107, 34401, 37402, 189291, 10195, 80901, 3299, 160615, 84695, 48103, 38005, 45395, 26896, 227794, 601, 37311]

id 88
F = [10, 18, 202, 356, 44, 131, 35, 40, 132, 44, 36, 34, 220, 20, 41, 36, 9, 42, 38, 51, 176, 49, 13, 33, 37, 43, 32, 58, 505, 32]
F2 = [141, 140, 299, 182, 135, 300, 6, 13, 257, 397, 2, 351, 127, 516, 21, 142, 29, 139, 779, 421, 162, 163, 126, 179, 201, 326, 12, 198, 7, 5]
T = [4097, 8196, 79110, 121841, 16597, 45296, 12701, 14399, 54806, 15404, 13603, 12502, 75277, 7505, 14788, 15798, 4304, 15302, 13504, 17396, 75303, 47293, 19500, 11895, 16504, 16509, 11595, 28198, 219500, 11201]
T2 = [46505, 59287, 100306, 60493, 44612, 100010, 2301, 4599, 128187, 132909, 601, 132211, 42801, 177344, 7302, 56198, 11102, 47000, 348911, 147791, 57806, 58097, 51730, 60509, 79108, 136901, 3894, 69707, 2501, 1500]

id 89
F = [44, 31, 201, 40, 46, 11, 43, 175, 52, 12, 43, 8, 11, 34, 140, 43, 38, 11, 130, 13, 7, 43, 210, 34, 184, 256, 152, 40, 48, 8]
F2 = [172, 152, 88, 105, 182, 246, 663, 150, 147, 28, 24, 199, 501, 115, 44, 834, 192, 121, 265, 143, 183, 353, 93, 241, 465, 28, 286, 16, 242, 35]
T = [15795, 13406, 69001, 14804, 17809, 5303, 15997, 59811, 19995, 5004, 16599, 3201, 4700, 13602, 47695, 15702, 13406, 4701, 45196, 5601, 4401, 15496, 71282, 13300, 62183, 85608, 75904, 14599, 18903, 5000]
T2 = [58605, 60305, 29407, 34605, 60605, 88911, 222125, 49606, 49779, 9601, 7998, 67300, 166379, 38399, 14297, 284604, 69315, 41006, 91488, 48087, 61700, 127366, 30808, 81078, 174617, 9296, 107327, 5398, 81602, 11798]

id 90
F = [41, 53, 138, 31, 165, 43, 238, 47, 48, 44, 38, 32, 36, 41, 190, 37, 200, 41, 161, 397, 38, 168, 47, 13, 19, 17, 53, 58, 247, 129]
F2 = [2, 240, 99, 254, 666, 239, 282, 183, 79, 147, 321, 447, 243, 260, 32, 187, 304, 7, 81, 102, 181, 179, 472, 27, 33, 27, 201, 83, 25, 302]
T = [15704, 25100, 50099, 11991, 56907, 15299, 83897, 16693, 17184, 15199, 14896, 13103, 15495, 17399, 64690, 14398, 70000, 15100, 54605, 137500, 14803, 67202, 16397, 5000, 11902, 6100, 18203, 20208, 99715, 42586]
T2 = [601, 90811, 36107, 86394, 222608, 80511, 94222, 61390, 26508, 56307, 106200, 152385, 103916, 138028, 10499, 692799, 114781, 2099, 27106, 34400, 66015, 66997, 161693, 9296, 14104, 8898, 72983, 27377, 10505, 99379]

id 91
F = [33, 125, 119, 15, 40, 13, 45, 205, 144, 368, 31, 17, 9, 171, 38, 57, 279, 395, 210, 38, 287, 45, 178, 129, 41, 15, 42, 51, 71, 40]
F2 = [379, 20, 250, 40, 474, 15, 196, 32, 92, 131, 282, 138, 25, 13, 142, 86, 37, 99, 99, 32, 36, 251, 160, 277, 247, 27, 25, 144, 162, 481]
T = [11798, 42308, 45400, 5998, 13798, 5598, 16805, 76406, 50093, 146026, 10703, 8597, 3599, 56698, 19103, 19607, 103788, 135274, 71510, 15400, 104530, 15903, 86199, 46695, 16200, 8103, 14392, 17204, 24894, 15502]
T2 = [128204, 6503, 94914, 13102, 172199, 5202, 77706, 11511, 30892, 43395, 94122, 65415, 8190, 4396, 54909, 32818, 14206, 33487, 32898, 11295, 13492, 84477, 54418, 105203, 82903, 11805, 8399, 47823, 56193, 162573]

id 92
F = [44, 181, 38, 41, 142, 123, 44, 140, 430, 192, 39, 9, 40, 132, 44, 129, 8, 46, 140, 13, 38, 49, 40, 45, 30, 300, 39, 38, 57, 134]
F2 = [134, 319, 3, 13, 152, 40, 153, 38, 856, 303, 154, 34, 463, 38, 176, 42, 35, 132, 290, 127, 172, 91, 148, 19, 153, 198, 134, 84, 87, 16]
T = [16097, 61701, 13799, 14497, 67398, 41594, 16903, 47489, 164582, 69914, 14799, 4905, 13600, 46009, 15810, 46105, 3699, 16094, 51294, 5904, 14090, 17388, 14205, 19994, 11402, 101604, 14798, 16102, 20593, 46705]
T2 = [45298, 112210, 898, 4496, 50886, 13597, 51101, 12309, 322986, 103586, 51799, 14107, 153655, 13000, 59114, 14007, 11996, 42985, 112371, 42200, 58586, 29608, 49411, 7098, 51386, 70205, 44413, 52020, 29800, 5294]

id 93
F = [176, 285, 38, 11, 137, 319, 290, 33, 16, 55, 41, 147, 287, 195, 40, 135, 180, 479, 19, 44, 11, 36, 11, 16, 53, 47, 16, 33, 12, 29]
F2 = [13, 9, 80, 506, 160, 147, 204, 145, 131, 230, 409, 82, 91, 131, 477, 74, 163, 135, 506, 88, 124, 399, 133, 313, 135, 389, 23, 5, 482, 82]
T = [59311, 95688, 15407, 5996, 45498, 108707, 97602, 11796, 6900, 19989, 15499, 49893, 96718, 72977, 14201, 53096, 70018, 166373, 7895, 16200, 6598, 12902, 4793, 6808, 19000, 16403, 7101, 11804, 5900, 10701]
T2 = [4000, 2903, 27695, 263891, 54595, 49689, 67802, 49492, 58311, 78609, 136082, 28206, 29806, 51602, 170140, 34813, 87003, 45899, 203996, 30383, 40309, 133894, 44613, 105974, 44802, 130406, 7796, 1600, 175003, 27798]

id 94
F = [412, 141, 43, 36, 182, 144, 166, 11, 40, 167, 40, 43, 42, 186, 36, 42, 34, 49, 181, 139, 188, 32, 36, 33, 37, 10, 13, 40, 20, 106]
F2 = [90, 447, 98, 176, 101, 151, 16, 29, 194, 31, 341, 246, 135, 671, 3, 261, 242, 11, 13, 285, 342, 12, 228, 403, 16, 28, 23, 134, 326, 19]
T = [146494, 54509, 16395, 13710, 61581, 48694, 68282, 4600, 15190, 58306, 15404, 15200, 15396, 62474, 13913, 16694, 11702, 17898, 78185, 49103, 64234, 15407, 16699, 12096, 21494, 4400, 5699, 14590, 8997, 36296]
T2 = [30696, 152623, 37209, 60700, 34808, 50233, 7003, 9999, 64304, 9906, 114278, 82910, 46800, 233501, 1000, 86413, 79486, 3502, 4401, 95286, 545022, 5202, 82091, 140710, 6504, 9593, 7398, 44517, 110102, 6402]

id 95
F = [143, 33, 181, 42, 48, 48, 35, 17, 9, 33, 34, 178, 52, 36, 5, 199, 288, 39, 57, 17, 187, 182, 11, 58, 51, 165, 46, 40, 22, 8]
F2 = [269, 27, 298, 468, 257, 149, 464, 34, 643, 2, 266, 552, 144, 316, 183, 31, 38, 243, 78, 136, 219, 188, 23, 752, 320, 11, 250, 1252, 31, 131]
T = [49599, 12796, 62418, 15607, 18608, 20994, 12697, 7601, 3898, 12493, 14003, 60387, 18600, 13196, 3199, 66012, 96998, 14313, 20602, 6599, 65902, 60913, 4796, 20600, 20582, 61597, 16700, 16006, 8604, 3899]
T2 = [90021, 9298, 101017, 167815, 85294, 67180, 156582, 12503, 216519, 701, 92185, 183060, 47509, 105423, 60782, 10303, 12798, 83802, 26910, 46087, 79179, 66088, 7703, 251118, 123584, 3803, 155386, 494263, 10600, 43808]

id 96
F = [185, 53, 20, 208, 38, 128, 13, 16, 184, 35, 135, 10, 32, 7, 46, 25, 12, 35, 154, 225, 57, 150, 7, 137, 152, 33, 183, 49, 13, 11]
F2 = [79, 206, 23, 51, 458, 237, 25, 125, 94, 154, 20, 34, 195, 29, 135, 12, 472, 20, 42, 126, 90, 71, 40, 348, 39, 10, 142, 209, 277, 28]
T = [62311, 20093, 8103, 103111, 14007, 44189, 4701, 6197, 62189, 12403, 47516, 4602, 11797, 3702, 17714, 9900, 6598, 13099, 51800, 76609, 23109, 52706, 4099, 47190, 52089, 12603, 62601, 17702, 4500, 4305]
T2 = [26601, 68818, 8008, 22101, 163099, 79393, 8196, 41606, 30998, 51309, 6598, 11094, 65397, 10995, 44399, 3897, 182332, 6899, 13699, 41594, 31516, 23599, 15197, 133267, 12796, 4505, 48212, 69109, 91501, 8995]

id 97
F = [15, 18, 38, 39, 37, 45, 147, 9, 141, 6, 37, 45, 27, 148, 185, 49, 142, 35, 29, 47, 46, 34, 134, 32, 134, 33, 41, 135, 32, 39]
F2 = [127, 144, 17, 242, 407, 156, 373, 129, 156, 34, 7, 217, 274, 41, 86, 89, 38, 461, 397, 263, 86, 2, 36, 318, 85, 408, 143, 35, 144, 135]
T = [6300, 6895, 14298, 15309, 14298, 20108, 49195, 4700, 48308, 3101, 16295, 23699, 10996, 54392, 62913, 18394, 48391, 17002, 16498, 16902, 16091, 12603, 46999, 11097, 45799, 12307, 18898, 46100, 11802, 16404]
T2 = [44191, 47801, 6900, 79696, 158905, 57317, 126495, 49190, 54094, 11498, 3298, 77685, 90497, 15194, 28696, 44200, 13003, 187118, 138498, 88097, 28583, 698, 12603, 107395, 30895, 136289, 60892, 11705, 48294, 81798]

id 98
F = [28, 187, 47, 189, 34, 36, 53, 33, 55, 509, 40, 442, 9, 39, 11, 186, 58, 53, 181, 36, 275, 60, 38, 31, 36, 184, 45, 10, 39, 42]
F2 = [255, 107, 3, 84, 143, 186, 80, 138, 273, 104, 110, 46, 169, 16, 139, 117, 814, 91, 574, 76, 27, 303, 388, 80, 237, 19, 312, 28, 86, 14]
T = [10605, 62695, 16499, 64115, 22106, 12898, 18506, 16088, 19499, 209902, 15291, 150300, 5299, 22392, 6298, 62784, 22903, 22106, 61487, 12597, 98188, 21393, 14804, 11201, 13200, 63192, 17294, 4104, 13397, 15899]
T2 = [86314, 34905, 999, 28392, 52282, 62293, 26896, 52296, 91995, 34808, 36611, 15590, 57404, 7205, 55808, 40899, 282299, 32701, 197216, 24910, 8695, 100507, 129485, 26393, 79515, 6297, 103990, 9902, 29305, 4698]

id 99
F = [43, 37, 58, 34, 11, 144, 44, 19, 43, 36, 139, 41, 35, 131, 41, 49, 190, 42, 34, 44, 201, 38, 54, 44, 42, 37, 32, 41, 415, 8]
F2 = [179, 203, 430, 254, 27, 41, 773, 249, 139, 153, 135, 294, 120, 371, 460, 280, 321, 243, 2, 136, 136, 183, 146, 168, 17, 85, 3, 114, 410, 324]
T = [15500, 16609, 20394, 13796, 5603, 50074, 16707, 9293, 15511, 19299, 47499, 17909, 12405, 46094, 14900, 18398, 81988, 15801, 12100, 20400, 67709, 13704, 21390, 22602, 14801, 18397, 11788, 15196, 154779, 3703]
T2 = [60924, 97899, 157005, 112078, 9299, 13694, 260958, 143107, 46312, 52311, 45095, 99090, 40707, 126064, 157094, 101114, 118644, 81089, 699, 54413, 45303, 60685, 50312, 72879, 5890, 36304, 999, 37895, 176213, 118902]

